    10804715           1  0.67323279021058213     
    10804715           2   1.0045336078261657     
    10804715           3   1.3222336019632523     
    11413400           1  0.65711439812315020     
    11413400           2   1.1141324903057237     
    11413400           3   1.2287531115711261     
    11560653           1  0.89201363946576295     
    11560653           2   1.1859235827366268     
    11560653           3  0.92206277779761048     
    11629999           1  0.79402388595825679     
    11629999           2   1.1380733116211950     
    11629999           3   1.0679028024205479     
    11869519           1  0.95175129643507628     
    11869519           2  0.71948167405253094     
    11869519           3   1.3287670295123932     
    12030503           1   1.2379412186288272     
    12030503           2  0.76720852293953168     
    12030503           3  0.99485025843164132     
    12040067           1   1.0188028893595289     
    12040067           2   1.1563593298993642     
    12040067           3  0.82483778074110681     
    12041720           1  0.97879304960408808     
    12041720           2  0.92080560830134106     
    12041720           3   1.1004013420945711     
    12058689           1  0.83592420603938500     
    12058689           2  0.84432715042228246     
    12058689           3   1.3197486435383323     
    12126739           1  0.67839567309957938     
    12126739           2   1.0519364325425737     
    12126739           3   1.2696678943578465     
    12127085           1   1.6423890441110636     
    12127085           2  0.67483366784606591     
    12127085           3  0.68277728804287052     
    12145901           1   1.5413788816536980     
    12145901           2  0.35080142792478325     
    12145901           3   1.1078196904215187     
    12178872           1   1.1685427920005464     
    12178872           2  0.87932784526293362     
    12178872           3  0.95212936273652016     
    12189391           1  0.79978789461183120     
    12189391           2   1.1670525269354111     
    12189391           3   1.0331595784527576     
    12193027           1  0.98404982294907062     
    12193027           2   1.0437269473995308     
    12193027           3  0.97222322965139907     
    12215160           1  0.62282498487174487     
    12215160           2   1.0799067672554985     
    12215160           3   1.2972682478727569     
    12227506           1  0.89892206263478980     
    12227506           2  0.91934300799871660     
    12227506           3   1.1817349293664934     
    12232023           1   1.3763998300796170     
    12232023           2  0.55148018247067876     
    12232023           3   1.0721199874497043     
    12237128           1   1.1040690631380456     
    12237128           2  0.68156859629596045     
    12237128           3   1.2143623405659938     
    12249046           1  0.33334821050375429     
    12249046           2   1.2802238354032498     
    12249046           3   1.3864279540929958     
    12249711           1  0.38681232008376876     
    12249711           2   1.4771317209386836     
    12249711           3   1.1360559589775474     
    12255656           1   1.4527776594874271     
    12255656           2  0.72129428238158166     
    12255656           3  0.82592805813099124     
    12259197           1   1.1540601336868015     
    12259197           2  0.95208735393749622     
    12259197           3  0.89385251237570229     
    12265046           1   1.1610334289922841     
    12265046           2  0.99711876157677104     
    12265046           3  0.84184780943094528     
    12267542           1   1.2854251390441354     
    12267542           2  0.85313614311805119     
    12267542           3  0.86143871783781378     
    12276933           1  0.90270818479473036     
    12276933           2  0.92649343190790800     
    12276933           3   1.1707983832973614     
    12277682           1   1.2399994801739136     
    12277682           2   1.2723316540134126     
    12277682           3  0.48766886581267332     
    12282232           1   1.0750720309879462     
    12282232           2  0.87574532340966660     
    12282232           3   1.0491826456023865     
    12284062           1   1.1045239956335497     
    12284062           2   1.3162972046855550     
    12284062           3  0.57917879968089503     
    12290173           1  0.82667094810187658     
    12290173           2   1.2688441724511377     
    12290173           3  0.90448487944698575     
    12291563           1  0.63238202697837498     
    12291563           2   1.1183007592683403     
    12291563           3   1.2493172137532849     
    12308359           1   1.1808172901511007     
    12308359           2  0.76748542619084759     
    12308359           3   1.0516972836580518     
    12308741           1  0.68345302049861822     
    12308741           2  0.99654797891019009     
    12308741           3   1.3199990005911917     
    12319180           1  0.65353697990323567     
    12319180           2   1.1019127180722799     
    12319180           3   1.2445503020244844     
    12321151           1  0.73366081093917257     
    12321151           2  0.98472338216723421     
    12321151           3   1.2816158068935934     
    12328385           1  0.81661969126191081     
    12328385           2   1.0865282487171415     
    12328385           3   1.0968520600209477     
    12328737           1  0.76335941474339186     
    12328737           2   1.2057453245914762     
    12328737           3   1.0308952606651318     
    12338831           1  0.67845880415224258     
    12338831           2   1.1249798229118149     
    12338831           3   1.1965613729359426     
    12338843           1  0.49799917438086078     
    12338843           2   1.3931644333697606     
    12338843           3   1.1088363922493789     
    12353184           1  0.54540231738556999     
    12353184           2   1.6742990492934073     
    12353184           3  0.78029863332102278     
    12366258           1  0.50231978492139240     
    12366258           2   1.2692468288204162     
    12366258           3   1.2284333862581913     
    12383166           1  0.56455356084128017     
    12383166           2  0.87955081978944183     
    12383166           3   1.5558956193692779     
    12390176           1  0.60139069246714505     
    12390176           2   1.1060049166365113     
    12390176           3   1.2926043908963436     
    12391927           1  0.68255231373025227     
    12391927           2   1.1489324484942836     
    12391927           3   1.1685152377754642     
    12392407           1   1.0999067186717790     
    12392407           2   1.4031220909610282     
    12392407           3  0.49697119036719301     
    12408214           1   1.1777502613481527     
    12408214           2  0.78082392541353585     
    12408214           3   1.0414258132383114     
    12410510           1  0.60756572955233334     
    12410510           2   1.0437253107583744     
    12410510           3   1.3487089596892921     
    12414339           1   1.0600466297277407     
    12414339           2  0.89758954278334646     
    12414339           3   1.0423638274889127     
    12417158           1  0.79503096558934894     
    12417158           2  0.96103801023528335     
    12417158           3   1.2439310241753674     
    12444485           1   1.3039954469190600     
    12444485           2  0.96118891571566933     
    12444485           3  0.73481563736527111     
    12445968           1   1.3466175960465885     
    12445968           2  0.79534907973258939     
    12445968           3  0.85803332422082157     
    12464069           1  0.74242725326044001     
    12464069           2   1.1386576234923749     
    12464069           3   1.1189151232471850     
    12473384           1  0.74105944689431535     
    12473384           2  0.99175938023671129     
    12473384           3   1.2671811728689732     
    12474932           1  0.82139335900068300     
    12474932           2  0.88794783425692669     
    12474932           3   1.2906588067423905     
    12478848           1  0.59145159955674154     
    12478848           2   1.2313365351546897     
    12478848           3   1.1772118652885692     
    12491157           1  0.25670559204298760     
    12491157           2   1.7639190940551970     
    12491157           3  0.97937531390181509     
    12495047           1   1.2857176210752559     
    12495047           2  0.83617983462825507     
    12495047           3  0.87810254429648904     
    12508457           1   1.4268402866076833     
    12508457           2  0.65406543956696794     
    12508457           3  0.91909427382534870     
    12518434           1   1.4216854186419885     
    12518434           2  0.79446232176547515     
    12518434           3  0.78385225959253646     
    12522717           1   1.0134843253821022     
    12522717           2  0.68581336871354470     
    12522717           3   1.3007023059043530     
    12530843           1   1.3332543568130411     
    12530843           2  0.61775514910194396     
    12530843           3   1.0489904940850148     
    12535953           1  0.77586261749695817     
    12535953           2   1.5303114092464036     
    12535953           3  0.69382597325663864     
    12539422           1  0.87296461750492349     
    12539422           2   1.6469258957566202     
    12539422           3  0.48010948673845638     
    12549991           1   1.0876926241976250     
    12549991           2   1.1114417254925275     
    12549991           3  0.80086565030984747     
    12556220           1  0.89014636040427186     
    12556220           2   1.0110563355970481     
    12556220           3   1.0987973039986798     
    12557251           1  0.51839786416011091     
    12557251           2   1.4636235887453799     
    12557251           3   1.0179785470945093     
    12561046           1  0.92766981391441861     
    12561046           2   1.0124017900479712     
    12561046           3   1.0599283960376100     
    12565912           1  0.60708874015237269     
    12565912           2   1.0664196113109758     
    12565912           3   1.3264916485366518     
    12567208           1  0.74005933092328180     
    12567208           2   1.1027516108654549     
    12567208           3   1.1571890582112634     
    12569520           1   1.4456128640462047     
    12569520           2  0.85611970442293794     
    12569520           3  0.69826743153085746     
    12570394           1   1.0795827563129556     
    12570394           2   1.6510581281741235     
    12570394           3  0.26935911551292085     
    12573382           1  0.72361789606730098     
    12573382           2   1.5361421277288614     
    12573382           3  0.74023997620383764     
    12584260           1  0.82892047751711462     
    12584260           2  0.87298468940305829     
    12584260           3   1.2980948330798270     
    12588144           1  0.79341040085043102     
    12588144           2  0.77934483218424921     
    12588144           3   1.4272447669653201     
    12599048           1   1.2643602345363012     
    12599048           2  0.59466140246272292     
    12599048           3   1.1409783630009758     
    12607629           1  0.92826830844387265     
    12607629           2  0.75604239632938930     
    12607629           3   1.3156892952267383     
    12607897           1   1.0847443675719211     
    12607897           2  0.80607639291649857     
    12607897           3   1.1091792395115805     
    12616696           1   1.2918444311112851     
    12616696           2  0.73060514548860733     
    12616696           3  0.97755042340010767     
    12621205           1  0.82309467534818315     
    12621205           2   1.0544805169155411     
    12621205           3   1.1224248077362760     
    12625581           1   1.1102831522120469     
    12625581           2   1.0904148318645370     
    12625581           3  0.79930201592341621     
    12630872           1   1.2295447256098502     
    12630872           2   1.0279107684480078     
    12630872           3  0.74254450594214194     
    12635233           1   1.4103554795514015     
    12635233           2  0.68423778432617055     
    12635233           3  0.90540673612242784     
    12638231           1   1.1764438353981144     
    12638231           2   1.1151228734727208     
    12638231           3  0.70843329112916453     
    12644561           1   1.1057909882023436     
    12644561           2  0.57322666176430137     
    12644561           3   1.3209823500333548     
    12649754           1  0.79536371733063571     
    12649754           2  0.67677866638714557     
    12649754           3   1.5278576162822186     
    12649915           1  0.72411097001668323     
    12649915           2   1.6684165107577957     
    12649915           3  0.60747251922552137     
    12653149           1   1.1242043820913084     
    12653149           2  0.92986614513853261     
    12653149           3  0.94592947277015904     
    12658397           1   1.0490748168976758     
    12658397           2  0.97874626299267908     
    12658397           3  0.97217892010964524     
    12663379           1  0.91001208990595894     
    12663379           2  0.63515207703751209     
    12663379           3   1.4548358330565292     
    12669120           1  0.79619061782379685     
    12669120           2  0.84464888275051075     
    12669120           3   1.3591604994256923     
    12669380           1   1.1749398145995751     
    12669380           2  0.71745599826798501     
    12669380           3   1.1076041871324394     
    12669799           1   1.0590845850177768     
    12669799           2  0.67363713100763856     
    12669799           3   1.2672782839745844     
    12670166           1  0.93734195743528104     
    12670166           2  0.86722520922988144     
    12670166           3   1.1954328333348370     
    12670864           1   1.3608858937767436     
    12670864           2  0.80377632552407907     
    12670864           3  0.83533778069917697     
    12672756           1  0.79923578096609493     
    12672756           2  0.89124283516983727     
    12672756           3   1.3095213838640680     
    12678486           1  0.78654601239066813     
    12678486           2   1.0393909932293841     
    12678486           3   1.1740629943799481     
    12680604           1  0.89547346941763994     
    12680604           2   1.0078614179436303     
    12680604           3   1.0966651126387297     
    12689230           1  0.85805724053950361     
    12689230           2   1.1966015081065857     
    12689230           3  0.94534125135391067     
    12690350           1  0.94368640266990411     
    12690350           2  0.92067651719484311     
    12690350           3   1.1356370801352529     
    12693598           1  0.98413426205624166     
    12693598           2   1.0631383311499214     
    12693598           3  0.95272740679383683     
    12699129           1  0.77348912941581616     
    12699129           2  0.83625182587841684     
    12699129           3   1.3902590447057670     
    12699501           1   1.1450000904291175     
    12699501           2  0.74991734090043571     
    12699501           3   1.1050825686704466     
    12700429           1  0.99995252270957546     
    12700429           2  0.40229917121921294     
    12700429           3   1.5977483060712119     
    12702506           1  0.91016304177390173     
    12702506           2  0.92934533566021260     
    12702506           3   1.1604916225658859     
    12703660           1   1.1655738067825643     
    12703660           2  0.90935856579620267     
    12703660           3  0.92506762742123283     
    12706853           1   1.0265698694168359     
    12706853           2  0.76881213791313185     
    12706853           3   1.2046179926700318     
    12707617           1  0.79629514928043754     
    12707617           2   1.2799269518621952     
    12707617           3  0.92377789885736727     
    12713886           1  0.93393787839241427     
    12713886           2   1.1311451561526145     
    12713886           3  0.93491696545497116     
    12714521           1  0.77684706063252085     
    12714521           2   1.2135747690915060     
    12714521           3   1.0095781702759732     
    12715057           1   1.0978725099703215     
    12715057           2  0.97633459246483278     
    12715057           3  0.92579289756484584     
    12716383           1  0.73959131218447349     
    12716383           2   1.1039514441236631     
    12716383           3   1.1564572436918636     
    12716584           1  0.47675514686441994     
    12716584           2   1.6363237684195646     
    12716584           3  0.88692108471601538     
    12720682           1   1.0493592046784337     
    12720682           2  0.98832690294123338     
    12720682           3  0.96231389238033316     
    12726568           1   1.0466805533567800     
    12726568           2  0.79396627730116276     
    12726568           3   1.1593531693420576     
    12728755           1  0.63160479199663833     
    12728755           2   1.3277531199198802     
    12728755           3   1.0406420880834817     
    12731823           1   1.0675879259558745     
    12731823           2   1.2332517804686769     
    12731823           3  0.69916029357544873     
    12732441           1   1.5573466659812725     
    12732441           2  0.76917134328951930     
    12732441           3  0.67348199072920800     
    12736514           1   1.1611115554822482     
    12736514           2  0.75567628970460710     
    12736514           3   1.0832121548131448     
    12737626           1  0.84812959158331913     
    12737626           2   1.0608133201250529     
    12737626           3   1.0910570882916277     
    12740199           1   1.0596333430131544     
    12740199           2   1.0664918591114809     
    12740199           3  0.87387479787536448     
    12740594           1   1.1897537392496029     
    12740594           2  0.99015925154165407     
    12740594           3  0.82008700920874333     
    12742659           1  0.89843500477282801     
    12742659           2   1.1304251901256508     
    12742659           3  0.97113980510152109     
    12744592           1  0.90601600810399785     
    12744592           2  0.69701001804526541     
    12744592           3   1.3969739738507372     
    12748659           1  0.57563650386082366     
    12748659           2   1.2540032957565195     
    12748659           3   1.1703602003826565     
    12750597           1  0.54365096420134573     
    12750597           2   1.4210708883790677     
    12750597           3   1.0352781474195865     
    12751274           1   1.1811860298797001     
    12751274           2  0.83508202156384648     
    12751274           3  0.98373194855645330     
    12753348           1  0.32604805241695567     
    12753348           2   1.2521875775490139     
    12753348           3   1.4217643700340308     
    12754111           1  0.83182339818155415     
    12754111           2   1.1563334982312545     
    12754111           3   1.0118431035871915     
    12754658           1   1.3279473799059649     
    12754658           2   1.5385835430162742     
    12754658           3  0.13346907707776048     
    12757166           1  0.77752173056557439     
    12757166           2   1.4653127395221448     
    12757166           3  0.75716552991228103     
    12758254           1  0.67343945157386409     
    12758254           2  0.89498274265996658     
    12758254           3   1.4315778057661692     
    12758559           1   1.0278575990730294     
    12758559           2   1.1290143727786661     
    12758559           3  0.84312802814830412     
    12764485           1   1.3058254388760078     
    12764485           2   1.4273702809355264     
    12764485           3  0.26680428018846569     
    12765396           1  0.86493013760360948     
    12765396           2   1.0818831020940247     
    12765396           3   1.0531867603023657     
    12766280           1  0.29026163510213665     
    12766280           2   1.5915612758071140     
    12766280           3   1.1181770890907496     
    12768591           1   1.2691819092334213     
    12768591           2  0.75360618211653685     
    12768591           3  0.97721190865004193     
    12769413           1  0.89811230841417589     
    12769413           2   1.0467149162243741     
    12769413           3   1.0551727753614499     
    12772534           1  0.84934927450371411     
    12772534           2   1.0025616995403348     
    12772534           3   1.1480890259559509     
    12778655           1  0.90132995797276461     
    12778655           2   1.2990773975299061     
    12778655           3  0.79959264449732903     
    12778659           1  0.85126220377681350     
    12778659           2  0.95392078198848185     
    12778659           3   1.1948170142347043     
    12779120           1  0.68178921844335039     
    12779120           2   1.1915435360644990     
    12779120           3   1.1266672454921502     
    12780561           1  0.70364089950944719     
    12780561           2   1.2756747901538172     
    12780561           3   1.0206843103367356     
    12781139           1  0.78184002624987337     
    12781139           2  0.88349707172639802     
    12781139           3   1.3346629020237288     
    12790405           1  0.85833340466098806     
    12790405           2  0.85287483976866951     
    12790405           3   1.2887917555703423     
    12790470           1   1.0980916535903567     
    12790470           2   1.0838105844906516     
    12790470           3  0.81809776191899142     
    12791496           1   1.2954946238125511     
    12791496           2  0.74201833379694893     
    12791496           3  0.96248704239049998     
    12793428           1   1.0018672427646902     
    12793428           2   1.0211617702095275     
    12793428           3  0.97697098702578267     
    12794390           1   1.2408502301826945     
    12794390           2   1.0278069954580364     
    12794390           3  0.73134277435926864     
    12795293           1   1.1296117670057182     
    12795293           2   1.5098618585757564     
    12795293           3  0.36052637441852575     
    12801660           1   1.1079679332544814     
    12801660           2  0.77247467397287772     
    12801660           3   1.1195573927726410     
    12801832           1   1.0225112396662448     
    12801832           2  0.74714537334581510     
    12801832           3   1.2303433869879399     
    12802136           1  0.64208840871536665     
    12802136           2   1.1968912483475300     
    12802136           3   1.1610203429371035     
    12803630           1  0.94172109047678354     
    12803630           2  0.81831300813860819     
    12803630           3   1.2399659013846083     
    12803942           1  0.90007399739463900     
    12803942           2   1.1900908928954739     
    12803942           3  0.90983510970988712     
    12806122           1   1.1577191874914856     
    12806122           2  0.91970928280508801     
    12806122           3  0.92257152970342649     
    12808147           1  0.76388616376373508     
    12808147           2   1.3637761271990008     
    12808147           3  0.87233770903726460     
    12809816           1  0.88510484600030792     
    12809816           2  0.92796759259985406     
    12809816           3   1.1869275613998378     
    12810382           1   1.0506534244931967     
    12810382           2  0.80565567832605089     
    12810382           3   1.1436908971807527     
    12810778           1   1.4037182434622828     
    12810778           2  0.66971812025857969     
    12810778           3  0.92656363627913818     
    12812451           1  0.72905323573832093     
    12812451           2   1.0182632755594740     
    12812451           3   1.2526834887022051     
    12814250           1   3.3975265082901343E-002
    12814250           2   1.6468129770191862     
    12814250           3   1.3192117578979123     
    12816138           1  0.75167387500987770     
    12816138           2   1.1938126188458515     
    12816138           3   1.0545135061442705     
    12816577           1   1.1063162612112079     
    12816577           2  0.75447549598473895     
    12816577           3   1.1392082428040535     
    12817524           1  0.98669697957239288     
    12817524           2  0.76206358734731194     
    12817524           3   1.2512394330802952     
    12819442           1   1.0288172204224137     
    12819442           2  0.91874050513039440     
    12819442           3   1.0524422744471917     
    12822222           1  0.98954937658796782     
    12822222           2  0.79372298236656591     
    12822222           3   1.2167276410454666     
    12823084           1   1.1236523006375121     
    12823084           2  0.80582749872512571     
    12823084           3   1.0705202006373624     
    12824790           1  0.88130985567557896     
    12824790           2  0.86107236452860336     
    12824790           3   1.2576177797958179     
    12827245           1  0.93611077050563718     
    12827245           2   1.3581417112840828     
    12827245           3  0.70574751821028003     
    12827877           1   1.0974219312429376     
    12827877           2   1.3572924450346073     
    12827877           3  0.54528562372245470     
    12834625           1   1.0586647285710729     
    12834625           2   1.6426394885351250     
    12834625           3  0.29869578289380261     
    12834726           1   1.3232910843810675     
    12834726           2  0.54998430846307378     
    12834726           3   1.1267246071558588     
    12834948           1  0.92709642543790804     
    12834948           2  0.96220639164637523     
    12834948           3   1.1106971829157168     
    12836662           1  0.67717555394050466     
    12836662           2   1.3647114969118705     
    12836662           3  0.95811294914762513     
    12839605           1   1.1335088189950577     
    12839605           2   1.4174956272022416     
    12839605           3  0.44899555380270040     
    12840160           1   1.2195074639917192     
    12840160           2  0.64293003250053027     
    12840160           3   1.1375625035077503     
    12842907           1   1.0076343576220244     
    12842907           2  0.83454892672748926     
    12842907           3   1.1578167156504859     
    12843004           1  0.72220930732898803     
    12843004           2   1.5110967145238461     
    12843004           3  0.76669397814716567     
    12848020           1  0.87074374334064664     
    12848020           2   1.1895141626033523     
    12848020           3  0.93974209405600140     
    12850344           1  0.90419421458603744     
    12850344           2   1.0288205161870116     
    12850344           3   1.0669852692269504     
    12851158           1  0.86638698735348096     
    12851158           2   1.0811448868466293     
    12851158           3   1.0524681257998898     
    12853261           1  0.81641010715844342     
    12853261           2  0.98653933624372081     
    12853261           3   1.1970505565978355     
    12853631           1  0.68363066413168561     
    12853631           2   1.1483978294069170     
    12853631           3   1.1679715064613976     
    12855078           1   1.0559999277672070     
    12855078           2  0.67113552404955901     
    12855078           3   1.2728645481832341     
    12855878           1   1.3951139945939794     
    12855878           2  0.61047690480948213     
    12855878           3  0.99440910059653886     
    12857474           1   1.3396387418779212     
    12857474           2  0.81590987808508719     
    12857474           3  0.84445138003699149     
    12858435           1   1.3920941172332144     
    12858435           2   1.1131382487121446     
    12858435           3  0.49476763405464086     
    12861357           1   1.2313073085534658     
    12861357           2   1.6213438176233597     
    12861357           3  0.14734887382317455     
    12862891           1  0.68679398337953534     
    12862891           2   1.0383703085673952     
    12862891           3   1.2748357080530694     
    12863248           1  0.98401234795615822     
    12863248           2  0.88057240645754520     
    12863248           3   1.1354152455862967     
    12866526           1   1.1155725906329679     
    12866526           2  0.92272650863037775     
    12866526           3  0.96170090073665460     
    12868471           1  0.50462460416124466     
    12868471           2   1.6182504310931940     
    12868471           3  0.87712496474556156     
    12868746           1   1.0360587297840571     
    12868746           2   1.0739099477281060     
    12868746           3  0.89003132248783690     
    12870236           1   1.0697930324806062     
    12870236           2  0.70266790957749936     
    12870236           3   1.2275390579418948     
    12870613           1   1.6249477603542253     
    12870613           2   9.3736596650160736E-002
    12870613           3   1.2813156429956145     
    12870965           1   1.1041369787898561     
    12870965           2  0.86955438024764120     
    12870965           3   1.0263086409625026     
    12871755           1  0.70178329604453027     
    12871755           2   1.1278823273377883     
    12871755           3   1.1703343766176812     
    12875891           1   1.2138784715241722     
    12875891           2  0.77872921160697184     
    12875891           3   1.0073923168688557     
    12880039           1  0.96683757545020899     
    12880039           2  0.85163761268514715     
    12880039           3   1.1815248118646444     
    12881123           1  0.95622675941800173     
    12881123           2  0.59471116199489515     
    12881123           3   1.4490620785871031     
    12881317           1   1.2548280771770322     
    12881317           2   1.0348315811790785     
    12881317           3  0.71034034164388948     
    12882638           1  0.91898422985463346     
    12882638           2   1.0276444641326676     
    12882638           3   1.0533713060126990     
    12883765           1  0.54423307377483687     
    12883765           2   1.5696635922125455     
    12883765           3  0.88610333401261820     
    12887038           1   1.1043368477699209     
    12887038           2  0.92589753608488212     
    12887038           3  0.96976561614519718     
    12888524           1  0.79881189958285781     
    12888524           2  0.89141449428829467     
    12888524           3   1.3097736061288476     
    12889798           1   1.4336071515697797     
    12889798           2  0.80112439165596339     
    12889798           3  0.76526845677425692     
    12889943           1   1.3097540789021902     
    12889943           2  0.83059535186729350     
    12889943           3  0.85965056923051653     
    12890896           1   1.2980734294902103     
    12890896           2  0.75713382918768024     
    12890896           3  0.94479274132210933     
    12891006           1  0.82016689833590084     
    12891006           2  0.97727419952942374     
    12891006           3   1.2025589021346754     
    12893064           1   1.2171535718223583     
    12893064           2  0.80371760712802853     
    12893064           3  0.97912882104961341     
    12893418           1   1.0771999666410872     
    12893418           2  0.82133513939932989     
    12893418           3   1.1014648939595828     
    12893737           1   1.0344819342742446     
    12893737           2   1.6376202662392321     
    12893737           3  0.32789779948652337     
    12896537           1   1.7137468981945279     
    12896537           2  0.26672117062166878     
    12896537           3   1.0195319311838036     
    12898182           1  0.45750013609824680     
    12898182           2   1.0921590911983616     
    12898182           3   1.4503407727033917     
    12899656           1  0.92740270552838033     
    12899656           2  0.99670363567599329     
    12899656           3   1.0758936587956267     
    12900539           1  0.93676433030402495     
    12900539           2  0.93981878969976862     
    12900539           3   1.1234168799962061     
    12901823           1  0.69531984437897076     
    12901823           2  0.99624076204366951     
    12901823           3   1.3084393935773595     
    12903503           1  0.97952401050645277     
    12903503           2  0.96973116702449569     
    12903503           3   1.0507448224690517     
    12904527           1  0.72848265111848454     
    12904527           2   1.0241436676656419     
    12904527           3   1.2473736812158738     
    12907191           1  0.60825664893633036     
    12907191           2   1.0658991236304112     
    12907191           3   1.3258442274332585     
    12908837           1  0.88408212885284432     
    12908837           2  0.97733826061856222     
    12908837           3   1.1385796105285935     
    12909837           1  0.90776547258115459     
    12909837           2  0.69788126697599950     
    12909837           3   1.3943532604428457     
    12910664           1   1.2851551707240505     
    12910664           2  0.83581403918923469     
    12910664           3  0.87903079008671448     
    12911712           1   1.1410529338815703     
    12911712           2   1.1567671026554613     
    12911712           3  0.70217996346296829     
    12912186           1   1.1778226200246433     
    12912186           2  0.45231453268788252     
    12912186           3   1.3698628472874739     
    12914213           1   1.0617350249662347     
    12914213           2  0.66915557172387630     
    12914213           3   1.2691094033098891     
    12916376           1  0.68501737508791660     
    12916376           2   1.1726080668905043     
    12916376           3   1.1423745580215792     
    12916708           1   1.4149432150686043     
    12916708           2  0.92401948463887995     
    12916708           3  0.66103730029251573     
    12917084           1  0.92568402169427799     
    12917084           2  0.87212667886447470     
    12917084           3   1.2021892994412475     
    12917988           1  0.68749365847459964     
    12917988           2   1.4663541546936341     
    12917988           3  0.84615218683176641     
    12918877           1  0.98406265447481100     
    12918877           2   1.0563285053514682     
    12918877           3  0.95960884017372072     
    12923748           1  0.71088293283752879     
    12923748           2  0.82833138797995376     
    12923748           3   1.4607856791825173     
    12925065           1  0.89845918966960792     
    12925065           2  0.93625330719001409     
    12925065           3   1.1652875031403780     
    12925546           1   1.3779441009847238     
    12925546           2  0.94558836636784738     
    12925546           3  0.67646753264742909     
    12926226           1  0.78243181799502082     
    12926226           2   1.2430451671967426     
    12926226           3  0.97452301480823678     
    12926872           1  0.88442424139941789     
    12926872           2   1.1384888279009278     
    12926872           3  0.97708693069965469     
    12926982           1   1.1882819407335643     
    12926982           2  0.83119250972132319     
    12926982           3  0.98052554954511251     
    12927131           1   1.3011816920160753     
    12927131           2  0.87265058963874265     
    12927131           3  0.82616771834518210     
    12929325           1   1.2440566409918623     
    12929325           2   1.6070687898822997     
    12929325           3  0.14887456912583785     
    12929417           1   1.1782121996238357     
    12929417           2   1.0591829546385940     
    12929417           3  0.76260484573757004     
    12930737           1  0.85179533890770032     
    12930737           2   1.1394663596125845     
    12930737           3   1.0087383014797151     
    12930931           1  0.67136358906699900     
    12930931           2   1.0732384141491418     
    12930931           3   1.2553979967838589     
    12932017           1   1.1305020588922030     
    12932017           2   1.4197790932808478     
    12932017           3  0.44971884782694871     
    12932538           1  0.67496384832118650     
    12932538           2   1.4281543313735834     
    12932538           3  0.89688182030522978     
    12932650           1  0.78970934795630665     
    12932650           2   1.2693412480286581     
    12932650           3  0.94094940401503502     
    12932652           1  0.90982013850399990     
    12932652           2   1.0408845569522318     
    12932652           3   1.0492953045437683     
    12932946           1   1.0574250658418900     
    12932946           2  0.69454430716105864     
    12932946           3   1.2480306269970516     
    12935480           1  0.88664354504487242     
    12935480           2   1.0606736089764373     
    12935480           3   1.0526828459786903     
    12937039           1   1.1773170708023331     
    12937039           2  0.70881967190361972     
    12937039           3   1.1138632572940474     
    12937939           1  0.86205989410432515     
    12937939           2  0.99786258174823916     
    12937939           3   1.1400775241474357     
    12938974           1  0.88223240392983782     
    12938974           2   1.2279835087620292     
    12938974           3  0.88978408730813263     
    12938978           1  0.92564858623831070     
    12938978           2   1.3632749715802508     
    12938978           3  0.71107644218143840     
    12940167           1  0.72519228904930100     
    12940167           2   1.2650428814833408     
    12940167           3   1.0097648294673585     
    12940698           1  0.98210571257534374     
    12940698           2   1.1328885959963138     
    12940698           3  0.88500569142834240     
    12941640           1   1.0930102213626192     
    12941640           2   1.1686787777383445     
    12941640           3  0.73831100089903667     
    12942200           1  0.92572656160744315     
    12942200           2   1.0133511330278235     
    12942200           3   1.0609223053647328     
    12943753           1   1.3280128504586404     
    12943753           2  0.82162289963635160     
    12943753           3  0.85036424990500803     
    12944200           1   1.0937052208954663     
    12944200           2  0.88968258294290614     
    12944200           3   1.0166121961616272     
    12944782           1   1.1162487230867519     
    12944782           2  0.90733148424214738     
    12944782           3  0.97641979267110013     
    12944876           1  0.99547503952187766     
    12944876           2  0.88836141715944461     
    12944876           3   1.1161635433186774     
    12947238           1   1.1040131791626455     
    12947238           2  0.92650543199743562     
    12947238           3  0.96948138883991875     
    12947765           1   1.0784631740467110     
    12947765           2  0.81878026967085715     
    12947765           3   1.1027565562824317     
    12948139           1  0.92359710093181968     
    12948139           2   1.1518375517535353     
    12948139           3  0.92456534731464535     
    12948478           1   1.0462129521155241     
    12948478           2  0.98018201228997781     
    12948478           3  0.97360503559449840     
    12948512           1  0.80109588082599237     
    12948512           2  0.83136994695862454     
    12948512           3   1.3675341722153833     
    12948627           1  0.97577869148042973     
    12948627           2   1.0474361993499648     
    12948627           3  0.97678510916960593     
    12949801           1   1.2078795085245095     
    12949801           2   1.7597567670694354     
    12949801           3   3.2363724406055332E-002
    12949912           1  0.81608415795959188     
    12949912           2  0.88220844823144562     
    12949912           3   1.3017073938089627     
    12950289           1   1.1077669966896146     
    12950289           2  0.91627024705886495     
    12950289           3  0.97596275625152062     
    12950800           1  0.60913232151277263     
    12950800           2   1.3403514787986817     
    12950800           3   1.0505161996885459     
    12952599           1  0.97096518393988507     
    12952599           2  0.91344149531796504     
    12952599           3   1.1155933207421498     
    12953211           1  0.89347403687134219     
    12953211           2  0.92172683408338985     
    12953211           3   1.1847991290452680     
    12953360           1  0.42574716860269424     
    12953360           2   1.3438167695322920     
    12953360           3   1.2304360618650136     
    12954177           1  0.76666050826113485     
    12954177           2  0.88954310080093568     
    12954177           3   1.3437963909379300     
    12954891           1  0.83941931289279481     
    12954891           2  0.84785739106926994     
    12954891           3   1.3127232960379356     
    12956579           1   1.1837035380783836     
    12956579           2  0.45085472711105717     
    12956579           3   1.3654417348105594     
    12956701           1   1.1097012386861869     
    12956701           2  0.79557275867276800     
    12956701           3   1.0947260026410452     
    12956767           1  0.95842845801162091     
    12956767           2  0.74503597506075192     
    12956767           3   1.2965355669276271     
    12957245           1  0.93926129774861222     
    12957245           2  0.72386899535204419     
    12957245           3   1.3368697068993436     
    12957281           1   1.2614207708061753     
    12957281           2  0.76192811353793288     
    12957281           3  0.97665111565589202     
    12957319           1   1.4139141558108050     
    12957319           2  0.92552930280373091     
    12957319           3  0.66055654138546394     
    12958624           1  0.92989143168280453     
    12958624           2  0.99137859591824107     
    12958624           3   1.0787299723989545     
    12958772           1   1.4237590917588845     
    12958772           2  0.80003870573936609     
    12958772           3  0.77620220250174998     
    12959665           1   1.0730692293375383     
    12959665           2  0.90096131334990426     
    12959665           3   1.0259694573125577     
    12960314           1  0.69509495933122178     
    12960314           2   1.1919620912884263     
    12960314           3   1.1129429493803518     
    12960600           1   1.0560818063000215     
    12960600           2   1.6459511665388309     
    12960600           3  0.29796702716114787     
    12961044           1  0.61125399864086383     
    12961044           2   1.0737363560379356     
    12961044           3   1.3150096453212008     
    12961081           1   1.0956557612533935     
    12961081           2   1.0224352170016875     
    12961081           3  0.88190902174491881     
    12961111           1   1.0049683181368585     
    12961111           2   1.1233845178146036     
    12961111           3  0.87164716404853748     
    12961615           1   1.1106127328338067     
    12961615           2  0.92035891252455726     
    12961615           3  0.96902835464163606     
    12962694           1   1.6211319253638312     
    12962694           2   9.3996720138611087E-002
    12962694           3   1.2848713544975581     
    12963201           1   1.4133145335927280     
    12963201           2  0.66569200810056206     
    12963201           3  0.92099345830670987     
    12964121           1   1.1217023324837887     
    12964121           2  0.79511575388124267     
    12964121           3   1.0831819136349690     
    12964383           1  0.79852918788284522     
    12964383           2  0.66753247051779185     
    12964383           3   1.5339383415993630     
    12965072           1  0.83792241755912034     
    12965072           2  0.85169520154042577     
    12965072           3   1.3103823809004542     
    12967507           1   1.0035201673831897     
    12967507           2  0.67907073580597432     
    12967507           3   1.3174090968108358     
    12967526           1  0.85038216059861960     
    12967526           2   1.0556629847596579     
    12967526           3   1.0939548546417224     
    12967692           1  0.90113036450564155     
    12967692           2   1.2240204432661981     
    12967692           3  0.87484919222816027     
    12967709           1  0.53027893706001794     
    12967709           2   1.4284116378370022     
    12967709           3   1.0413094251029800     
    12967805           1   1.0420009121096760     
    12967805           2  0.82372690045731689     
    12967805           3   1.1342721874330073     
    12968435           1  0.80263863111291178     
    12968435           2  0.94152714650195746     
    12968435           3   1.2558342223851302     
    12968765           1  0.68338586897482390     
    12968765           2   1.1873083957950741     
    12968765           3   1.1293057352301019     
    12968869           1  0.82414270960739677     
    12968869           2   1.1733570975501102     
    12968869           3   1.0025001928424930     
    12969159           1  0.89444567797886121     
    12969159           2  0.98735992529777339     
    12969159           3   1.1181943967233654     
    12970871           1  0.83220751673160409     
    12970871           2  0.83084476989544298     
    12970871           3   1.3369477133729528     
    12972835           1  0.66778689534158386     
    12972835           2  0.84392595982057284     
    12972835           3   1.4882871448378434     
    12973003           1   1.1227710305891156     
    12973003           2  0.80218854744092760     
    12973003           3   1.0750404219699565     
    12973516           1  0.74979791732243872     
    12973516           2   1.6495858356100701     
    12973516           3  0.60061624706749139     
    12974031           1  0.97462771108199342     
    12974031           2  0.91688704035363255     
    12974031           3   1.1084852485643739     
    12974354           1   1.1671301042181619     
    12974354           2  0.74404297887775117     
    12974354           3   1.0888269169040872     
    12974774           1  0.85479361307885793     
    12974774           2  0.95235303150312778     
    12974774           3   1.1928533554180141     
    12974802           1   1.1496753836044837     
    12974802           2  0.74293976571471476     
    12974802           3   1.1073848506808013     
    12975076           1  0.93943574234158522     
    12975076           2  0.97501300945601699     
    12975076           3   1.0855512482023977     
    12975169           1  0.69226860273513113     
    12975169           2   1.1250021177942666     
    12975169           3   1.1827292794706024     
    12975690           1   1.0453891045576611     
    12975690           2  0.88517835166515380     
    12975690           3   1.0694325437771854     
    12976257           1  0.83523037539893386     
    12976257           2   1.0772669056694366     
    12976257           3   1.0875027189316298     
    12976577           1   1.0109372723160133     
    12976577           2   1.1474317151971694     
    12976577           3  0.84163101248681782     
    12976632           1  0.67766103447728265     
    12976632           2   1.0245621168836283     
    12976632           3   1.2977768486390886     
    12977360           1  0.48089038040310400     
    12977360           2   1.6505167582002052     
    12977360           3  0.86859286139669101     
    12977724           1   1.4297314876912386     
    12977724           2  0.91629940884739425     
    12977724           3  0.65396910346136694     
    12977935           1   1.0718929173206744     
    12977935           2   1.0579525720228204     
    12977935           3  0.87015451065650495     
    12978604           1  0.93604595551907044     
    12978604           2  0.94014601461685565     
    12978604           3   1.1238080298640740     
    12978614           1   1.1241443145613073     
    12978614           2  0.73625785902620966     
    12978614           3   1.1395978264124829     
    12978805           1   1.5061535130446553     
    12978805           2  0.96292980094179992     
    12978805           3  0.53091668601354502     
    12979672           1  0.68216916693170537     
    12979672           2   1.0313780049097976     
    12979672           3   1.2864528281584973     
    12979888           1  0.80764039742764515     
    12979888           2   1.1075681835634164     
    12979888           3   1.0847914190089385     
    12979929           1   1.0598402835617793     
    12979929           2  0.81270028980500275     
    12979929           3   1.1274594266332183     
    12980064           1  0.91258547848265648     
    12980064           2  0.99593967393322935     
    12980064           3   1.0914748475841138     
    12980154           1  0.87415689441019973     
    12980154           2  0.99584632249040972     
    12980154           3   1.1299967830993907     
    12980441           1  0.91188711599226080     
    12980441           2  0.68208632737235975     
    12980441           3   1.4060265566353800     
    12980791           1   1.0974658971210249     
    12980791           2   1.0831929662048210     
    12980791           3  0.81934113667415398     
    12980865           1   1.2249407201465996     
    12980865           2  0.75915152226136129     
    12980865           3   1.0159077575920390     
    12980888           1   1.2488118603374683     
    12980888           2   1.0442534928727401     
    12980888           3  0.70693464678979157     
    12980906           1  0.54793118983236067     
    12980906           2   1.5803296072252111     
    12980906           3  0.87173920294242824     
    12981000           1   1.1339102136523682     
    12981000           2  0.87422090191080559     
    12981000           3  0.99186888443682619     
    12981183           1   1.0523299319657835     
    12981183           2   1.6507616092860327     
    12981183           3  0.29690845874818395     
    12981246           1   1.2870995695846223     
    12981246           2  0.74680562351032775     
    12981246           3  0.96609480690505034     
    12981382           1  0.62687399002493938     
    12981382           2   1.1346903284069902     
    12981382           3   1.2384356815680706     
    12981665           1   1.1011498289759625     
    12981665           2   1.3517122341823948     
    12981665           3  0.54713793684164269     
    12982009           1   1.3296585744787717     
    12982009           2  0.61608906562680388     
    12982009           3   1.0542523598944245     
    12982127           1  0.62904813766642176     
    12982127           2   1.3345221585359943     
    12982127           3   1.0364297037975840     
    12982294           1  0.99567785637722916     
    12982294           2  0.78005906176595863     
    12982294           3   1.2242630818568123     
    12982676           1  0.85413527067502282     
    12982676           2   1.0394446296700326     
    12982676           3   1.1064200996549449     
    12982830           1  0.72256339194226649     
    12982830           2   1.1777570243543127     
    12982830           3   1.0996795837034210     
    12983187           1   1.0929665529813704     
    12983187           2  0.78944680975306047     
    12983187           3   1.1175866372655692     
    12983246           1  0.68861247934714598     
    12983246           2   1.1067146371500718     
    12983246           3   1.2046728835027825     
    12983340           1  0.72685797886565418     
    12983340           2   1.6633649761456251     
    12983340           3  0.60977704498872132     
    12983419           1  0.84192237889986887     
    12983419           2  0.84143991302933019     
    12983419           3   1.3166377080708007     
    12983499           1   1.1928322093349626     
    12983499           2  0.44858873988124270     
    12983499           3   1.3585790507837947     
    12983726           1  0.47711626764290516     
    12983726           2   1.0837327637460705     
    12983726           3   1.4391509686110242     
    12983821           1   1.0549011551802598     
    12983821           2   1.6458239947668585     
    12983821           3  0.29927485005288207     
    12984358           1  0.81373162442025215     
    12984358           2  0.99314510898539976     
    12984358           3   1.1931232665943479     
    12984806           1  0.79978394428512545     
    12984806           2   1.1259771214256158     
    12984806           3   1.0742389342892589     
    12985107           1   1.1009266805769096     
    12985107           2   1.0884634629536658     
    12985107           3  0.81060985646942441     
    12985519           1   3.1126898408931212E-002
    12985519           2   1.6483944632242007     
    12985519           3   1.3204786383668681     
    12985608           1  0.74603253037733375     
    12985608           2   1.2073681325158043     
    12985608           3   1.0465993371068620     
    12985748           1  0.54913341785661984     
    12985748           2   1.6857529389678083     
    12985748           3  0.76511364317557140     
    12986229           1   1.1327158753419044     
    12986229           2   1.1124461253874309     
    12986229           3  0.75483799927066442     
    12986273           1   1.1031295281873787     
    12986273           2  0.94589635341386535     
    12986273           3  0.95097411839875590     
    12986279           1   1.1894200113545805     
    12986279           2  0.76385606938489914     
    12986279           3   1.0467239192605202     
    12986587           1   1.4198857516847729     
    12986587           2  0.88303998050395416     
    12986587           3  0.69707426781127302     
    12986826           1  0.89851887246436546     
    12986826           2  0.69950553790964398     
    12986826           3   1.4019755896259900     
    12987310           1   1.1104755924493912     
    12987310           2  0.57180900403091672     
    12987310           3   1.3177154035196921     
    12987314           1  0.92309020396424613     
    12987314           2  0.86968293176561895     
    12987314           3   1.2072268642701349     
    12987465           1  0.93573664114396427     
    12987465           2  0.81311279250670276     
    12987465           3   1.2511505663493327     
    12987719           1   1.0346296525742769     
    12987719           2   1.0765666807091212     
    12987719           3  0.88880366671660171     
    12988053           1  0.86410212956557142     
    12988053           2   1.1488927355367446     
    12988053           3  0.98700513489768371     
    12988139           1  0.72591943964223160     
    12988139           2   1.0059879833726821     
    12988139           3   1.2680925769850866     
    12988388           1  0.83304883707894783     
    12988388           2  0.85797805492011836     
    12988388           3   1.3089731080009339     
    12988439           1  0.73527554495535186     
    12988439           2   1.0975095114148834     
    12988439           3   1.1672149436297650     
    12988875           1  0.80147701952902783     
    12988875           2   1.2323694883530232     
    12988875           3  0.96615349211794876     
    12988977           1  0.59223782852534756     
    12988977           2   1.2329733765374284     
    12988977           3   1.1747887949372238     
    12988987           1   1.2167818780139426     
    12988987           2  0.75231251535882671     
    12988987           3   1.0309056066272309     
    12989036           1  0.67993295480468319     
    12989036           2   1.0475220139349957     
    12989036           3   1.2725450312603213     
    12989560           1  0.72593606605477790     
    12989560           2   1.0139095476602695     
    12989560           3   1.2601543862849522     
    12989729           1   1.6390669477594650     
    12989729           2  0.67346866698106034     
    12989729           3  0.68746438525947484     
    12989773           1   1.2282806342702457     
    12989773           2  0.62597320624578445     
    12989773           3   1.1457461594839702     
    12989941           1  0.93319987928838122     
    12989941           2  0.93624271626155475     
    12989941           3   1.1305574044500639     
    12990034           1  0.65282133356684102     
    12990034           2   1.1007060842872538     
    12990034           3   1.2464725821459046     
    12990138           1  0.82345146858150775     
    12990138           2   1.2707237855838929     
    12990138           3  0.90582474583459971     
    12990220           1  0.74744548184527604     
    12990220           2  0.98895567207518953     
    12990220           3   1.2635988460795342     
    12990341           1  0.93143234712234269     
    12990341           2  0.96670651854145029     
    12990341           3   1.1018611343362072     
    12990362           1   1.3283732086305542     
    12990362           2  0.55209653352365806     
    12990362           3   1.1195302578457880     
    12990522           1   1.0578704908832108     
    12990522           2  0.86173308249189062     
    12990522           3   1.0803964266248982     
    12990543           1  0.92313223867405336     
    12990543           2   1.0255960998859359     
    12990543           3   1.0512716614400106     
    12991008           1  0.77444871338726207     
    12991008           2  0.83589141719647109     
    12991008           3   1.3896598694162670     
    12991067           1  0.63406049083557559     
    12991067           2   1.3329154648487007     
    12991067           3   1.0330240443157235     
    12991070           1  0.79822467251585560     
    12991070           2   1.2830283757443921     
    12991070           3  0.91874695173975252     
    12991096           1   1.0387463119422740     
    12991096           2   1.6594932376968947     
    12991096           3  0.30176045036083149     
    12991370           1   1.2788370118394892     
    12991370           2  0.77244793688518432     
    12991370           3  0.94871505127532629     
    12991419           1   1.3906241087890414     
    12991419           2  0.52617617737786271     
    12991419           3   1.0831997138330960     
    12991582           1  0.99540551026274671     
    12991582           2  0.79842021930638374     
    12991582           3   1.2061742704308698     
    12991611           1  0.80686278441109482     
    12991611           2   1.0100852951036368     
    12991611           3   1.1830519204852687     
    12991831           1  0.78772195728837924     
    12991831           2  0.85021772501196524     
    12991831           3   1.3620603176996553     
    12991880           1   1.0416526409567979     
    12991880           2  0.82445428287373013     
    12991880           3   1.1338930761694719     
    12991937           1   1.1678235258172496     
    12991937           2  0.71251159842234291     
    12991937           3   1.1196648757604075     
    12992097           1   1.0960245938110869     
    12992097           2  0.88520732492367826     
    12992097           3   1.0187680812652351     
    12992128           1  0.92760134929433347     
    12992128           2  0.85102423864806265     
    12992128           3   1.2213744120576038     
    12992179           1  0.73933209602252137     
    12992179           2   1.2003658369623638     
    12992179           3   1.0603020670151151     
    12992292           1   1.1057090891239409     
    12992292           2   1.3886420070098009     
    12992292           3  0.50564890386625772     
    12992351           1  0.90777886775499328     
    12992351           2  0.69836620913478376     
    12992351           3   1.3938549231102231     
    12992498           1   1.1775870829771544     
    12992498           2  0.77359262385166017     
    12992498           3   1.0488202931711854     
    12992550           1  0.73907096539623229     
    12992550           2   1.2892531785069252     
    12992550           3  0.97167585609684270     
    12992556           1  0.92431470619063838     
    12992556           2   1.0574671440221646     
    12992556           3   1.0182181497871972     
    12992592           1  0.76860507019062430     
    12992592           2   1.0286236701436413     
    12992592           3   1.2027712596657338     
    12992613           1  0.50054487826235428     
    12992613           2   1.6294214272268832     
    12992613           3  0.87003369451076273     
    12992628           1   1.0866753546841885     
    12992628           2  0.80217092141812074     
    12992628           3   1.1111537238976905     
    12992732           1  0.92988737080847461     
    12992732           2   1.3557799838503386     
    12992732           3  0.71433264534118668     
    12992956           1   1.4090742597329360     
    12992956           2  0.58656604441113247     
    12992956           3   1.0043596958559315     
    12993027           1  0.58990938923347691     
    12993027           2   1.2359483259688646     
    12993027           3   1.1741422847976581     
    12993091           1  0.72963627270088915     
    12993091           2   1.0872203638902316     
    12993091           3   1.1831433634088790     
    12993115           1   1.4430828418725337     
    12993115           2  0.89684105261773839     
    12993115           3  0.66007610550972795     
    12993144           1   1.3241438651461066     
    12993144           2   1.5427693406981307     
    12993144           3  0.13308679415576258     
    12993282           1  0.79001477098980111     
    12993282           2   1.0783755541137734     
    12993282           3   1.1316096748964253     
    12993287           1   1.0935645883656582     
    12993287           2   1.0926830832815830     
    12993287           3  0.81375232835275857     
    12993386           1   1.1027046934734717     
    12993386           2  0.57162676952107738     
    12993386           3   1.3256685370054508     
    12993401           1  0.87725499122882866     
    12993401           2  0.94634412002865531     
    12993401           3   1.1764008887425157     
    12993530           1  0.76197785449574384     
    12993530           2   1.1883414282575158     
    12993530           3   1.0496807172467404     
    12993597           1   1.1341740248456778     
    12993597           2  0.98737582165937399     
    12993597           3  0.87845015349494815     
    12994016           1  0.51850438761004269     
    12994016           2   1.4633078850609411     
    12994016           3   1.0181877273290163     
    12994239           1  0.75085873610365117     
    12994239           2   1.1942454400017994     
    12994239           3   1.0548958238945496     
    12994316           1   1.0698112826694182     
    12994316           2  0.89963375062423412     
    12994316           3   1.0305549667063476     
    12994377           1   1.1472824808856192     
    12994377           2  0.74543212973722639     
    12994377           3   1.1072853893771546     
    12994409           1  0.59753962807862560     
    12994409           2   1.1181333002462568     
    12994409           3   1.2843270716751176     
    12994583           1  0.79915534174983194     
    12994583           2   1.1661295041927691     
    12994583           3   1.0347151540573987     
    12994666           1   1.6325826712798808     
    12994666           2  0.67080437249143521     
    12994666           3  0.69661295622868358     
    12994720           1   1.4100266361679357     
    12994720           2  0.58621490817382804     
    12994720           3   1.0037584556582362     
    12994834           1   1.0379346282843613     
    12994834           2   1.0618252757003617     
    12994834           3  0.90024009601527666     
    12994902           1   1.1062189753733245     
    12994902           2   1.0791791955025491     
    12994902           3  0.81460182912412626     
    12994962           1   1.4000520073617504     
    12994962           2  0.82802340571672328     
    12994962           3  0.77192458692152655     
    12994981           1   1.0582472865282702     
    12994981           2   1.2392129107884133     
    12994981           3  0.70253980268331684     
    12995038           1   1.2611557297340952     
    12995038           2  0.72533806757382391     
    12995038           3   1.0135062026920809     
    12995064           1  0.79369182628564083     
    12995064           2   1.1388519667441854     
    12995064           3   1.0674562069701736     
    12995206           1   1.3889037299857545     
    12995206           2  0.67593353184078364     
    12995206           3  0.93516273817346185     
    12995306           1   1.1025555927472541     
    12995306           2  0.86830897212652725     
    12995306           3   1.0291354351262190     
    12995362           1   1.1842164585861128     
    12995362           2  0.83369064423118366     
    12995362           3  0.98209289718270387     
    12995434           1   1.4317815184549798     
    12995434           2  0.84792851590086860     
    12995434           3  0.72028996564415149     
    12995526           1  0.76828070419954519     
    12995526           2  0.92020323137721172     
    12995526           3   1.3115160644232431     
    12995657           1  0.92889970281201062     
    12995657           2  0.69083177841399401     
    12995657           3   1.3802685187739954     
    12995824           1  0.86607808498695460     
    12995824           2   1.1921206439379624     
    12995824           3  0.94180127107508260     
    12995831           1   1.2305511779942713     
    12995831           2  0.77954241081492082     
    12995831           3  0.98990641119080791     
    12995836           1  0.88099130273696968     
    12995836           2  0.92977252124225818     
    12995836           3   1.1892361760207724     
    12995856           1   1.0953328549515158     
    12995856           2  0.92229119379343794     
    12995856           3  0.98237595125504662     
    12995886           1   1.1691871641347358     
    12995886           2   1.1267493814856953     
    12995886           3  0.70406345437956908     
    12995959           1  0.82252458640196524     
    12995959           2  0.97145958241872843     
    12995959           3   1.2060158311793066     
    12995977           1  0.62229240449015322     
    12995977           2   1.3524087450056055     
    12995977           3   1.0252988505042411     
    12995997           1   1.2197093238585190     
    12995997           2  0.80540523550826670     
    12995997           3  0.97488544063321414     
    12996084           1  0.85147943476059651     
    12996084           2  0.99755214244652335     
    12996084           3   1.1509684227928803     
    12996155           1   1.1418788263312056     
    12996155           2   1.4111390749080850     
    12996155           3  0.44698209876070932     
    12996182           1   1.0723103160713756     
    12996182           2  0.89191530504820093     
    12996182           3   1.0357743788804235     
    12996184           1  0.61700427960991722     
    12996184           2   1.3359383568298300     
    12996184           3   1.0470573635602527     
    12996195           1  0.98599311637179476     
    12996195           2  0.91752545835996580     
    12996195           3   1.0964814252682396     
    12996233           1  0.67987439161105967     
    12996233           2   1.1752131421286287     
    12996233           3   1.1449124662603114     
    12996235           1   1.0116424951995890     
    12996235           2   1.0161660490571063     
    12996235           3  0.97219145574330512     
    12996284           1  0.78265724655359181     
    12996284           2  0.84616386523974896     
    12996284           3   1.3711788882066591     
    12996303           1   1.2178950221527189     
    12996303           2  0.77697804000163528     
    12996303           3   1.0051269378456460     
    12996310           1   1.0733851711485005     
    12996310           2  0.82905066218753820     
    12996310           3   1.0975641666639613     
    12996312           1   1.3507643407714625     
    12996312           2  0.49911877324671045     
    12996312           3   1.1501168859818272     
    12996390           1  0.63013862812224952     
    12996390           2   1.1143335455634626     
    12996390           3   1.2555278263142879     
    12996414           1   1.4378796883893183     
    12996414           2  0.62511884777356896     
    12996414           3  0.93700146383711291     
    12996451           1   1.0622774069254921     
    12996451           2   1.2420401432944501     
    12996451           3  0.69568244978005755     
    12996472           1  0.90010517605134377     
    12996472           2  0.99360732715978040     
    12996472           3   1.1062874967888756     
    12996528           1   1.3010181853689347     
    12996528           2  0.73974452060555396     
    12996528           3  0.95923729402551161     
    12996544           1   1.2861609332660517     
    12996544           2  0.83646814732484742     
    12996544           3  0.87737091940910084     
    12996553           1   1.0507842581309461     
    12996553           2   1.6511088531375400     
    12996553           3  0.29810688873151447     
    12996565           1  0.50337870519513939     
    12996565           2   1.3758069318138333     
    12996565           3   1.1208143629910274     
    12996576           1  0.78939441947037381     
    12996576           2   1.1489290646522794     
    12996576           3   1.0616765158773467     
    12996608           1  0.61205054362133737     
    12996608           2   1.0506162447756131     
    12996608           3   1.3373332116030494     
    12996629           1  0.72718822225563617     
    12996629           2   1.5008322071058939     
    12996629           3  0.77197957063847000     
    12996647           1  0.92963146338248348     
    12996647           2  0.95426168608987683     
    12996647           3   1.1161068505276397     
    12996666           1  0.85894482261466443     
    12996666           2   1.0743964729829261     
    12996666           3   1.0666587044024096     
    12996743           1   1.2079954264784889     
    12996743           2   1.0624740827214043     
    12996743           3  0.72953049080010679     
    12996812           1  0.93378186106530736     
    12996812           2  0.94751154694978479     
    12996812           3   1.1187065919849075     
    12996839           1  0.92186203126803401     
    12996839           2   1.0248453752747395     
    12996839           3   1.0532925934572261     
    12996869           1   1.3121952409282354     
    12996869           2  0.57052777837014312     
    12996869           3   1.1172769807016214     
    12996891           1   1.0553482176277464     
    12996891           2  0.80371534262846833     
    12996891           3   1.1409364397437853     
    12996900           1  0.85086880455823133     
    12996900           2   1.0545503087091042     
    12996900           3   1.0945808867326645     
    12996902           1   1.4474624261080329     
    12996902           2  0.85721505060106495     
    12996902           3  0.69532252329090183     
    12996904           1  0.74418077836465912     
    12996904           2   1.0921856883882659     
    12996904           3   1.1636335332470751     
    12996954           1  0.64435276616146520     
    12996954           2   1.1253442168371717     
    12996954           3   1.2303030170013631     
    12997033           1  0.68549840062435097     
    12997033           2   1.0315404228549447     
    12997033           3   1.2829611765207041     
    12997068           1   1.4304895832144744     
    12997068           2  0.80382070348342816     
    12997068           3  0.76568971330209779     
    12997091           1  0.25472662744165658     
    12997091           2   1.7503208961391867     
    12997091           3  0.99495247641915707     
    12997095           1  0.72578984172334193     
    12997095           2   1.1830160423667997     
    12997095           3   1.0911941159098590     
    12997097           1  0.87841214305369109     
    12997097           2  0.85824119199265037     
    12997097           3   1.2633466649536587     
    12997134           1  0.50016318029045581     
    12997134           2   1.2637975837956277     
    12997134           3   1.2360392359139167     
    12997163           1  0.76191639191804494     
    12997163           2   1.0467178956877883     
    12997163           3   1.1913657123941672     
    12997196           1  0.92994654010573596     
    12997196           2   1.0041167771416974     
    12997196           3   1.0659366827525663     
    12997215           1  0.81905272469163592     
    12997215           2   1.1846386204120682     
    12997215           3  0.99630865489629628     
    12997248           1  0.63588552471163073     
    12997248           2   1.1510019020498623     
    12997248           3   1.2131125732385071     
    12997348           1   1.2035670591156546     
    12997348           2   1.7534739698398116     
    12997348           3   4.2958971044534111E-002
    12997350           1   1.3398292705498835     
    12997350           2  0.79861456049724500     
    12997350           3  0.86155616895287135     
    12997371           1  0.82713428856266191     
    12997371           2   1.0525237513261949     
    12997371           3   1.1203419601111426     
    12997413           1   1.1806873993301439     
    12997413           2  0.98261389147870881     
    12997413           3  0.83669870919114742     
    12997485           1  0.90184703119115162     
    12997485           2  0.69839771665447115     
    12997485           3   1.3997552521543775     
    12997488           1  0.75413322463253540     
    12997488           2   1.1256574390196030     
    12997488           3   1.1202093363478616     
    12997514           1  0.98689885279487966     
    12997514           2   1.0661248569701354     
    12997514           3  0.94697629023498575     
    12997561           1  0.54638203590590062     
    12997561           2   1.5758615757249732     
    12997561           3  0.87775638836912662     
    12997570           1   1.1053242068952622     
    12997570           2  0.89845160175212169     
    12997570           3  0.99622419135261631     
    12997573           1   1.0127955835282578     
    12997573           2   1.0866305542749655     
    12997573           3  0.90057386219677638     
    12997574           1   1.0215668415795183     
    12997574           2  0.91164572799791832     
    12997574           3   1.0667874304225633     
    12997600           1  0.83963337456448328     
    12997600           2  0.84730856971443047     
    12997600           3   1.3130580557210862     
    12997606           1  0.68748477289681731     
    12997606           2   1.1098151765391095     
    12997606           3   1.2027000505640733     
    12997617           1  0.67857100978904428     
    12997617           2   1.1789431032197051     
    12997617           3   1.1424858869912504     
    12997659           1  0.74053913472646560     
    12997659           2  0.96582946703406825     
    12997659           3   1.2936313982394665     
    12997679           1   1.0952810016899275     
    12997679           2   1.1162171545153838     
    12997679           3  0.78850184379468846     
    12997689           1  0.95306323547337379     
    12997689           2  0.71633809964336526     
    12997689           3   1.3305986648832611     
    12997695           1   1.0743793326086051     
    12997695           2  0.87711403892766859     
    12997695           3   1.0485066284637266     
    12997716           1   1.1005553026250758     
    12997716           2  0.81374120788926185     
    12997716           3   1.0857034894856625     
    12997738           1   1.0721904409998402     
    12997738           2   1.2256350914245293     
    12997738           3  0.70217446757563073     
    12997740           1  0.80613403190300958     
    12997740           2   1.5094832485383300     
    12997740           3  0.68438271955866015     
    12997761           1  0.93684943426623135     
    12997761           2  0.95093482280739772     
    12997761           3   1.1122157429263710     
    12997762           1   1.0759717782724443     
    12997762           2  0.89528361582797999     
    12997762           3   1.0287446058995757     
    12997769           1   1.3242701465774047     
    12997769           2   1.4051569784319067     
    12997769           3  0.27057287499068805     
    12997771           1  0.66723571937786430     
    12997771           2   1.0666396226878148     
    12997771           3   1.2661246579343213     
    12997781           1  0.60880013555655288     
    12997781           2   1.3396205277032784     
    12997781           3   1.0515793367401685     
    12997795           1  0.73449501144963469     
    12997795           2   1.0078364018517756     
    12997795           3   1.2576685866985897     
    12997807           1  0.87790627483138939     
    12997807           2   1.1938601883633952     
    12997807           3  0.92823353680521470     
    12997810           1   1.2650734701939788     
    12997810           2  0.74205550876470128     
    12997810           3  0.99287102104132041     
    12997828           1  0.97497993852376286     
    12997828           2  0.83354486679353257     
    12997828           3   1.1914751946827042     
    12997829           1   1.2208847902950011     
    12997829           2   1.2861499595852735     
    12997829           3  0.49296525011972542     
    12997830           1  0.79505610761733081     
    12997830           2  0.66462914038894305     
    12997830           3   1.5403147519937264     
    12997839           1   1.0421889647675544     
    12997839           2  0.80915399931607412     
    12997839           3   1.1486570359163712     
    12997843           1  0.90854402702455628     
    12997843           2  0.83150326261247165     
    12997843           3   1.2599527103629720     
    12997861           1  0.67681217084007050     
    12997861           2   1.0232787119350784     
    12997861           3   1.2999091172248507     
    12997862           1   1.2012779780532921     
    12997862           2  0.78422288725557721     
    12997862           3   1.0144991346911305     
    12997875           1   1.4340285807889515     
    12997875           2  0.80135989356906789     
    12997875           3  0.76461152564198043     
    12997878           1  0.72105379568394334     
    12997878           2   1.5086790084202253     
    12997878           3  0.77026719589583148     
    12997881           1   1.3044892187016797     
    12997881           2  0.96155288014934015     
    12997881           3  0.73395790114898007     
    12997890           1  0.63535233301986582     
    12997890           2   1.3256521997403408     
    12997890           3   1.0389954672397932     
    12997908           1   1.1390304800716440     
    12997908           2  0.76164844630314221     
    12997908           3   1.0993210736252137     
    12997909           1   1.1120164901789811     
    12997909           2  0.91147406984377577     
    12997909           3  0.97650943997724282     
    12997910           1  0.68244271609953822     
    12997910           2   1.0582118734755499     
    12997910           3   1.2593454104249118     
    12997917           1   1.0343017012727578     
    12997917           2  0.92363818239201156     
    12997917           3   1.0420601163352303     
    12997920           1   1.0261265585651616     
    12997920           2   1.0636149160200736     
    12997920           3  0.91025852541476482     
    12997936           1  0.81541406910143721     
    12997936           2   1.0446407622823730     
    12997936           3   1.1399451686161897     
    12997949           1  0.89625963237219031     
    12997949           2   1.0660078131471671     
    12997949           3   1.0377325544806426     
    12997953           1  0.97893242426855054     
    12997953           2  0.78520706668010654     
    12997953           3   1.2358605090513426     
    12997954           1   1.1616734017729100     
    12997954           2  0.87415863267740512     
    12997954           3  0.96416796554968487     
    12997959           1  0.82442903018574731     
    12997959           2  0.85111945431491187     
    12997959           3   1.3244515154993406     
    12997969           1   1.0449494406503037     
    12997969           2   1.0517129146461843     
    12997969           3  0.90333764470351186     
    12997970           1  0.67792019660904912     
    12997970           2   1.0249539465578010     
    12997970           3   1.2971258568331498     
    12997972           1   1.0472407239852093     
    12997972           2  0.81278328083197504     
    12997972           3   1.1399759951828154     
    12997976           1  0.41469784727007025     
    12997976           2   1.4613691344706103     
    12997976           3   1.1239330182593197     
    12997981           1  0.65161218730056392     
    12997981           2   1.0245095674591971     
    12997981           3   1.3238782452402393     
    12997982           1   1.0311301797642691     
    12997982           2  0.79068498236815521     
    12997982           3   1.1781848378675757     
    12997983           1   1.2121393052305662     
    12997983           2  0.63904550477794364     
    12997983           3   1.1488151899914900     
    12997986           1   1.2854154615121596     
    12997986           2  0.83537571261032317     
    12997986           3  0.87920882587751703     
    12998008           1  0.95159366684594904     
    12998008           2  0.60636522389940173     
    12998008           3   1.4420411092546497     
    12998017           1   1.0205292472928909     
    12998017           2   1.0439441441867634     
    12998017           3  0.93552660852034586     
    12998018           1  0.92335699739090815     
    12998018           2   1.0254851098326865     
    12998018           3   1.0511578927764051     
    12998020           1   1.1621853563032858     
    12998020           2  0.99513158916500388     
    12998020           3  0.84268305453171044     
    12998027           1   1.0379319456417071     
    12998027           2  0.78732996455337356     
    12998027           3   1.1747380898049189     
    12998040           1  0.84381608995663759     
    12998040           2   1.0729943465714942     
    12998040           3   1.0831895634718682     
    12998044           1   1.2024171775431249     
    12998044           2  0.78152451498046105     
    12998044           3   1.0160583074764140     
    12998054           1  0.81322793026977136     
    12998054           2  0.99438733804364454     
    12998054           3   1.1923847316865837     
    12998058           1  0.91259412503705406     
    12998058           2   1.0204987965274119     
    12998058           3   1.0669070784355339     
    12998064           1   1.0869531312390770     
    12998064           2   1.1038768491643327     
    12998064           3  0.80917001959659007     
    12998072           1   1.1012991532453271     
    12998072           2  0.87502999886842980     
    12998072           3   1.0236708478862429     
    12998073           1  0.50263957048877472     
    12998073           2   1.2552013599726553     
    12998073           3   1.2421590695385696     
    12998074           1  0.89925207029974452     
    12998074           2  0.99945525420956949     
    12998074           3   1.1012926754906864     
    12998076           1  0.63130531330431228     
    12998076           2   1.0556273061547787     
    12998076           3   1.3130673805409090     
    12998079           1  0.93562419032064470     
    12998079           2   1.2778492572236122     
    12998079           3  0.78652655245574299     
    12998081           1  0.94910552509097090     
    12998081           2  0.71748158852288968     
    12998081           3   1.3334128863861399     
    12998082           1  0.88788634757803075     
    12998082           2   1.1312018845667156     
    12998082           3  0.98091176785525391     
    12998086           1  0.71180379231416047     
    12998086           2  0.82940438716614628     
    12998086           3   1.4587918205196932     
    12998087           1  0.79923474191324095     
    12998087           2   1.1683202378471795     
    12998087           3   1.0324450202395792     
    12998092           1   1.4307125491276775     
    12998092           2  0.65584048973272990     
    12998092           3  0.91344696113959267     
    12998093           1  0.83620027484692461     
    12998093           2   1.1480017631478705     
    12998093           3   1.0157979620052051     
    12998099           1  0.82555547601147639     
    12998099           2   1.1702258198056759     
    12998099           3   1.0042187041828481     
    12998104           1   1.3360667576651781     
    12998104           2  0.82660573891396272     
    12998104           3  0.83732750342085926     
    12998108           1   1.4466528010923709     
    12998108           2  0.78111489288998648     
    12998108           3  0.77223230601764248     
    12998112           1   1.0078399571310466     
    12998112           2  0.75406067215666706     
    12998112           3   1.2380993707122863     
    12998116           1   1.0095833469066646     
    12998116           2   1.1499128179738050     
    12998116           3  0.84050383511953053     
    12998129           1  0.92352962185488074     
    12998129           2   1.0565689641221914     
    12998129           3   1.0199014140229279     
    12998130           1  0.54177589496335610     
    12998130           2   1.5625766577614919     
    12998130           3  0.89564744727515178     
    12998131           1  0.91768945345473252     
    12998131           2   1.3773482516835975     
    12998131           3  0.70496229486166995     
    12998135           1   1.0854750389196548     
    12998135           2  0.97877023617814596     
    12998135           3  0.93575472490219969     
    12998136           1  0.87128298285696126     
    12998136           2   1.0194462840555560     
    12998136           3   1.1092707330874829     
    12998142           1   1.2166744754636474     
    12998142           2   1.6020757979342997     
    12998142           3  0.18124972660205318     
    12998143           1  0.89303776649094224     
    12998143           2   1.1838408290628457     
    12998143           3  0.92312140444621194     
    12998144           1  0.57776589772864728     
    12998144           2   1.2586421032510144     
    12998144           3   1.1635919990203383     
    12998147           1  0.92666804188459051     
    12998147           2   1.2833931158432179     
    12998147           3  0.78993884227219158     
    12998148           1  0.57322907404019419     
    12998148           2  0.87641769617665777     
    12998148           3   1.5503532297831479     
    12998151           1  0.77419251460176253     
    12998151           2  0.90138459934585557     
    12998151           3   1.3244228860523819     
    12998154           1   1.1450674753828953     
    12998154           2  0.94613992261650071     
    12998154           3  0.90879260200060408     
    12998156           1   1.0501967955741169     
    12998156           2  0.91712490447941386     
    12998156           3   1.0326782999464692     
    12998157           1   1.1929249787842735     
    12998157           2  0.44856571195291151     
    12998157           3   1.3585093092628149     
    12998158           1  0.91262734577685800     
    12998158           2  0.92994127986844533     
    12998158           3   1.1574313743546967     
    12998160           1   1.4272419523206230     
    12998160           2  0.65424956365118314     
    12998160           3  0.91850848402819374     
    12998161           1  0.92766219759282154     
    12998161           2   1.0154699864779251     
    12998161           3   1.0568678159292533     
    12998162           1  0.91075835115135761     
    12998162           2  0.69688296881147438     
    12998162           3   1.3923586800371681     
    12998166           1  0.49408203568563769     
    12998166           2   1.2484319268238011     
    12998166           3   1.2574860374905614     
    12998167           1  0.85526839470494120     
    12998167           2  0.85409541718293291     
    12998167           3   1.2906361881121262     
    12998169           1   1.2124021910724607     
    12998169           2  0.70272902820702343     
    12998169           3   1.0848687807205157     
    12998171           1   1.0659905278689441     
    12998171           2  0.84400651993796283     
    12998171           3   1.0900029521930930     
    12998172           1  0.81771209058337968     
    12998172           2  0.88944823100453019     
    12998172           3   1.2928396784120901     
    12998173           1  0.78130081386849504     
    12998173           2   1.2412483471017213     
    12998173           3  0.97745083902978369     
    12998175           1  0.87334315136507390     
    12998175           2   1.0570942114672250     
    12998175           3   1.0695626371677014     
    12998177           1  0.99769920613019980     
    12998177           2   1.0559843765320707     
    12998177           3  0.94631641733772953     
    12998179           1  0.86874538273233548     
    12998179           2   1.0056012539544508     
    12998179           3   1.1256533633132138     
    12998180           1   1.6449541761180899     
    12998180           2   5.1293509041204770E-002
    12998180           3   1.3037523148407055     
    12998182           1   1.3083957749415354     
    12998182           2  0.96443244431134778     
    12998182           3  0.72717178074711675     
    12998183           1  0.77156161054482819     
    12998183           2   1.2253984307667207     
    12998183           3   1.0030399586884513     
    12998184           1   1.0092788985333012     
    12998184           2  0.90318292276946788     
    12998184           3   1.0875381786972309     
    12998185           1  0.78279006057126788     
    12998185           2   1.0487533863381229     
    12998185           3   1.1684565530906093     
    12998186           1   1.2300833970645422     
    12998186           2   1.0270467834680261     
    12998186           3  0.74286981946743158     
    12998187           1  0.92720341010981033     
    12998187           2  0.64315404405961263     
    12998187           3   1.4296425458305773     
    12998189           1  0.83422578996315278     
    12998189           2  0.88271764305722022     
    12998189           3   1.2830565669796270     
    12998190           1  0.76248940237049267     
    12998190           2  0.84038319660170557     
    12998190           3   1.3971274010278014     
    12998191           1   1.2691231066342383     
    12998191           2  0.77051990272569737     
    12998191           3  0.96035699064006430     
