    11252587           1  0.96095808612042843     
    11252587           2   1.1037403324768844     
    11252587           3  0.93530158140268738     
    11463846           1   1.0979009644923894     
    11463846           2   1.0317021342354333     
    11463846           3  0.87039690127217717     
    11636267           1   1.0686881241434778     
    11636267           2   1.1103571751854555     
    11636267           3  0.82095470067106702     
    11689175           1   1.2522668078197787     
    11689175           2  0.62930786309062603     
    11689175           3   1.1184253290895951     
    11814743           1   1.0683112650159219     
    11814743           2  0.93950716373165044     
    11814743           3  0.99218157125242767     
    11819771           1  0.86860432823576461     
    11819771           2  0.94719369077709648     
    11819771           3   1.1842019809871391     
    11859108           1  0.88625932132078067     
    11859108           2   1.1387665077620552     
    11859108           3  0.97497417091716410     
    11868219           1  0.66260124204157067     
    11868219           2   1.3610210453223801     
    11868219           3  0.97637771263604889     
    11972847           1  0.94773780230420046     
    11972847           2  0.94587579698472057     
    11972847           3   1.1063864007110795     
    12068789           1  0.78660778848189994     
    12068789           2  0.90805133173275543     
    12068789           3   1.3053408797853450     
    12155111           1  0.95409932766973427     
    12155111           2   1.1262739175705503     
    12155111           3  0.91962675475971534     
    12158455           1  0.82471754600244207     
    12158455           2  0.75633057879522914     
    12158455           3   1.4189518752023285     
    12190001           1  0.97856340021257660     
    12190001           2   1.0151007373260610     
    12190001           3   1.0063358624613625     
    12192245           1  0.92790243150008200     
    12192245           2  0.82988397427945904     
    12192245           3   1.2422135942204591     
    12200499           1  0.94462359607789848     
    12200499           2  0.88498060406413859     
    12200499           3   1.1703957998579626     
    12235635           1  0.81819147634903600     
    12235635           2   1.0375948214837487     
    12235635           3   1.1442137021672150     
    12294148           1   1.1595543350487079     
    12294148           2  0.98357994015584449     
    12294148           3  0.85686572479544820     
    12316819           1   1.0041949044414347     
    12316819           2   1.0496878407657682     
    12316819           3  0.94611725479279729     
    12317192           1  0.89436884541388562     
    12317192           2  0.84927623948726083     
    12317192           3   1.2563549150988536     
    12323895           1   1.0328036055709069     
    12323895           2  0.61792769006862525     
    12323895           3   1.3492687043604679     
    12345531           1  0.96795982715415763     
    12345531           2  0.91976802777952726     
    12345531           3   1.1122721450663151     
    12360911           1  0.79199957745897542     
    12360911           2   1.3007199182846021     
    12360911           3  0.90728050425642215     
    12370958           1   1.1065948353616706     
    12370958           2  0.66981939430018611     
    12370958           3   1.2235857703381430     
    12384858           1   1.0081493748996637     
    12384858           2  0.87488394348305853     
    12384858           3   1.1169666816172776     
    12401692           1   1.0024602516001904     
    12401692           2   1.1584132829385541     
    12401692           3  0.83912646546125536     
    12414533           1   1.1947006614483089     
    12414533           2   1.0476563232570937     
    12414533           3  0.75764301529459765     
    12415659           1  0.86863756154481719     
    12415659           2   1.0621875358435315     
    12415659           3   1.0691749026116515     
    12428873           1   1.0802369115332047     
    12428873           2  0.76914889749548765     
    12428873           3   1.1506141909713077     
    12442589           1  0.72589248431862607     
    12442589           2   1.0376087968838856     
    12442589           3   1.2364987187974881     
    12468708           1  0.81402798370740070     
    12468708           2   1.1432467197101677     
    12468708           3   1.0427252965824318     
    12473827           1  0.98118364666737035     
    12473827           2  0.70826891043490858     
    12473827           3   1.3105474428977208     
    12476309           1  0.60295691331494994     
    12476309           2   1.0949165787724484     
    12476309           3   1.3021265079126019     
    12479262           1  0.99531977025386420     
    12479262           2  0.94884959481286613     
    12479262           3   1.0558306349332698     
    12480238           1   1.1140092144199325     
    12480238           2  0.73371579994024450     
    12480238           3   1.1522749856398233     
    12484166           1   1.1688616628078825     
    12484166           2  0.97711286888455073     
    12484166           3  0.85402546830756687     
    12484169           1  0.59375145305701416     
    12484169           2   1.1087473251900382     
    12484169           3   1.2975012217529474     
    12493396           1  0.90265173079941674     
    12493396           2  0.99975169779131134     
    12493396           3   1.0975965714092719     
    12497115           1   1.1302569280606785     
    12497115           2  0.89064643938059873     
    12497115           3  0.97909663255872270     
    12508278           1  0.73462074190420157     
    12508278           2   1.1800842951402810     
    12508278           3   1.0852949629555175     
    12516888           1   1.0249196072751388     
    12516888           2   1.0468105020287417     
    12516888           3  0.92826989069611920     
    12543704           1   1.0038888332059523     
    12543704           2  0.88449054506296754     
    12543704           3   1.1116206217310798     
    12547137           1  0.89914886857268272     
    12547137           2  0.79398335098851203     
    12547137           3   1.3068677804388047     
    12563994           1   1.0385486974830100     
    12563994           2  0.77483207455799086     
    12563994           3   1.1866192279589991     
    12566896           1  0.99757664695667347     
    12566896           2  0.86373034583851205     
    12566896           3   1.1386930072048145     
    12569571           1  0.71458115039297643     
    12569571           2  0.72544191725843676     
    12569571           3   1.5599769323485870     
    12571681           1  0.82418394071558010     
    12571681           2   1.0672541541238059     
    12571681           3   1.1085619051606139     
    12575229           1  0.91998694925867430     
    12575229           2  0.90772356366901474     
    12575229           3   1.1722894870723106     
    12580253           1  0.86661592977834301     
    12580253           2   1.1705169658943317     
    12580253           3  0.96286710432732525     
    12582841           1  0.78850316509806717     
    12582841           2   1.0320879060282722     
    12582841           3   1.1794089288736607     
    12583670           1  0.81055891739957064     
    12583670           2   1.0279155424035347     
    12583670           3   1.1615255401968949     
    12583923           1  0.89025512548538688     
    12583923           2  0.93757206170708840     
    12583923           3   1.1721728128075251     
    12585367           1   1.1809103822981981     
    12585367           2  0.91809946236358109     
    12585367           3  0.90099015533822124     
    12590288           1   1.0644510595390801     
    12590288           2   1.2725819540883319     
    12590288           3  0.66296698637258811     
    12596339           1  0.75542526582404323     
    12596339           2   1.2126509945493380     
    12596339           3   1.0319237396266188     
    12607371           1  0.82120636544866965     
    12607371           2  0.77207969861773462     
    12607371           3   1.4067139359335961     
    12609429           1   1.1428748462691454     
    12609429           2  0.72998945338163390     
    12609429           3   1.1271357003492208     
    12611283           1  0.73566601477339899     
    12611283           2  0.90202154718216421     
    12611283           3   1.3623124380444367     
    12614171           1   1.1268977447215804     
    12614171           2  0.74523574169677975     
    12614171           3   1.1278665135816397     
    12617373           1  0.87262119803075522     
    12617373           2   1.1038722610659251     
    12617373           3   1.0235065409033193     
    12627354           1   1.1327502278067361     
    12627354           2  0.95135780973842488     
    12627354           3  0.91589196245483950     
    12628080           1   1.0390286629988259     
    12628080           2   1.1110461417602560     
    12628080           3  0.84992519524091759     
    12628271           1   1.1183433495813904     
    12628271           2   1.0388729876499345     
    12628271           3  0.84278366276867500     
    12633761           1  0.84525907747445650     
    12633761           2  0.87046151733279542     
    12633761           3   1.2842794051927477     
    12636439           1  0.99550884503089043     
    12636439           2  0.83492598754681324     
    12636439           3   1.1695651674222962     
    12639116           1  0.95005534192107288     
    12639116           2  0.86920418261027010     
    12639116           3   1.1807404754686570     
    12646759           1  0.79593330543937579     
    12646759           2   1.1746887721068231     
    12646759           3   1.0293779224538011     
    12647678           1  0.71376387925759832     
    12647678           2   1.0719050782765567     
    12647678           3   1.2143310424658449     
    12651416           1  0.92457332956859795     
    12651416           2  0.90481341551085526     
    12651416           3   1.1706132549205470     
    12653899           1   1.1259925226199115     
    12653899           2   1.0112389015792294     
    12653899           3  0.86276857580085931     
    12655515           1   1.0415835896597367     
    12655515           2  0.79758364896678124     
    12655515           3   1.1608327613734821     
    12662117           1  0.68869437461562288     
    12662117           2   1.3085615766470957     
    12662117           3   1.0027440487372816     
    12663279           1   1.0268453334057412     
    12663279           2   1.1180274728938169     
    12663279           3  0.85512719370044232     
    12669265           1  0.49035137294436915     
    12669265           2   1.2752252606933860     
    12669265           3   1.2344233663622450     
    12675501           1   1.0082560046520901     
    12675501           2  0.87785658603040473     
    12675501           3   1.1138874093175053     
    12675922           1   1.0513294476380168     
    12675922           2  0.60823655563047307     
    12675922           3   1.3404339967315100     
    12676295           1   1.1174022408308586     
    12676295           2  0.76467109374323050     
    12676295           3   1.1179266654259112     
    12683766           1  0.63134608631463518     
    12683766           2   1.1303230260526058     
    12683766           3   1.2383308876327588     
    12689232           1  0.97466616852422849     
    12689232           2  0.97668503597603129     
    12689232           3   1.0486487954997403     
    12691492           1   1.0975447442664914     
    12691492           2  0.91529189677455081     
    12691492           3  0.98716335895895801     
    12694841           1  0.99224298951623513     
    12694841           2  0.98357270355686988     
    12694841           3   1.0241843069268948     
    12695563           1   1.0202400654736559     
    12695563           2  0.88335298072403590     
    12695563           3   1.0964069538023082     
    12699147           1  0.81443382543079212     
    12699147           2   1.2071682655663114     
    12699147           3  0.97839790900289669     
    12702423           1  0.81782276825061306     
    12702423           2   1.1244897391365347     
    12702423           3   1.0576874926128517     
    12711466           1  0.94828858673430005     
    12711466           2   1.1129617624386543     
    12711466           3  0.93874965082704565     
    12718195           1  0.86550437240273703     
    12718195           2  0.93594729296436863     
    12718195           3   1.1985483346328947     
    12718244           1  0.59889334853384502     
    12718244           2   1.0923690518837907     
    12718244           3   1.3087375995823645     
    12718658           1  0.91486380986020555     
    12718658           2   1.2277303909937951     
    12718658           3  0.85740579914599946     
    12719916           1  0.99670844019662763     
    12719916           2   1.1517666605710251     
    12719916           3  0.85152489923234720     
    12721986           1   1.1225186536611147     
    12721986           2  0.64722482238176360     
    12721986           3   1.2302565239571213     
    12722450           1  0.84295710666437806     
    12722450           2   1.2022843362267237     
    12722450           3  0.95475855710889790     
    12722517           1  0.87616127481970907     
    12722517           2   1.0425486436767244     
    12722517           3   1.0812900815035671     
    12723732           1  0.52170437614496779     
    12723732           2   1.2361460031684168     
    12723732           3   1.2421496206866158     
    12727282           1  0.91733510209110336     
    12727282           2   1.2902742301926211     
    12727282           3  0.79239066771627598     
    12738107           1  0.78425603015187229     
    12738107           2  0.87812919564105629     
    12738107           3   1.3376147742070719     
    12740886           1   1.1303546199271082     
    12740886           2   1.1802978555664538     
    12740886           3  0.68934752450643777     
    12742920           1  0.87478573069193544     
    12742920           2  0.82329512696102269     
    12742920           3   1.3019191423470415     
    12746353           1  0.90361922581153964     
    12746353           2   1.1188812512642978     
    12746353           3  0.97749952292416287     
    12748875           1  0.92898119675991619     
    12748875           2  0.86075049677306015     
    12748875           3   1.2102683064670234     
    12750866           1  0.95810693722674922     
    12750866           2   1.0687460277073420     
    12750866           3  0.97314703506590849     
    12759105           1  0.73340250074215485     
    12759105           2   1.0168050788398626     
    12759105           3   1.2497924204179827     
    12763477           1  0.56433488265721787     
    12763477           2   1.4861568269874532     
    12763477           3  0.94950829035532869     
    12763886           1   1.0146196214155050     
    12763886           2  0.99462737385941813     
    12763886           3  0.99075300472507688     
    12764995           1   1.1233886433544431     
    12764995           2  0.90285811608773958     
    12764995           3  0.97375324055781709     
    12767322           1  0.86086684827707805     
    12767322           2   1.1920932487539082     
    12767322           3  0.94703990296901397     
    12769817           1  0.95265019746168500     
    12769817           2   1.2469275316125676     
    12769817           3  0.80042227092574747     
    12772155           1  0.96091203098074107     
    12772155           2  0.79315166043179042     
    12772155           3   1.2459363085874688     
    12773354           1  0.71427069508110996     
    12773354           2   1.2245103289785602     
    12773354           3   1.0612189759403301     
    12781156           1   1.0377636269892152     
    12781156           2   1.2016210464559254     
    12781156           3  0.76061532655485908     
    12782519           1  0.75365453127243687     
    12782519           2   1.0889526672091840     
    12782519           3   1.1573928015183792     
    12786506           1   1.0271708825630257     
    12786506           2   1.0491098615078556     
    12786506           3  0.92371925592911885     
    12787922           1  0.88002759263631680     
    12787922           2  0.95418791899294775     
    12787922           3   1.1657844883707353     
    12788505           1  0.78104311092266265     
    12788505           2  0.91568194989672558     
    12788505           3   1.3032749391806118     
    12795786           1   1.0194923887133691     
    12795786           2  0.99956535720422746     
    12795786           3  0.98094225408240376     
    12796433           1   1.1159834982865786     
    12796433           2  0.89008022007940735     
    12796433           3  0.99393628163401371     
    12801975           1  0.83167426837695557     
    12801975           2   1.1616330359017122     
    12801975           3   1.0066926957213325     
    12805152           1   1.1717575022049385     
    12805152           2  0.83173865183114770     
    12805152           3  0.99650384596391406     
    12806005           1   1.1109176494196722     
    12806005           2  0.88603982711547202     
    12806005           3   1.0030425234648555     
    12807312           1   1.1609206398966041     
    12807312           2  0.85167446503078248     
    12807312           3  0.98740489507261353     
    12809902           1   1.0914951830745154     
    12809902           2  0.76463829553854534     
    12809902           3   1.1438665213869392     
    12810669           1  0.63518436393929745     
    12810669           2   1.0526416323742938     
    12810669           3   1.3121740036864085     
    12810680           1   1.2290724741680619     
    12810680           2  0.89227161480189376     
    12810680           3  0.87865591103004415     
    12814514           1  0.97534475648625174     
    12814514           2  0.83900997587244963     
    12814514           3   1.1856452676412985     
    12815092           1   1.0873885672951564     
    12815092           2   1.0628150200132407     
    12815092           3  0.84979641269160278     
    12816138           1   1.2926761540632830     
    12816138           2   1.1443227313875013     
    12816138           3  0.56300111454921598     
    12816696           1  0.74727586026709536     
    12816696           2   1.1781575719937414     
    12816696           3   1.0745665677391631     
    12816808           1  0.89181892063156243     
    12816808           2  0.91909319183135429     
    12816808           3   1.1890878875370836     
    12820491           1  0.79996036236219736     
    12820491           2   1.0118796259374672     
    12820491           3   1.1881600117003357     
    12823675           1  0.75992555384248761     
    12823675           2   1.3543526674687631     
    12823675           3  0.88572177868874913     
    12824985           1  0.81553561700313026     
    12824985           2  0.79349963646604837     
    12824985           3   1.3909647465308210     
    12826112           1  0.94511591129474382     
    12826112           2  0.89136776828815634     
    12826112           3   1.1635163204170995     
    12826406           1   1.1503160282810458     
    12826406           2  0.88109134785140886     
    12826406           3  0.96859262386754519     
    12826733           1   1.0602814280084392     
    12826733           2   1.0426103850979191     
    12826733           3  0.89710818689364169     
    12828006           1   1.0943040694744970     
    12828006           2  0.73722967826642782     
    12828006           3   1.1684662522590750     
    12829346           1  0.89713809587594162     
    12829346           2   1.1079626543838952     
    12829346           3  0.99489924974016308     
    12829744           1  0.99642235167198834     
    12829744           2  0.79639943245098732     
    12829744           3   1.2071782158770241     
    12834433           1  0.82830623773206868     
    12834433           2  0.96510218969220896     
    12834433           3   1.2065915725757226     
    12835228           1  0.80638402981444379     
    12835228           2  0.81826002710717494     
    12835228           3   1.3753559430783813     
    12837608           1  0.92363644572978754     
    12837608           2   1.2576371831076740     
    12837608           3  0.81872637116253855     
    12837732           1  0.81656145086483556     
    12837732           2  0.95732306076565454     
    12837732           3   1.2261154883695098     
    12839548           1  0.76613095982012547     
    12839548           2   1.0040846765709490     
    12839548           3   1.2297843636089258     
    12839791           1  0.83274097040785588     
    12839791           2   1.1005634211804953     
    12839791           3   1.0666956084116488     
    12840347           1   1.0587256725158467     
    12840347           2  0.75485352091013147     
    12840347           3   1.1864208065740218     
    12847164           1  0.95099474991501198     
    12847164           2  0.88204953491579818     
    12847164           3   1.1669557151691898     
    12847741           1  0.84496339401082710     
    12847741           2  0.99834677035799368     
    12847741           3   1.1566898356311792     
    12849021           1   1.2478647351259602     
    12849021           2  0.74031706658133178     
    12849021           3   1.0118181982927084     
    12849419           1  0.90445929871885455     
    12849419           2  0.91855955805256595     
    12849419           3   1.1769811432285793     
    12849552           1  0.84757003792099528     
    12849552           2  0.83743123696980837     
    12849552           3   1.3149987251091961     
    12850000           1   1.0990442507039242     
    12850000           2  0.69902767902164398     
    12850000           3   1.2019280702744317     
    12850315           1  0.85300121599809098     
    12850315           2  0.75950922880572747     
    12850315           3   1.3874895551961819     
    12851431           1  0.97412307357116223     
    12851431           2  0.90652266171199036     
    12851431           3   1.1193542647168471     
    12851696           1  0.89161171681146278     
    12851696           2  0.78732775343236761     
    12851696           3   1.3210605297561693     
    12852270           1  0.83514271313908162     
    12852270           2  0.97054106974457088     
    12852270           3   1.1943162171163468     
    12854339           1  0.84805353055815536     
    12854339           2  0.86888966703703086     
    12854339           3   1.2830568024048143     
    12854592           1   1.0840509312573097     
    12854592           2  0.95334913064969906     
    12854592           3  0.96259993809299060     
    12857883           1   1.0795703989413279     
    12857883           2  0.70246833986359236     
    12857883           3   1.2179612611950801     
    12859375           1  0.91023214070772795     
    12859375           2  0.98295374401603142     
    12859375           3   1.1068141152762410     
    12860601           1   1.0995935907793621     
    12860601           2  0.92116987354552549     
    12860601           3  0.97923653567511226     
    12862226           1   1.0908521805017020     
    12862226           2  0.77527553803582883     
    12862226           3   1.1338722814624689     
    12863076           1  0.45488954009121496     
    12863076           2   1.3973709346299130     
    12863076           3   1.1477395252788722     
    12863988           1  0.81145022246588450     
    12863988           2  0.95956406581573672     
    12863988           3   1.2289857117183784     
    12866537           1  0.86267010825100710     
    12866537           2  0.70537523683721293     
    12866537           3   1.4319546549117794     
    12869249           1   1.0050627860029997     
    12869249           2  0.89012496091510562     
    12869249           3   1.1048122530818947     
    12870363           1  0.65067876731364471     
    12870363           2   1.2015572925007556     
    12870363           3   1.1477639401855992     
    12870428           1  0.62970079768291654     
    12870428           2   1.1273774029383645     
    12870428           3   1.2429217993787192     
    12875027           1  0.95895390276826498     
    12875027           2   1.1076951897302030     
    12875027           3  0.93335090750153193     
    12875153           1   1.1666461248389453     
    12875153           2  0.97829510106055895     
    12875153           3  0.85505877410049569     
    12875321           1  0.96699954045426262     
    12875321           2   1.0786655199958455     
    12875321           3  0.95433493954989190     
    12880256           1   1.1369292379871367     
    12880256           2  0.77803399004627483     
    12880256           3   1.0850367719665883     
    12880500           1  0.87410668770472744     
    12880500           2   1.0499866579286161     
    12880500           3   1.0759066543666569     
    12883301           1  0.98524443498203607     
    12883301           2   1.0220312267752945     
    12883301           3  0.99272433824266915     
    12884272           1  0.88168002854532190     
    12884272           2   1.1908636760998164     
    12884272           3  0.92745629535486118     
    12887599           1  0.96488560070411900     
    12887599           2   1.1059546314418867     
    12887599           3  0.92915976785399435     
    12889036           1  0.95692984208134513     
    12889036           2  0.77637540204283451     
    12889036           3   1.2666947558758204     
    12889371           1  0.96016358687259296     
    12889371           2  0.93652284326035751     
    12889371           3   1.1033135698670498     
    12890493           1   1.0695026932974319     
    12890493           2  0.94030260802268029     
    12890493           3  0.99019469867988830     
    12891288           1   1.0024165202670210     
    12891288           2   1.1583627483092327     
    12891288           3  0.83922073142374631     
    12892021           1  0.89433176925608715     
    12892021           2  0.93576039843390690     
    12892021           3   1.1699078323100061     
    12892767           1   1.0592686916125063     
    12892767           2   1.0995785566527980     
    12892767           3  0.84115275173469539     
    12893003           1   1.0835068884247900     
    12893003           2  0.87745108627847879     
    12893003           3   1.0390420252967314     
    12894558           1   1.0159986808512511     
    12894558           2   1.0620263624189865     
    12894558           3  0.92197495672976271     
    12895038           1  0.94960735944275310     
    12895038           2   1.1103374826969006     
    12895038           3  0.94005515786034644     
    12896056           1   1.2773601732917761     
    12896056           2   1.1149936132725495     
    12896056           3  0.60764621343567415     
    12898405           1   1.0746354593184286     
    12898405           2  0.78071673573129041     
    12898405           3   1.1446478049502806     
    12899954           1   1.1307473408542037     
    12899954           2  0.82280069933915534     
    12899954           3   1.0464519598066409     
    12901404           1  0.83042039303741866     
    12901404           2   1.0345705633727837     
    12901404           3   1.1350090435897977     
    12902242           1  0.76760598185182083     
    12902242           2   1.1465811857915587     
    12902242           3   1.0858128323566207     
    12903341           1  0.90829634419002847     
    12903341           2  0.92936354535991883     
    12903341           3   1.1623401104500526     
    12903342           1   1.0687230177865976     
    12903342           2  0.78653085957939428     
    12903342           3   1.1447461226340083     
    12905064           1   1.0086954575169431     
    12905064           2   1.1448748794712325     
    12905064           3  0.84642966301182421     
    12905410           1   1.0626061154615742     
    12905410           2  0.95051090409415384     
    12905410           3  0.98688298044427192     
    12906134           1  0.93678508825235129     
    12906134           2   1.2761225984240263     
    12906134           3  0.78709231332362284     
    12906915           1  0.79778781606730664     
    12906915           2   1.0085442744701345     
    12906915           3   1.1936679094625591     
    12908271           1  0.93691943308138881     
    12908271           2   1.1011082502731617     
    12908271           3  0.96197231664544902     
    12909306           1  0.99223134263935109     
    12909306           2   1.0082371342644521     
    12909306           3  0.99953152309619664     
    12911586           1   1.0191421446322098     
    12911586           2  0.87064729839592403     
    12911586           3   1.1102105569718663     
    12912589           1  0.93946049899389572     
    12912589           2  0.90773734455403132     
    12912589           3   1.1528021564520730     
    12913578           1  0.55210684658095666     
    12913578           2   1.0158872732161417     
    12913578           3   1.4320058802029019     
    12913579           1  0.95403574677191794     
    12913579           2  0.80894386190225376     
    12913579           3   1.2370203913258282     
    12915218           1  0.51665460338835756     
    12915218           2   1.4166371735284013     
    12915218           3   1.0667082230832412     
    12915974           1   1.0747943858099775     
    12915974           2  0.92150571137478388     
    12915974           3   1.0036999028152380     
    12915995           1  0.96538119737576045     
    12915995           2  0.85131422413778401     
    12915995           3   1.1833045784864553     
    12917094           1  0.81673311795086356     
    12917094           2   1.1636032154494540     
    12917094           3   1.0196636665996821     
    12917849           1   1.1064832221805234     
    12917849           2  0.66164700211206917     
    12917849           3   1.2318697757074082     
    12918334           1  0.79249613959325860     
    12918334           2   1.0701235629736667     
    12918334           3   1.1373802974330749     
    12919771           1   1.0625717839876030     
    12919771           2   1.0383821501316004     
    12919771           3  0.89904606588079705     
    12920352           1   1.0874256750298117     
    12920352           2  0.91809633886649422     
    12920352           3  0.99447798610369398     
    12923771           1   1.1285486036798604     
    12923771           2  0.70413759921104213     
    12923771           3   1.1673137971090972     
    12924765           1  0.88822685909535914     
    12924765           2  0.97339244584543594     
    12924765           3   1.1383806950592046     
    12924970           1   1.0673576623040917     
    12924970           2  0.78708691354326210     
    12924970           3   1.1455554241526460     
    12925857           1   1.0941036493589285     
    12925857           2  0.76346197264109050     
    12925857           3   1.1424343779999813     
    12925863           1   1.0824003050210529     
    12925863           2   1.0579394858866771     
    12925863           3  0.85966020909226992     
    12926040           1   1.0928783325367022     
    12926040           2  0.93386536509697160     
    12926040           3  0.97325630236632654     
    12928077           1  0.99058037720587666     
    12928077           2  0.87871257182240126     
    12928077           3   1.1307070509717223     
    12928168           1   1.1228167802029625     
    12928168           2  0.76837642168377940     
    12928168           3   1.1088067981132581     
    12928496           1  0.84412651157536311     
    12928496           2   1.0947816895239608     
    12928496           3   1.0610917989006761     
    12930853           1  0.69232981061012144     
    12930853           2   1.2996329192434872     
    12930853           3   1.0080372701463911     
    12931491           1   1.0175348644282864     
    12931491           2  0.87135374694977596     
    12931491           3   1.1111113886219375     
    12931732           1  0.99910121064779100     
    12931732           2  0.82711316149388092     
    12931732           3   1.1737856278583279     
    12931982           1  0.95055874656969441     
    12931982           2  0.97691566189980650     
    12931982           3   1.0725255915304992     
    12932088           1  0.90783714601470666     
    12932088           2  0.84777105741222980     
    12932088           3   1.2443917965730633     
    12932681           1  0.89611705974219269     
    12932681           2   1.1514328482862415     
    12932681           3  0.95245009197156560     
    12934349           1   1.1726076057863997     
    12934349           2  0.52209071097929993     
    12934349           3   1.3053016832343005     
    12934753           1   1.1105269637741335     
    12934753           2  0.88622307113430654     
    12934753           3   1.0032499650915598     
    12935167           1  0.96070105027478925     
    12935167           2   1.0884155152843378     
    12935167           3  0.95088343444087320     
    12935988           1  0.83683727443145062     
    12935988           2   1.1502205152467850     
    12935988           3   1.0129422103217642     
    12936211           1  0.65199386502872692     
    12936211           2   1.1672895333665447     
    12936211           3   1.1807166016047286     
    12936278           1   1.0024017369572042     
    12936278           2   1.0031298878773849     
    12936278           3  0.99446837516541053     
    12936539           1  0.88614678392706614     
    12936539           2   1.1313908595434468     
    12936539           3  0.98246235652948732     
    12936659           1   1.0072863306471607     
    12936659           2   1.1291099809185132     
    12936659           3  0.86360368843432567     
    12937685           1  0.90323712506583775     
    12937685           2  0.90280032022242762     
    12937685           3   1.1939625547117345     
    12938122           1   1.2147240778972836     
    12938122           2  0.92555023663914715     
    12938122           3  0.85972568546356931     
    12940808           1   1.0698546473775190     
    12940808           2   1.1115691821439648     
    12940808           3  0.81857617047851639     
    12941081           1   1.1484210503821162     
    12941081           2   1.0029402908139509     
    12941081           3  0.84863865880393308     
    12941697           1   1.0161226335257971     
    12941697           2  0.85807681117605827     
    12941697           3   1.1258005552981447     
    12943786           1  0.99903818801187572     
    12943786           2   1.1544588479278530     
    12943786           3  0.84650296406027148     
    12944136           1  0.69875931515956036     
    12944136           2   1.2838420090242588     
    12944136           3   1.0173986758161810     
    12944770           1   1.0823630142632761     
    12944770           2  0.95653585987396528     
    12944770           3  0.96110112586275853     
    12944933           1  0.89833597323718395     
    12944933           2  0.81417190573751486     
    12944933           3   1.2874921210253012     
    12945514           1   1.1326590305886504     
    12945514           2  0.72346429646808685     
    12945514           3   1.1438766729432632     
    12945884           1  0.85942776194966086     
    12945884           2  0.70644529663427558     
    12945884           3   1.4341269414160636     
    12949345           1   1.0629258027698458     
    12949345           2  0.93452023145221874     
    12949345           3   1.0025539657779354     
    12949768           1  0.91935887125993720     
    12949768           2   1.2190225804721626     
    12949768           3  0.86161854826790019     
    12950419           1  0.98191760995825428     
    12950419           2   1.1703263720091115     
    12950419           3  0.84775601803263434     
    12950535           1  0.98148410737152558     
    12950535           2  0.89070314376243753     
    12950535           3   1.1278127488660368     
    12950778           1   1.0763593118356876     
    12950778           2  0.94658487402903735     
    12950778           3  0.97705581413527498     
    12950872           1  0.99200016365152399     
    12950872           2  0.90954371033097459     
    12950872           3   1.0984561260175014     
    12951160           1   1.1100057204029739     
    12951160           2  0.88531249559029646     
    12951160           3   1.0046817840067295     
    12951527           1  0.97654424332467404     
    12951527           2  0.97856700091261695     
    12951527           3   1.0448887557627089     
    12951874           1  0.99208479931610116     
    12951874           2  0.98767419030307202     
    12951874           3   1.0202410103808266     
    12951941           1   1.1876538378645984     
    12951941           2   1.0414768261457406     
    12951941           3  0.77086933598966068     
    12953055           1  0.56047112547714595     
    12953055           2  0.98582846791229273     
    12953055           3   1.4537004066105614     
    12953777           1  0.90915245456071203     
    12953777           2   1.1442987147766155     
    12953777           3  0.94654883066267215     
    12954099           1   1.0189876149289434     
    12954099           2   1.1324288728106087     
    12954099           3  0.84858351226044759     
    12954453           1  0.83692139925200582     
    12954453           2  0.89146739245910167     
    12954453           3   1.2716112082888924     
    12955175           1   1.1529868433661612     
    12955175           2  0.70990471695355217     
    12955175           3   1.1371084396802866     
    12955241           1  0.72698334329780068     
    12955241           2   1.0391680978787345     
    12955241           3   1.2338485588234651     
    12955284           1   1.1410910006716870     
    12955284           2  0.86085753659637565     
    12955284           3  0.99805146273193757     
    12955539           1  0.95011522156979944     
    12955539           2  0.87268481293758704     
    12955539           3   1.1771999654926137     
    12956493           1   1.0868790495475134     
    12956493           2  0.93555062456067173     
    12956493           3  0.97757032589181525     
    12957314           1  0.87595062560487846     
    12957314           2   1.1831251115110613     
    12957314           3  0.94092426288406039     
    12957413           1  0.82985373932453055     
    12957413           2  0.98339366963074204     
    12957413           3   1.1867525910447272     
    12957446           1   1.0998387024041858     
    12957446           2  0.67030470115473328     
    12957446           3   1.2298565964410810     
    12958142           1  0.93060801806318261     
    12958142           2  0.90308849927758428     
    12958142           3   1.1663034826592331     
    12958400           1   1.0126803982297083     
    12958400           2   1.3115837292977655     
    12958400           3  0.67573587247252631     
    12958715           1  0.99648227117970234     
    12958715           2   1.0125566349950841     
    12958715           3  0.99096109382521325     
    12959389           1   1.0428240453429500     
    12959389           2   1.1928516604157853     
    12959389           3  0.76432429424126491     
    12959931           1  0.91334589687689682     
    12959931           2   1.2293106645773935     
    12959931           3  0.85734343854570971     
    12960569           1  0.89776754961506644     
    12960569           2   1.1480979869125956     
    12960569           3  0.95413446347233777     
    12960853           1   1.1686835284124011     
    12960853           2  0.83730895971502606     
    12960853           3  0.99400751187257297     
    12961053           1  0.90180139572717488     
    12961053           2  0.78747550866196514     
    12961053           3   1.3107230956108602     
    12962022           1  0.76776864299469327     
    12962022           2   1.0062310101182157     
    12962022           3   1.2260003468870915     
    12962273           1   1.1808027192490298     
    12962273           2  0.98709502527480564     
    12962273           3  0.83210225547616501     
    12963394           1  0.95500334917168106     
    12963394           2  0.90745661374497211     
    12963394           3   1.1375400370833473     
    12963808           1   1.0113464432319283     
    12963808           2  0.99157863263907542     
    12963808           3  0.99707492412899590     
    12964153           1  0.77815588457922724     
    12964153           2   1.2272059013266345     
    12964153           3  0.99463821409413822     
    12964191           1  0.96471786873654386     
    12964191           2  0.86255508467825637     
    12964191           3   1.1727270465851996     
    12964629           1  0.93831166433846858     
    12964629           2   1.1484285419410647     
    12964629           3  0.91325979372046695     
    12964970           1  0.60459981370283744     
    12964970           2   1.1290051128330409     
    12964970           3   1.2663950734641209     
    12966222           1  0.98688035123283080     
    12966222           2  0.72242313388440460     
    12966222           3   1.2906965148827643     
    12966493           1   1.1485709158704724     
    12966493           2  0.52895805516193561     
    12966493           3   1.3224710289675921     
    12966856           1   1.0630609604570052     
    12966856           2  0.71225961031419516     
    12966856           3   1.2246794292287992     
    12967348           1  0.94457340311909377     
    12967348           2  0.90568655248700591     
    12967348           3   1.1497400443939001     
    12967846           1  0.71143683904081434     
    12967846           2   1.0781911268635129     
    12967846           3   1.2103720340956730     
    12967954           1  0.73802341000864569     
    12967954           2  0.90491201820395262     
    12967954           3   1.3570645717874017     
    12967996           1  0.82945947670212039     
    12967996           2   1.1665287023930215     
    12967996           3   1.0040118209048587     
    12968354           1  0.96915084808011021     
    12968354           2   1.0629655409276610     
    12968354           3  0.96788361099222897     
    12968621           1   1.1740919576672308     
    12968621           2  0.82730046622036268     
    12968621           3  0.99860757611240636     
    12969218           1   1.0269754744590467     
    12969218           2   1.1177889541227788     
    12969218           3  0.85523557141817430     
    12969705           1  0.95471849856202473     
    12969705           2  0.91520566054434382     
    12969705           3   1.1300758408936313     
    12969907           1  0.81818117436695981     
    12969907           2   1.0701985561997363     
    12969907           3   1.1116202694333039     
    12970147           1   1.0053228509731924     
    12970147           2   1.0823900471883827     
    12970147           3  0.91228710183842487     
    12970729           1  0.97877525127938214     
    12970729           2   1.1126897541116985     
    12970729           3  0.90853499460891973     
    12970879           1   1.1346240158637306     
    12970879           2   1.0298843422358503     
    12970879           3  0.83549164190041914     
    12971057           1   1.0368887959714994     
    12971057           2   1.0996201042172840     
    12971057           3  0.86349109981121663     
    12971123           1  0.94562111015467143     
    12971123           2  0.88591513567428504     
    12971123           3   1.1684637541710436     
    12971463           1   1.1164002991628286     
    12971463           2  0.66635057001112896     
    12971463           3   1.2172491308260427     
    12971508           1  0.83213539269541470     
    12971508           2   1.1019447108002014     
    12971508           3   1.0659198965043837     
    12971770           1   1.0057073097384372     
    12971770           2  0.87655231710938764     
    12971770           3   1.1177403731521751     
    12971773           1   1.0126727387545360     
    12971773           2  0.86598009388087938     
    12971773           3   1.1213471673645847     
    12971838           1  0.89005763173299723     
    12971838           2  0.92479388658932771     
    12971838           3   1.1851484816776749     
    12971975           1  0.98136697449066146     
    12971975           2  0.87072226689442600     
    12971975           3   1.1479107586149124     
    12972157           1  0.55430420078653453     
    12972157           2   1.0199304474423234     
    12972157           3   1.4257653517711424     
    12972725           1  0.96619263504858599     
    12972725           2  0.86236175268068005     
    12972725           3   1.1714456122707337     
    12973200           1   1.1195900197511721     
    12973200           2   1.1870934942683729     
    12973200           3  0.69331648598045470     
    12973459           1  0.81147614794001477     
    12973459           2   1.0537013144334255     
    12973459           3   1.1348225376265604     
    12973471           1   1.0192081093733705     
    12973471           2  0.62219825175960397     
    12973471           3   1.3585936388670254     
    12973720           1   1.1112029114147977     
    12973720           2  0.73186749489246328     
    12973720           3   1.1569295936927391     
    12973857           1   1.1427985831857472     
    12973857           2  0.89626959853942045     
    12973857           3  0.96093181827483232     
    12974160           1   1.0204733442889049     
    12974160           2   1.1381033352845951     
    12974160           3  0.84142332042649970     
    12974264           1  0.91265431978807832     
    12974264           2   1.1245463432309117     
    12974264           3  0.96279933698100995     
    12974398           1  0.73981544821870338     
    12974398           2   1.1110283932522678     
    12974398           3   1.1491561585290289     
    12974509           1  0.91224850474051655     
    12974509           2  0.89928238871554167     
    12974509           3   1.1884691065439417     
    12974915           1  0.96650019743064564     
    12974915           2  0.92290490219649579     
    12974915           3   1.1105949003728588     
    12975966           1  0.74476560844557627     
    12975966           2   1.1747996181313489     
    12975966           3   1.0804347734230748     
    12976104           1   1.0911348547829769     
    12976104           2  0.91099502142913880     
    12976104           3  0.99787012378788398     
    12976296           1  0.87015484518772868     
    12976296           2  0.71149524498274619     
    12976296           3   1.4183499098295251     
    12976360           1  0.88013911709807502     
    12976360           2   1.1744374471699541     
    12976360           3  0.94542343573197141     
    12976510           1   1.1223330671001275     
    12976510           2  0.71678217356752716     
    12976510           3   1.1608847593323453     
    12976586           1   1.0592354514637974     
    12976586           2  0.95159440238637671     
    12976586           3  0.98917014614982612     
    12976592           1   1.1460219224200217     
    12976592           2  0.88206034031080383     
    12976592           3  0.97191773726917452     
    12976736           1  0.96860248044324115     
    12976736           2   1.0804535623106553     
    12976736           3  0.95094395724610370     
    12977617           1  0.80188053505903834     
    12977617           2   1.0767160743679718     
    12977617           3   1.1214033905729901     
    12977632           1  0.91232555105193491     
    12977632           2  0.84531815501283614     
    12977632           3   1.2423562939352288     
    12978195           1   1.0443500245245483     
    12978195           2   1.1081089774475745     
    12978195           3  0.84754099802787730     
    12978416           1   1.0694969905989449     
    12978416           2  0.95667485502716432     
    12978416           3  0.97382815437389092     
    12979039           1   1.0172202728226449     
    12979039           2  0.84909959823873826     
    12979039           3   1.1336801289386169     
    12979127           1  0.93045453233857611     
    12979127           2   1.2447754336125918     
    12979127           3  0.82477003404883231     
    12979194           1   1.0127176674140728     
    12979194           2   1.1374775004460780     
    12979194           3  0.84980483213984936     
    12979333           1   1.0272846480515523     
    12979333           2   1.0492260568731435     
    12979333           3  0.92348929507530453     
    12979855           1  0.89955429301743262     
    12979855           2   1.1558493954965718     
    12979855           3  0.94459631148599543     
    12979938           1   1.1234001028647944     
    12979938           2  0.90283672347417832     
    12979938           3  0.97376317366102738     
    12979946           1  0.91636699762925222     
    12979946           2   1.1283379470615726     
    12979946           3  0.95529505530917513     
    12980126           1  0.94929142100849095     
    12980126           2  0.88584300091556323     
    12980126           3   1.1648655780759460     
    12980252           1  0.83550332441636499     
    12980252           2  0.93196437002855848     
    12980252           3   1.2325323055550763     
    12980472           1   1.1162376947890273     
    12980472           2  0.69645642907602845     
    12980472           3   1.1873058761349442     
    12980717           1  0.97770235843097153     
    12980717           2  0.88825723839772186     
    12980717           3   1.1340404031713067     
    12981256           1  0.91698390046520750     
    12981256           2  0.89738618713512408     
    12981256           3   1.1856299123996685     
    12981404           1   1.1223671901290821     
    12981404           2  0.80649343527366812     
    12981404           3   1.0711393745972497     
    12981523           1   1.1413263500572324     
    12981523           2  0.68347952237146947     
    12981523           3   1.1751941275712985     
    12981618           1   1.0651911507640144     
    12981618           2   1.1057263916046052     
    12981618           3  0.82908245763138122     
    12981811           1   1.0142349920355931     
    12981811           2  0.86852794090189678     
    12981811           3   1.1172370670625098     
    12982021           1  0.99442214375781579     
    12982021           2   1.0071369840886204     
    12982021           3  0.99844087215356325     
    12982060           1  0.89037574439262213     
    12982060           2  0.91972236617923342     
    12982060           3   1.1899018894281448     
    12982080           1  0.60544337239495116     
    12982080           2  0.99860383838604727     
    12982080           3   1.3959527892190016     
    12982186           1  0.76506371170990228     
    12982186           2   1.1054377501649948     
    12982186           3   1.1294985381251030     
    12982418           1  0.94631103553572515     
    12982418           2  0.97255017112789555     
    12982418           3   1.0811387933363794     
    12982903           1  0.85280545544743114     
    12982903           2  0.73161432450999819     
    12982903           3   1.4155802200425709     
    12983475           1   1.0418329329692091     
    12983475           2   1.1094572999081294     
    12983475           3  0.84870976712266133     
    12983953           1  0.73586077311008924     
    12983953           2   1.2067052847710666     
    12983953           3   1.0574339421188446     
    12984147           1   1.0676062089786365     
    12984147           2  0.77561002411821822     
    12984147           3   1.1567837669031455     
    12984607           1  0.82464874849143233     
    12984607           2   1.0786582821222748     
    12984607           3   1.0966929693862928     
    12984614           1   1.2342817693361896     
    12984614           2  0.74605617907484134     
    12984614           3   1.0196620515889689     
    12984740           1  0.96964052797942712     
    12984740           2   1.0058447052887207     
    12984740           3   1.0245147667318517     
    12984789           1   1.1707559380655814     
    12984789           2  0.83102772008509651     
    12984789           3  0.99821634184932206     
    12985169           1   1.1482467828611107     
    12985169           2  0.63835555511359421     
    12985169           3   1.2133976620252953     
    12985376           1  0.96495869555894742     
    12985376           2  0.99171488998426249     
    12985376           3   1.0433264144567898     
    12985404           1   1.0554174369922784     
    12985404           2  0.75249480486329057     
    12985404           3   1.1920877581444311     
    12985416           1   1.0132591154814150     
    12985416           2  0.86411292876512902     
    12985416           3   1.1226279557534560     
    12985492           1   1.1442257749695990     
    12985492           2   1.0102357122035961     
    12985492           3  0.84553851282680470     
    12985545           1  0.93996199664819147     
    12985545           2  0.90662046437120236     
    12985545           3   1.1534175389806061     
    12985656           1   1.0044781804803680     
    12985656           2  0.90323862335856819     
    12985656           3   1.0922831961610637     
    12985829           1  0.71635594758411525     
    12985829           2   1.2929007868585667     
    12985829           3  0.99074326555731806     
    12986063           1  0.99759504674726751     
    12986063           2  0.90700945179287418     
    12986063           3   1.0953955014598586     
    12986094           1  0.96318462140852068     
    12986094           2   1.0993467078993839     
    12986094           3  0.93746867069209538     
    12986363           1   1.1079484880816617     
    12986363           2  0.87880489981873233     
    12986363           3   1.0132466120996058     
    12986503           1   1.1444406442751001     
    12986503           2  0.73098957691589861     
    12986503           3   1.1245697788090010     
    12986623           1  0.78228412863398156     
    12986623           2   1.0156444782144129     
    12986623           3   1.2020713931516056     
    12986629           1   1.0179989867151105     
    12986629           2  0.85734988423833647     
    12986629           3   1.1246511290465533     
    12986723           1   1.0128380222650841     
    12986723           2   1.0344708707250709     
    12986723           3  0.95269110700984527     
    12986882           1  0.86506332577030220     
    12986882           2  0.86246109563892814     
    12986882           3   1.2724755785907695     
    12986901           1  0.63009175462489375     
    12986901           2   1.1271914534086693     
    12986901           3   1.2427167919664366     
    12987195           1  0.86595466513548180     
    12987195           2   1.1719129389010565     
    12987195           3  0.96213239596346145     
    12987702           1  0.93431003710409766     
    12987702           2  0.88274894711980567     
    12987702           3   1.1829410157760964     
    12987944           1  0.78299844159665488     
    12987944           2   1.2859371367825341     
    12987944           3  0.93106442162081138     
    12987999           1   1.0866363777085648     
    12987999           2  0.90723921599332258     
    12987999           3   1.0061244062981125     
    12988037           1  0.87904047847852629     
    12988037           2   1.1637000287801280     
    12988037           3  0.95725949274134570     
    12988052           1  0.97081443482604013     
    12988052           2  0.91363322137474678     
    12988052           3   1.1155523437992134     
    12988112           1   1.0938496518114735     
    12988112           2   1.0513045845940341     
    12988112           3  0.85484576359449227     
    12988145           1   1.0142874872893719     
    12988145           2   1.1043545111519475     
    12988145           3  0.88135800155868071     
    12988198           1  0.90827157696631489     
    12988198           2  0.84817674469748172     
    12988198           3   1.2435516783362028     
    12988289           1   1.1380481413164005     
    12988289           2  0.90767842144538691     
    12988289           3  0.95427343723821278     
    12988325           1   1.0965134873107825     
    12988325           2   1.0717337288728992     
    12988325           3  0.83175278381631856     
    12988412           1  0.91138646790508160     
    12988412           2  0.98241078885696276     
    12988412           3   1.1062027432379558     
    12988442           1  0.89403316197093208     
    12988442           2  0.92305140010472631     
    12988442           3   1.1829154379243414     
    12988452           1  0.96009919678794486     
    12988452           2   1.0894593465159803     
    12988452           3  0.95044145669607483     
    12988506           1  0.89968940470921110     
    12988506           2   1.2366650967733153     
    12988506           3  0.86364549851747374     
    12988586           1  0.94723282285312438     
    12988586           2  0.89042768334516631     
    12988586           3   1.1623394938017093     
    12988596           1  0.87840513451239888     
    12988596           2  0.82670148971174418     
    12988596           3   1.2948933757758572     
    12988606           1   1.0145522256018074     
    12988606           2  0.99456130602495851     
    12988606           3  0.99088646837323435     
    12988611           1  0.84546865234237534     
    12988611           2   1.1173845236257027     
    12988611           3   1.0371468240319219     
    12988691           1   1.0018210144240773     
    12988691           2   1.0084841280552468     
    12988691           3  0.98969485752067576     
    12988733           1   1.0664508309211509     
    12988733           2  0.95395003729157524     
    12988733           3  0.97959913178727409     
    12988774           1  0.63550207088551280     
    12988774           2   1.1377636440562806     
    12988774           3   1.2267342850582066     
    12988780           1  0.84405437561227226     
    12988780           2  0.79398495416209913     
    12988780           3   1.3619606702256288     
    12988875           1  0.86594956914853649     
    12988875           2   1.1183691133266735     
    12988875           3   1.0156813175247901     
    12988942           1  0.93718515363257626     
    12988942           2  0.79465594456204380     
    12988942           3   1.2681589018053798     
    12989067           1  0.96580791920598852     
    12989067           2  0.92439266982507362     
    12989067           3   1.1097994109689380     
    12989278           1  0.53308205862589864     
    12989278           2   1.5052261963626052     
    12989278           3  0.96169174501149579     
    12989279           1   1.0144621751633527     
    12989279           2   1.1250440090785232     
    12989279           3  0.86049381575812356     
    12989280           1   1.0324641943330271     
    12989280           2   1.2108046292167352     
    12989280           3  0.75673117645023802     
    12989356           1   1.1214391311898309     
    12989356           2  0.89484677016618441     
    12989356           3  0.98371409864398518     
    12989390           1  0.96327515083248128     
    12989390           2   1.1068298080387691     
    12989390           3  0.92989504112874921     
    12989521           1  0.91217076010878551     
    12989521           2   1.2420253342753103     
    12989521           3  0.84580390561590402     
    12989542           1  0.95002081995487853     
    12989542           2  0.81816461707442922     
    12989542           3   1.2318145629706920     
    12989581           1  0.77585181297178185     
    12989581           2  0.92953562310780224     
    12989581           3   1.2946125639204162     
    12989596           1  0.88339667428744895     
    12989596           2  0.83139922337228322     
    12989596           3   1.2852041023402674     
    12989693           1  0.82232649346159181     
    12989693           2   1.1822957415373789     
    12989693           3  0.99537776500102970     
    12989731           1  0.88656402690042835     
    12989731           2  0.91367758902191587     
    12989731           3   1.1997583840776558     
    12989779           1   1.0920404308717691     
    12989779           2  0.77365918777634091     
    12989779           3   1.1343003813518902     
    12989786           1   1.0024285704427518     
    12989786           2  0.86793127973506756     
    12989786           3   1.1296401498221806     
    12989838           1  0.80199780751276539     
    12989838           2  0.85976153817247036     
    12989838           3   1.3382406543147647     
    12989839           1  0.81249810651795484     
    12989839           2   1.2114294077088816     
    12989839           3  0.97607248577316330     
    12989843           1  0.82899982180950127     
    12989843           2   1.0328007595626894     
    12989843           3   1.1381994186278097     
    12989877           1  0.97365023068702794     
    12989877           2   1.0860842104275772     
    12989877           3  0.94026555888539465     
    12989884           1  0.94995105164056459     
    12989884           2   1.1344205882237584     
    12989884           3  0.91562836013567739     
    12989927           1   1.1418078628452579     
    12989927           2   1.1730674801168344     
    12989927           3  0.68512465703790781     
    12989935           1  0.73528935627084080     
    12989935           2   1.1811583477344549     
    12989935           3   1.0835522959947042     
    12989938           1   1.1303752653100962     
    12989938           2  0.72200558506780899     
    12989938           3   1.1476191496220951     
    12990083           1  0.84264658501692125     
    12990083           2  0.75028950245179260     
    12990083           3   1.4070639125312863     
    12990085           1  0.91717005400200291     
    12990085           2   1.1466035837607558     
    12990085           3  0.93622636223724165     
    12990099           1  0.97950904142157724     
    12990099           2  0.93377704818557949     
    12990099           3   1.0867139103928436     
    12990101           1  0.98743758467425169     
    12990101           2  0.71278332511467435     
    12990101           3   1.2997790902110737     
    12990135           1  0.89224911408595242     
    12990135           2  0.78789059996601629     
    12990135           3   1.3198602859480311     
    12990262           1  0.85724645682516420     
    12990262           2   1.0518335378693995     
    12990262           3   1.0909200053054369     
    12990276           1  0.72189261574704811     
    12990276           2  0.91136520151941325     
    12990276           3   1.3667421827335384     
    12990279           1  0.83413859534214585     
    12990279           2   1.0439100722676096     
    12990279           3   1.1219513323902448     
    12990293           1  0.81951763620600970     
    12990293           2  0.93927811304187425     
    12990293           3   1.2412042507521159     
    12990301           1  0.56827708890012396     
    12990301           2  0.95777608734818187     
    12990301           3   1.4739468237516939     
    12990317           1   1.0456747128597506     
    12990317           2   1.0680089085598155     
    12990317           3  0.88631637858043444     
    12990322           1   1.0260124656200815     
    12990322           2  0.63359086779425633     
    12990322           3   1.3403966665856619     
    12990331           1   1.2217384907959368     
    12990331           2  0.93089481787892248     
    12990331           3  0.84736669132514053     
    12990340           1  0.96260250445727114     
    12990340           2   1.1004953999312002     
    12990340           3  0.93690209561152860     
    12990366           1   1.1291401705906836     
    12990366           2  0.84885918551094852     
    12990366           3   1.0220006438983678     
    12990373           1   1.0123826150947657     
    12990373           2  0.86917103480875391     
    12990373           3   1.1184463500964801     
    12990440           1   1.0889211189956072     
    12990440           2  0.91033662661286718     
    12990440           3   1.0007422543915256     
    12990448           1  0.75185141474760220     
    12990448           2   1.2069140484101459     
    12990448           3   1.0412345368422518     
    12990462           1  0.77339669399998989     
    12990462           2   1.1552308338641384     
    12990462           3   1.0713724721358715     
    12990467           1  0.97984106712392294     
    12990467           2  0.86406555265884166     
    12990467           3   1.1560933802172353     
    12990471           1  0.90158527193671123     
    12990471           2  0.88231665697730244     
    12990471           3   1.2160980710859863     
    12990492           1  0.89653229192773176     
    12990492           2   1.1094910394117001     
    12990492           3  0.99397666866056833     
    12990592           1  0.86694251121850119     
    12990592           2  0.93251762303961616     
    12990592           3   1.2005398657418824     
    12990597           1  0.77508211040750619     
    12990597           2  0.91814183571150743     
    12990597           3   1.3067760538809863     
    12990604           1  0.88235894356819111     
    12990604           2   1.0499232804398217     
    12990604           3   1.0677177759919874     
    12990616           1  0.91306172570738342     
    12990616           2  0.85264995829223778     
    12990616           3   1.2342883160003786     
    12990625           1  0.94114497025929866     
    12990625           2   1.0925441865959815     
    12990625           3  0.96631084314471993     
    12990650           1   1.0203727538494265     
    12990650           2  0.89901393796510776     
    12990650           3   1.0806133081854661     
    12990686           1  0.90840591268796989     
    12990686           2   1.3069164203706998     
    12990686           3  0.78467766694132979     
    12990693           1   1.2490593515166128     
    12990693           2  0.63537996481041370     
    12990693           3   1.1155606836729732     
    12990731           1   1.1486052181613535     
    12990731           2  0.85640375517821632     
    12990731           3  0.99499102666043004     
    12990739           1   1.0095045269966205     
    12990739           2  0.88814309176122863     
    12990739           3   1.1023523812421507     
    12990740           1   1.1887484542842435     
    12990740           2  0.96650108741632323     
    12990740           3  0.84475045829943307     
    12990751           1  0.98919457764330909     
    12990751           2  0.91015648326441856     
    12990751           3   1.1006489390922725     
    12990780           1   1.0428694930796123     
    12990780           2  0.59471158995042628     
    12990780           3   1.3624189169699616     
    12990811           1  0.89950833344219272     
    12990811           2   1.1558746864846141     
    12990811           3  0.94461698007319339     
    12990824           1  0.71026671227237315     
    12990824           2   1.2176460990162852     
    12990824           3   1.0720871887113419     
    12990834           1  0.88370772878647030     
    12990834           2   1.0388442450073063     
    12990834           3   1.0774480262062234     
    12990841           1  0.99083597875722873     
    12990841           2   1.1449806186066829     
    12990841           3  0.86418340263608850     
    12990888           1   1.0215886417586120     
    12990888           2  0.85337295136294833     
    12990888           3   1.1250384068784398     
    12990895           1   1.0677546867258456     
    12990895           2   1.1083874814632573     
    12990895           3  0.82385783181089745     
    12990909           1  0.94668764626274993     
    12990909           2  0.88786109680623637     
    12990909           3   1.1654512569310136     
    12990914           1  0.75288285151552325     
    12990914           2   1.2038250342341972     
    12990914           3   1.0432921142502796     
    12990943           1  0.81540770938719587     
    12990943           2  0.99678997120287371     
    12990943           3   1.1878023194099305     
    12990981           1  0.94727351218935107     
    12990981           2  0.86665909083358172     
    12990981           3   1.1860673969770670     
    12990986           1   1.0557968692605881     
    12990986           2  0.94239913283838539     
    12990986           3   1.0018039979010265     
    12991000           1   1.1344508274131557     
    12991000           2  0.72277010025524213     
    12991000           3   1.1427790723316018     
    12991015           1  0.87156148799416422     
    12991015           2  0.92792472371598378     
    12991015           3   1.2005137882898524     
    12991022           1  0.59636410204657853     
    12991022           2   1.1136260796990596     
    12991022           3   1.2900098182543618     
    12991029           1   1.1255906275826062     
    12991029           2  0.73767110661628110     
    12991029           3   1.1367382658011123     
    12991058           1   1.0510537147548904     
    12991058           2  0.96741667801882969     
    12991058           3  0.98152960722628024     
    12991097           1  0.94449162310367640     
    12991097           2  0.72114171063201893     
    12991097           3   1.3343666662643050     
    12991107           1  0.87639218969874011     
    12991107           2   1.1651530568544426     
    12991107           3  0.95845475344681741     
    12991113           1   1.1303644356133575     
    12991113           2   1.1802916589724075     
    12991113           3  0.68934390541423485     
    12991121           1  0.68388179821422823     
    12991121           2   1.2994173861387031     
    12991121           3   1.0167008156470689     
    12991179           1  0.97841228126244206     
    12991179           2   1.0278165919585431     
    12991179           3  0.99377112677901469     
    12991186           1   1.0543149764372322     
    12991186           2  0.95125280820794833     
    12991186           3  0.99443221535481940     
    12991202           1  0.91412177393265548     
    12991202           2   1.2857545355831523     
    12991202           3  0.80012369048419174     
    12991217           1  0.97330203993711728     
    12991217           2  0.90575860466880698     
    12991217           3   1.1209393553940756     
    12991260           1  0.81781142875334734     
    12991260           2   1.0590022463542956     
    12991260           3   1.1231863248923575     
    12991281           1  0.74326293259657150     
    12991281           2   1.0304757946868626     
    12991281           3   1.2262612727165660     
    12991287           1  0.89475422377306213     
    12991287           2  0.92967377239851889     
    12991287           3   1.1755720038284190     
    12991316           1  0.82574622547166532     
    12991316           2  0.96211938776991623     
    12991316           3   1.2121343867584189     
    12991317           1  0.66251986682379493     
    12991317           2   1.0404738811384968     
    12991317           3   1.2970062520377079     
    12991346           1  0.96525629484488684     
    12991346           2   1.0650039867090413     
    12991346           3  0.96973971844607210     
    12991363           1  0.88842338017309808     
    12991363           2   1.1505153614257915     
    12991363           3  0.96106125840111056     
    12991371           1  0.91552812201987577     
    12991371           2  0.82953789607075235     
    12991371           3   1.2549339819093721     
    12991372           1  0.97104223741756168     
    12991372           2   1.0982817470355148     
    12991372           3  0.93067601554692347     
    12991378           1  0.99122249884136782     
    12991378           2  0.85822874296329910     
    12991378           3   1.1505487581953331     
    12991414           1   1.0197534691325412     
    12991414           2   1.1310252373028549     
    12991414           3  0.84922129356460396     
    12991422           1  0.51247897448310831     
    12991422           2   1.2639815845322879     
    12991422           3   1.2235394409846039     
    12991429           1  0.89554795788521224     
    12991429           2   1.0330321206490094     
    12991429           3   1.0714199214657787     
    12991438           1   1.1888014513313923     
    12991438           2   1.0572966339568279     
    12991438           3  0.75390191471177981     
    12991441           1  0.92728623272135791     
    12991441           2   1.2036657353917677     
    12991441           3  0.86904803188687418     
    12991445           1  0.95359708242754349     
    12991445           2   1.0922070480687123     
    12991445           3  0.95419586950374469     
    12991459           1   1.0803913825768146     
    12991459           2   1.1225167535328990     
    12991459           3  0.79709186389028630     
    12991480           1  0.86083050213248646     
    12991480           2   1.1099903168295320     
    12991480           3   1.0291791810379816     
    12991497           1   1.0799339072627470     
    12991497           2   1.0555288254643636     
    12991497           3  0.86453726727288971     
    12991502           1   1.0483285355172469     
    12991502           2  0.93773947804672875     
    12991502           3   1.0139319864360246     
    12991508           1  0.98890513963996940     
    12991508           2  0.86747073570273081     
    12991508           3   1.1436241246573000     
    12991509           1   1.0518556258148959     
    12991509           2  0.61194314734892108     
    12991509           3   1.3362012268361829     
    12991515           1  0.93762876509039172     
    12991515           2  0.88835004298115572     
    12991515           3   1.1740211919284527     
    12991517           1  0.84170357137496432     
    12991517           2   1.0586606434177162     
    12991517           3   1.0996357852073195     
    12991523           1  0.99692677570759869     
    12991523           2  0.87121651538053180     
    12991523           3   1.1318567089118696     
    12991537           1  0.89844484674750191     
    12991537           2  0.85314673553876041     
    12991537           3   1.2484084177137380     
    12991600           1   1.0529963729646576     
    12991600           2   1.0354467454792158     
    12991600           3  0.91155688155612691     
    12991602           1  0.73083131911492649     
    12991602           2   1.0237578153513136     
    12991602           3   1.2454108655337599     
    12991609           1  0.98370774953035822     
    12991609           2  0.97277959371762612     
    12991609           3   1.0435126567520161     
    12991610           1   1.0238009150784932     
    12991610           2   1.0739379227901580     
    12991610           3  0.90226116213134877     
    12991615           1   1.1824824940581129     
    12991615           2   1.0676228827605572     
    12991615           3  0.74989462318132960     
    12991624           1  0.78683261853376829     
    12991624           2   1.0362571838865520     
    12991624           3   1.1769101975796801     
    12991633           1  0.85801613818138422     
    12991633           2   1.2203243769550081     
    12991633           3  0.92165948486360760     
    12991637           1   1.0094994889501447     
    12991637           2  0.85858751706419345     
    12991637           3   1.1319129939856620     
    12991641           1  0.56320777927141685     
    12991641           2   1.2154445721531599     
    12991641           3   1.2213476485754233     
    12991647           1  0.83264889783645823     
    12991647           2   1.1670710117021161     
    12991647           3   1.0002800904614253     
    12991686           1   1.1369237324299764     
    12991686           2  0.87820444748902016     
    12991686           3  0.98487182008100349     
    12991696           1  0.92077139911558048     
    12991696           2  0.90738122753829842     
    12991696           3   1.1718473733461212     
    12991712           1  0.88039969227852888     
    12991712           2   1.0869702894617213     
    12991712           3   1.0326300182597501     
    12991713           1  0.97389774269268325     
    12991713           2   1.0174436811458436     
    12991713           3   1.0086585761614730     
    12991726           1   1.0754915405945722     
    12991726           2  0.96203703491025894     
    12991726           3  0.96247142449516909     
    12991729           1  0.70478080407313004     
    12991729           2   1.2804826731342578     
    12991729           3   1.0147365227926120     
    12991766           1  0.77582028513127743     
    12991766           2  0.99972949598683758     
    12991766           3   1.2244502188818851     
    12991769           1  0.92813137167964277     
    12991769           2  0.83891823612787286     
    12991769           3   1.2329503921924840     
    12991774           1  0.98674184774147167     
    12991774           2  0.86873281365289012     
    12991774           3   1.1445253386056382     
    12991785           1   1.0569349740372422     
    12991785           2  0.79784386636668714     
    12991785           3   1.1452211595960711     
    12991787           1  0.70444854611834173     
    12991787           2   1.1958016344200271     
    12991787           3   1.0997498194616313     
    12991788           1   1.1060919429094522     
    12991788           2  0.66999729976069400     
    12991788           3   1.2239107573298535     
    12991790           1   1.2575520620986398     
    12991790           2  0.63196388819274574     
    12991790           3   1.1104840497086146     
    12991796           1   1.0950698805092527     
    12991796           2  0.76320610080195206     
    12991796           3   1.1417240186887951     
    12991802           1   1.0003217721023268     
    12991802           2  0.82445863371242756     
    12991802           3   1.1752195941852459     
    12991803           1  0.89649052300566356     
    12991803           2  0.91846505685418744     
    12991803           3   1.1850444201401491     
    12991807           1  0.99104580460546721     
    12991807           2  0.83044303124753338     
    12991807           3   1.1785111641469996     
    12991808           1  0.77559844383652476     
    12991808           2  0.97942009908528305     
    12991808           3   1.2449814570781923     
    12991810           1  0.91275830930423274     
    12991810           2   1.2838367595492659     
    12991810           3  0.80340493114650102     
    12991816           1  0.86054067975357118     
    12991816           2  0.70607800440552604     
    12991816           3   1.4333813158409030     
    12991819           1   1.1231153180845865     
    12991819           2  0.83749578995425766     
    12991819           3   1.0393888919611560     
    12991820           1  0.92618269748033821     
    12991820           2  0.80574277821871965     
    12991820           3   1.2680745243009421     
    12991826           1   1.1312934125722771     
    12991826           2  0.89146319282559849     
    12991826           3  0.97724339460212439     
    12991827           1   1.0538913099010589     
    12991827           2   1.2795247632047142     
    12991827           3  0.66658392689422674     
    12991833           1  0.84953985703602253     
    12991833           2  0.74770003390366269     
    12991833           3   1.4027601090603148     
    12991834           1  0.55754716611300192     
    12991834           2  0.98068543333091629     
    12991834           3   1.4617674005560819     
    12991838           1  0.82323038276089777     
    12991838           2  0.77136246562621080     
    12991838           3   1.4054071516128914     
    12991843           1  0.95315780193736033     
    12991843           2  0.90570295073927098     
    12991843           3   1.1411392473233684     
    12991851           1  0.67092733530877979     
    12991851           2   1.3404260165572781     
    12991851           3  0.98864664813394221     
    12991858           1  0.92965536252916126     
    12991858           2   1.2462830005419232     
    12991858           3  0.82406163692891587     
    12991861           1   1.1445173006536764     
    12991861           2   1.0097287603346197     
    12991861           3  0.84575393901170437     
    12991865           1   1.0243320569934022     
    12991865           2  0.99712276888721552     
    12991865           3  0.97854517411938191     
    12991880           1  0.89109594739072384     
    12991880           2   1.1287419346972971     
    12991880           3  0.98016211791197905     
    12991881           1   1.1512161995650450     
    12991881           2  0.98803604715004334     
    12991881           3  0.86074775328491226     
    12991883           1  0.80332310891695391     
    12991883           2  0.81515402658639413     
    12991883           3   1.3815228644966517     
    12991884           1   1.1265597500229418     
    12991884           2   1.0102370478631137     
    12991884           3  0.86320320211394452     
    12991889           1  0.98791804092531865     
    12991889           2  0.92066324979157232     
    12991889           3   1.0914187092831089     
    12991891           1  0.94009032659535996     
    12991891           2  0.90258026588096663     
    12991891           3   1.1573294075236735     
    12991897           1  0.91275840286796128     
    12991897           2  0.85236670448901652     
    12991897           3   1.2348748926430220     
    12991900           1  0.99813873492229876     
    12991900           2  0.69644041550425584     
    12991900           3   1.3054208495734456     
    12991901           1   1.1176725787540134     
    12991901           2  0.88072992781261894     
    12991901           3   1.0015974934333680     
    12991902           1  0.77567375020173168     
    12991902           2   1.0165913759427496     
    12991902           3   1.2077348738555185     
    12991907           1  0.55788707104541213     
    12991907           2  0.98128330170186684     
    12991907           3   1.4608296272527210     
    12991909           1   1.1471727684940736     
    12991909           2  0.71213937303144315     
    12991909           3   1.1406878584744837     
    12991913           1  0.96092480855968998     
    12991913           2  0.90352819898206527     
    12991913           3   1.1355469924582446     
    12991914           1  0.85714537616075337     
    12991914           2  0.71253629915107664     
    12991914           3   1.4303183246881701     
    12991915           1  0.89748740557115103     
    12991915           2  0.83810609664443902     
    12991915           3   1.2644064977844101     
    12991916           1   1.0258923220551062     
    12991916           2  0.80194930143697873     
    12991916           3   1.1721583765079153     
    12991919           1  0.69659248342078250     
    12991919           2  0.73115191350681619     
    12991919           3   1.5722556030724015     
    12991925           1   1.1476758572162955     
    12991925           2  0.92237754801546068     
    12991925           3  0.92994659476824415     
    12991932           1   1.0657583244888162     
    12991932           2  0.79267113822618651     
    12991932           3   1.1415705372849971     
    12991933           1  0.76044608382464451     
    12991933           2   1.0987657565748532     
    12991933           3   1.1407881596005025     
    12991934           1  0.98432177607009730     
    12991934           2   1.1629495107051981     
    12991934           3  0.85272871322470423     
    12991936           1   1.0143021064569255     
    12991936           2  0.89830768330067845     
    12991936           3   1.0873902102423960     
    12991939           1  0.85602234837854962     
    12991939           2   1.1102098796531736     
    12991939           3   1.0337677719682765     
    12991940           1   1.0390884635080035     
    12991940           2  0.62168792843972664     
    12991940           3   1.3392236080522699     
    12991943           1   1.1089471537272186     
    12991943           2  0.66190197956098418     
    12991943           3   1.2291508667117976     
    12991944           1  0.98504481170316338     
    12991944           2  0.97168010033082253     
    12991944           3   1.0432750879660144     
    12991945           1  0.92302461872755703     
    12991945           2   1.1116528546073514     
    12991945           3  0.96532252666509177     
    12991947           1   1.1233517167797347     
    12991947           2  0.88520510857531387     
    12991947           3  0.99144317464495180     
    12991949           1  0.80415820051117615     
    12991949           2   1.0171895226470886     
    12991949           3   1.1786522768417349     
    12991950           1  0.89681833884772133     
    12991950           2  0.94448410894769530     
    12991950           3   1.1586975522045828     
    12991951           1   1.0739884983520220     
    12991951           2  0.80049165816219936     
    12991951           3   1.1255198434857787     
    12991952           1  0.84851294717372927     
    12991952           2   1.0553205933352603     
    12991952           3   1.0961664594910105     
    12991953           1   1.0461618774522805     
    12991953           2   1.2507167092091780     
    12991953           3  0.70312141333854139     
    12991954           1   1.1232132868214595     
    12991954           2  0.69014013641172955     
    12991954           3   1.1866465767668113     
    12991955           1  0.90848524257941998     
    12991955           2  0.90929461668896860     
    12991955           3   1.1822201407316115     
    12991956           1  0.54903217348986111     
    12991956           2   1.0102298152768185     
    12991956           3   1.4407380112333203     
    12991957           1  0.95131844693691492     
    12991957           2  0.87752939521970819     
    12991957           3   1.1711521578433770     
    12991958           1   1.0433284558424929     
    12991958           2  0.61462166712396304     
    12991958           3   1.3420498770335438     
    12991959           1  0.84647059247031831     
    12991959           2   1.1815700432243119     
    12991959           3  0.97195936430537044     
    12991960           1  0.63838589365666099     
    12991960           2   1.1429266621725584     
    12991960           3   1.2186874441707809     
