    11645880           1   1.1026051726861390     
    11645880           2  0.76824001611229753     
    11645880           3   1.1291548112015630     
    11768717           1   1.4406802832211956     
    11768717           2  0.48480673068195729     
    11768717           3   1.0745129860968472     
    11884333           1   1.0029473942526717     
    11884333           2   1.0204237499060851     
    11884333           3  0.97662885584124315     
    11929214           1   1.0810172314333926     
    11929214           2  0.86750621683209506     
    11929214           3   1.0514765517345122     
    11947930           1   1.2816000779591703     
    11947930           2  0.83911309522090594     
    11947930           3  0.87928682681992387     
    11977736           1  0.90454366395875996     
    11977736           2   1.1063671797871852     
    11977736           3  0.98908915625405458     
    11983470           1   1.5113381941633959     
    11983470           2  0.47438653618982796     
    11983470           3   1.0142752696467763     
    12018251           1   1.3539979317477535     
    12018251           2  0.79408775999852899     
    12018251           3  0.85191430825371739     
    12030944           1   1.1767119680911138     
    12030944           2  0.89654580918637894     
    12030944           3  0.92674222272250739     
    12046117           1   1.4786231343094938     
    12046117           2  0.52244883673576159     
    12046117           3  0.99892802895474431     
    12133202           1   1.0242134724082990     
    12133202           2   1.0197138761213380     
    12133202           3  0.95607265147036302     
    12147558           1   1.1420486833433228     
    12147558           2  0.94569919600154595     
    12147558           3  0.91225212065513128     
    12154951           1   1.0184790039882456     
    12154951           2   1.2684064781154847     
    12154951           3  0.71311451789626956     
    12168732           1   1.0737975135350726     
    12168732           2   1.1200120685091060     
    12168732           3  0.80619041795582169     
    12183864           1   1.6438681395079351     
    12183864           2  0.51808317098598700     
    12183864           3  0.83804868950607803     
    12187101           1   1.5322643345192679     
    12187101           2  0.81690169896269693     
    12187101           3  0.65083396651803505     
    12202708           1   1.3673878662886985     
    12202708           2   1.0089032826134043     
    12202708           3  0.62370885109789687     
    12219121           1   1.2752680780474948     
    12219121           2  0.80723832241221438     
    12219121           3  0.91749359954029075     
    12247235           1   1.3572084095302237     
    12247235           2  0.73011524996627342     
    12247235           3  0.91267634050350288     
    12296474           1   1.1961776593026270     
    12296474           2  0.92778389573349884     
    12296474           3  0.87603844496387395     
    12323514           1  0.96533949638128902     
    12323514           2   1.0257725828876245     
    12323514           3   1.0088879207310868     
    12323540           1   1.0851459272435209     
    12323540           2   1.1272232251367289     
    12323540           3  0.78763084761974966     
    12329164           1   1.2604854697965047     
    12329164           2  0.75007400435262894     
    12329164           3  0.98944052585086661     
    12334865           1   1.2445136282975837     
    12334865           2  0.97566177629830930     
    12334865           3  0.77982459540410642     
    12345007           1  0.81261598348046626     
    12345007           2   1.2028706141575578     
    12345007           3  0.98451340236197615     
    12348784           1   1.1134731290704030     
    12348784           2  0.94824899674488594     
    12348784           3  0.93827787418471109     
    12372783           1   1.3233372085535990     
    12372783           2  0.88663741944506869     
    12372783           3  0.79002537200133238     
    12392888           1   1.2780008536883987     
    12392888           2  0.92446416961834554     
    12392888           3  0.79753497669325613     
    12395132           1  0.98448590808979952     
    12395132           2   1.0886527514967461     
    12395132           3  0.92686134041345414     
    12402215           1   1.0348097071496352     
    12402215           2   1.1640906788164962     
    12402215           3  0.80109961403386831     
    12408580           1   1.1459482942929882     
    12408580           2  0.82897274537034071     
    12408580           3   1.0250789603366706     
    12412088           1   1.3389834399909328     
    12412088           2  0.93858927655291824     
    12412088           3  0.72242728345614915     
    12413646           1   1.0389868070325088     
    12413646           2  0.92640983486022077     
    12413646           3   1.0346033581072704     
    12431294           1   1.2277256358265372     
    12431294           2  0.87126399021096679     
    12431294           3  0.90101037396249595     
    12443279           1   1.1408725402473203     
    12443279           2  0.97204007047742269     
    12443279           3  0.88708738927525710     
    12443741           1  0.44900662143737685     
    12443741           2  0.97525753016547090     
    12443741           3   1.5757358483971520     
    12447459           1   1.0321631625748373     
    12447459           2   1.0423887422497371     
    12447459           3  0.92544809517542559     
    12452308           1   1.5246781159009815     
    12452308           2  0.71285842055306536     
    12452308           3  0.76246346354595318     
    12477021           1   1.0444552496639954     
    12477021           2   1.1197556210485429     
    12477021           3  0.83578912928746241     
    12479020           1  0.71670576644227380     
    12479020           2  0.93268723668852127     
    12479020           3   1.3506069968692054     
    12491740           1  0.92996516064711354     
    12491740           2  0.96373832944101923     
    12491740           3   1.1062965099118671     
    12519011           1   1.2462808370808600     
    12519011           2   1.1846762642411626     
    12519011           3  0.56904289867797775     
    12519210           1   1.0167627964027066     
    12519210           2  0.84777621283139459     
    12519210           3   1.1354609907658988     
    12521605           1   1.3444913565836070     
    12521605           2  0.70061441434502192     
    12521605           3  0.95489422907137078     
    12526769           1   1.0330260535890583     
    12526769           2  0.95256591358667231     
    12526769           3   1.0144080328242695     
    12527499           1  0.89903856990673792     
    12527499           2  0.80323185219613358     
    12527499           3   1.2977295778971283     
    12528176           1   1.2785605115644658     
    12528176           2  0.80226513434541502     
    12528176           3  0.91917435409011916     
    12541353           1   1.1634283355051422     
    12541353           2  0.91450797291666575     
    12541353           3  0.92206369157819212     
    12545066           1  0.83218300773853171     
    12545066           2   1.2020926899743620     
    12545066           3  0.96572430228710593     
    12546768           1   1.2086214896074763     
    12546768           2  0.80191798056173791     
    12546768           3  0.98946052983078581     
    12548215           1  0.86772139980682439     
    12548215           2  0.98218207609422215     
    12548215           3   1.1500965240989534     
    12551746           1  0.99433482785215765     
    12551746           2  0.95095193700609781     
    12551746           3   1.0547132351417445     
    12552326           1   1.2184217339019612     
    12552326           2   1.1982234506444984     
    12552326           3  0.58335481545354018     
    12553540           1   1.4876819675275887     
    12553540           2  0.92837822263571379     
    12553540           3  0.58393980983669735     
    12561470           1   1.5174875362920688     
    12561470           2  0.68232709826114768     
    12561470           3  0.80018536544678354     
    12575943           1   1.3769771343430204     
    12575943           2  0.71880407035667337     
    12575943           3  0.90421879530030669     
    12582900           1   1.0548620423315906     
    12582900           2  0.91415795469207839     
    12582900           3   1.0309800029763307     
    12583296           1  0.92011834948363291     
    12583296           2  0.91667796426250858     
    12583296           3   1.1632036862538582     
    12585113           1  0.99286664260054491     
    12585113           2   1.1508059428679467     
    12585113           3  0.85632741453150807     
    12586008           1   1.1017232038063718     
    12586008           2   1.0074766068402723     
    12586008           3  0.89080018935335614     
    12591125           1  0.97305432756070886     
    12591125           2  0.98428993544070242     
    12591125           3   1.0426557369985889     
    12591879           1  0.95043349864950344     
    12591879           2   1.1898347147153716     
    12591879           3  0.85973178663512473     
    12598033           1   1.3240285026821395     
    12598033           2  0.98731307988387729     
    12598033           3  0.68865841743398293     
    12600437           1  0.89015856616327105     
    12600437           2  0.87766859467319180     
    12600437           3   1.2321728391635369     
    12603610           1   1.4644616699115696     
    12603610           2  0.67271509834862497     
    12603610           3  0.86282323173980535     
    12605139           1   1.1133969858673596     
    12605139           2   1.0965319153373805     
    12605139           3  0.79007109879525994     
    12606846           1   1.2383130692761715     
    12606846           2  0.98907998897750038     
    12606846           3  0.77260694174632827     
    12610223           1   1.2842396847472537     
    12610223           2  0.93202848362084079     
    12610223           3  0.78373183163190563     
    12633073           1  0.94897879560507092     
    12633073           2   1.1926052956715054     
    12633073           3  0.85841590872342377     
    12633643           1   1.1325647887295238     
    12633643           2  0.80333661332433870     
    12633643           3   1.0640985979461373     
    12641492           1   1.3529188496427798     
    12641492           2  0.76277841000872482     
    12641492           3  0.88430274034849499     
    12644526           1  0.88624708691385501     
    12644526           2  0.97080425373803914     
    12644526           3   1.1429486593481060     
    12646652           1   1.0552514131531725     
    12646652           2   1.0917955291330417     
    12646652           3  0.85295305771378571     
    12649041           1   1.2988634573386728     
    12649041           2  0.71847144738961111     
    12649041           3  0.98266509527171642     
    12652880           1  0.99003972554681996     
    12652880           2  0.79007699811181564     
    12652880           3   1.2198832763413645     
    12654794           1   1.0649153198790948     
    12654794           2  0.85109386091137484     
    12654794           3   1.0839908192095307     
    12675293           1   1.1306519869258354     
    12675293           2  0.98160965478169948     
    12675293           3  0.88773835829246561     
    12682050           1  0.84038062404325309     
    12682050           2  0.99509675870229253     
    12682050           3   1.1645226172544545     
    12690310           1   1.1751861712751017     
    12690310           2  0.75455072778591892     
    12690310           3   1.0702631009389796     
    12692094           1  0.84443834586633082     
    12692094           2   1.0530004891166298     
    12692094           3   1.1025611650170393     
    12698015           1   1.0332174231549240     
    12698015           2  0.80638071494049235     
    12698015           3   1.1604018619045837     
    12702125           1   1.0103148140674432     
    12702125           2   1.0527920353561961     
    12702125           3  0.93689315057636069     
    12704636           1   1.1491587271671144     
    12704636           2  0.97900677110711765     
    12704636           3  0.87183450172576782     
    12705916           1  0.98050008493538521     
    12705916           2  0.93434739179696047     
    12705916           3   1.0851525232676547     
    12708032           1   1.3471666015685333     
    12708032           2  0.73504345423695827     
    12708032           3  0.91778994419450777     
    12709417           1   1.1968510736082407     
    12709417           2  0.54187429315628910     
    12709417           3   1.2612746332354701     
    12714227           1  0.85150764239024124     
    12714227           2  0.91786179471807861     
    12714227           3   1.2306305628916800     
    12715393           1   1.2186523903722961     
    12715393           2  0.99212897073993545     
    12715393           3  0.78921863888776822     
    12720831           1   1.2404791011745893     
    12720831           2  0.64918473376301333     
    12720831           3   1.1103361650623971     
    12723531           1   1.0994377574545171     
    12723531           2  0.87054306347575205     
    12723531           3   1.0300191790697308     
    12725806           1  0.97380441838465359     
    12725806           2   1.1631818016466018     
    12725806           3  0.86301377996874462     
    12731852           1   1.2080426696111772     
    12731852           2   1.0211199001490194     
    12731852           3  0.77083743023980311     
    12732731           1   1.1451262139720995     
    12732731           2   1.0073475434783095     
    12732731           3  0.84752624254959097     
    12738775           1   1.2107257741619064     
    12738775           2  0.75071731866651981     
    12738775           3   1.0385569071715739     
    12740632           1   1.4185669898629287     
    12740632           2   1.0511273552252798     
    12740632           3  0.53030565491179094     
    12743888           1   1.2180809175305396     
    12743888           2  0.95005096564581781     
    12743888           3  0.83186811682364259     
    12745069           1  0.78738234114160721     
    12745069           2  0.94681355355104957     
    12745069           3   1.2658041053073430     
    12745400           1   1.2517808133024790     
    12745400           2  0.97162283031453167     
    12745400           3  0.77659635638298952     
    12747032           1   1.6821606227452426     
    12747032           2  0.41298194986264047     
    12747032           3  0.90485742739211739     
    12747163           1  0.83053655138840443     
    12747163           2  0.94512995100842367     
    12747163           3   1.2243334976031719     
    12748501           1  0.85695489311505479     
    12748501           2   1.0294910795159142     
    12748501           3   1.1135540273690305     
    12751941           1   1.3686008240583578     
    12751941           2  0.73624384121469277     
    12751941           3  0.89515533472694930     
    12754630           1   1.2349486475500275     
    12754630           2  0.78979084983569692     
    12754630           3  0.97526050261427544     
    12755557           1   1.0989036818190652     
    12755557           2   1.0089730179276222     
    12755557           3  0.89212330025331277     
    12756343           1   1.2242247507866457     
    12756343           2  0.97608719140072897     
    12756343           3  0.79968805781262486     
    12759250           1   1.0266248588791467     
    12759250           2   1.0023800709019242     
    12759250           3  0.97099507021892961     
    12760080           1  0.29227324654847103     
    12760080           2   1.2072998268689694     
    12760080           3   1.5004269265825596     
    12763831           1   1.1854814167430046     
    12763831           2  0.80433907996596299     
    12763831           3   1.0101795032910323     
    12765455           1   1.4429601985484699     
    12765455           2  0.88938277010748223     
    12765455           3  0.66765703134404786     
    12765786           1   1.8283881624034994     
    12765786           2  0.38780705394258724     
    12765786           3  0.78380478365391337     
    12766935           1   1.1948914242806881     
    12766935           2   1.0160841738707280     
    12766935           3  0.78902440184858369     
    12767207           1  0.86471183164963716     
    12767207           2   1.0484301927154027     
    12767207           3   1.0868579756349601     
    12772675           1   1.5036679930963770     
    12772675           2  0.96699054375638638     
    12772675           3  0.52934146314723607     
    12778001           1  0.86614861501020179     
    12778001           2   1.0429155402880483     
    12778001           3   1.0909358447017499     
    12778927           1   1.1367018750581122     
    12778927           2  0.52978580994920244     
    12778927           3   1.3335123149926857     
    12780033           1  0.98431890799949939     
    12780033           2   1.1285955122722868     
    12780033           3  0.88708557972821389     
    12781474           1  0.78774356981957738     
    12781474           2  0.96377277654186766     
    12781474           3   1.2484836536385548     
    12785348           1   1.5210059212234244     
    12785348           2  0.84275261031647997     
    12785348           3  0.63624146846009555     
    12789272           1  0.83774676089493039     
    12789272           2  0.99197799488649752     
    12789272           3   1.1702752442185722     
    12789384           1   1.4436541259373172     
    12789384           2  0.95089711309805214     
    12789384           3  0.60544876096463018     
    12799190           1   1.3521207330284222     
    12799190           2  0.91827005014428809     
    12799190           3  0.72960921682729019     
    12801876           1  0.99009412443526768     
    12801876           2   1.0132925555257180     
    12801876           3  0.99661332003901471     
    12805297           1   1.0025793940975651     
    12805297           2  0.87779880603809668     
    12805297           3   1.1196217998643381     
    12805472           1   1.2724854192050290     
    12805472           2  0.82547419710314407     
    12805472           3  0.90204038369182649     
    12805788           1   1.3494438201283461     
    12805788           2  0.70178671074842625     
    12805788           3  0.94876946912322790     
    12807963           1   1.3858130798285635     
    12807963           2  0.75537441165099228     
    12807963           3  0.85881250852044411     
    12808335           1   1.1340877944254055     
    12808335           2   1.2076016022033107     
    12808335           3  0.65831060337128344     
    12810977           1   1.0894526963254758     
    12810977           2   1.0930642384164628     
    12810977           3  0.81748306525806125     
    12813079           1   1.0680081319399104     
    12813079           2  0.92165149382913580     
    12813079           3   1.0103403742309540     
    12813274           1   1.1560459127670586     
    12813274           2  0.79677398958645906     
    12813274           3   1.0471800976464820     
    12815900           1   1.3349536469908554     
    12815900           2  0.87663999802716386     
    12815900           3  0.78840635498198064     
    12816607           1   1.0592532782174409     
    12816607           2   1.1454758887594385     
    12816607           3  0.79527083302312085     
    12817613           1   1.1096951307730742     
    12817613           2  0.59914205749202065     
    12817613           3   1.2911628117349050     
    12819067           1   1.3531520175083309     
    12819067           2  0.87359174731818501     
    12819067           3  0.77325623517348407     
    12819898           1  0.98862026514947587     
    12819898           2   1.1261871489674915     
    12819898           3  0.88519258588303273     
    12820240           1   1.3692622375767820     
    12820240           2  0.70995563389678407     
    12820240           3  0.92078212852643382     
    12820757           1   1.1890207509659698     
    12820757           2  0.94231078530283541     
    12820757           3  0.86866846373119544     
    12823979           1  0.90276572105629582     
    12823979           2  0.80212255988099956     
    12823979           3   1.2951117190627048     
    12826861           1   1.2828965047389727     
    12826861           2  0.64183917571556404     
    12826861           3   1.0752643195454630     
    12831812           1  0.94789127497402814     
    12831812           2   1.0494726526726876     
    12831812           3   1.0026360723532841     
    12832393           1   1.2995269526883078     
    12832393           2  0.97623847730943636     
    12832393           3  0.72423457000225566     
    12833050           1  0.91822423698668298     
    12833050           2  0.86523343800659824     
    12833050           3   1.2165423250067187     
    12833162           1   1.4092401990871519     
    12833162           2  0.56815113884545954     
    12833162           3   1.0226086620673884     
    12836304           1   1.5342805979215486     
    12836304           2  0.46530028348738639     
    12836304           3   1.0004191185910654     
    12837512           1   1.1565157975610441     
    12837512           2   1.2609770279219847     
    12837512           3  0.58250717451697143     
    12838830           1  0.99359830136076788     
    12838830           2   1.0109117490956285     
    12838830           3  0.99548994954360337     
    12839886           1   1.3485434171503430     
    12839886           2   1.0113132620684171     
    12839886           3  0.64014332078123981     
    12839934           1   1.1707980826988071     
    12839934           2   1.0947242599861009     
    12839934           3  0.73447765731509185     
    12842381           1   1.0960313526009149     
    12842381           2  0.59693004006296257     
    12842381           3   1.3070386073361222     
    12845704           1   1.1463904691928395     
    12845704           2  0.66922552397326862     
    12845704           3   1.1843840068338920     
    12845938           1   1.0526797174567724     
    12845938           2  0.95927811402489360     
    12845938           3  0.98804216851833393     
    12849250           1   1.1083629761896361     
    12849250           2  0.93358884443805834     
    12849250           3  0.95804817937230513     
    12850039           1   1.2452193719922595     
    12850039           2   1.0297308602170165     
    12850039           3  0.72504976779072405     
    12852189           1   1.2277560524782962     
    12852189           2  0.75048722062569939     
    12852189           3   1.0217567268960044     
    12852202           1   1.1636476059884200     
    12852202           2  0.64354224574601582     
    12852202           3   1.1928101482655646     
    12852904           1   1.3422684287046778     
    12852904           2  0.73905218401897010     
    12852904           3  0.91867938727635201     
    12855083           1  0.72200918532847547     
    12855083           2   1.0468615204800982     
    12855083           3   1.2311292941914267     
    12855474           1   1.2581797438726865     
    12855474           2  0.83662088515126065     
    12855474           3  0.90519937097605285     
    12865720           1   1.1315499471016757     
    12865720           2  0.90645809326824589     
    12865720           3  0.96199195963007811     
    12872939           1   1.3732245727624739     
    12872939           2  0.88655054159312285     
    12872939           3  0.74022488564440325     
    12874664           1   1.2039014571337978     
    12874664           2  0.66907712378690798     
    12874664           3   1.1270214190792942     
    12875371           1   1.5470687938220500     
    12875371           2  0.43247203046888588     
    12875371           3   1.0204591757090642     
    12875857           1  0.97856587902973580     
    12875857           2  0.94820149794868536     
    12875857           3   1.0732326230215792     
    12876374           1   1.0361533656745108     
    12876374           2   1.1347008000889629     
    12876374           3  0.82914583423652644     
    12877217           1   1.0200862160937452     
    12877217           2   1.0339593392634299     
    12877217           3  0.94595444464282497     
    12879298           1   1.2159399874215873     
    12879298           2  0.89988904554950855     
    12879298           3  0.88417096702890430     
    12879871           1  0.98979402188957166     
    12879871           2  0.78988092031520341     
    12879871           3   1.2203250577952245     
    12883645           1   1.3190697134784719     
    12883645           2  0.98361536685787354     
    12883645           3  0.69731491966365422     
    12883758           1   1.2031015284909941     
    12883758           2  0.90636483026074222     
    12883758           3  0.89053364124826440     
    12884037           1  0.90412844068974008     
    12884037           2   1.0479861716598273     
    12884037           3   1.0478853876504328     
    12884380           1   1.2375741592255300     
    12884380           2  0.90649188426337046     
    12884380           3  0.85593395651109949     
    12884610           1   1.4242361849943561     
    12884610           2  0.92645926117612276     
    12884610           3  0.64930455382952135     
    12885822           1   1.0564038246156906     
    12885822           2  0.91110929602029789     
    12885822           3   1.0324868793640116     
    12891143           1   1.3799925098913384     
    12891143           2  0.75809820375763248     
    12891143           3  0.86190928635102904     
    12894070           1   1.2219419537210994     
    12894070           2  0.67910326296698365     
    12894070           3   1.0989547833119169     
    12895139           1  0.87275715134870446     
    12895139           2   1.0161658932029443     
    12895139           3   1.1110769554483515     
    12896225           1   1.5115034210964347     
    12896225           2  0.89520645403270604     
    12896225           3  0.59329012487085975     
    12896586           1   1.2058609988106574     
    12896586           2   1.1795534575064437     
    12896586           3  0.61458554368289897     
    12898532           1   1.2190468277293152     
    12898532           2  0.80883517189519127     
    12898532           3  0.97211800037549356     
    12899468           1   1.1475917449404258     
    12899468           2  0.95552062374395030     
    12899468           3  0.89688763131562355     
    12905354           1   1.6962899605572170     
    12905354           2  0.79948305028640587     
    12905354           3  0.50422698915637720     
    12905665           1   1.8272323561677131     
    12905665           2  0.38756190369471016     
    12905665           3  0.78520574013757694     
    12906228           1   1.3069639705825091     
    12906228           2  0.92221323086929152     
    12906228           3  0.77082279854819924     
    12906945           1   1.1665110697923431     
    12906945           2  0.88877366709239192     
    12906945           3  0.94471526311526488     
    12908646           1   1.1658843317459344     
    12908646           2   1.0519961637857878     
    12908646           3  0.78211950446827772     
    12909033           1   1.5243283296906545     
    12909033           2  0.67187909054634543     
    12909033           3  0.80379257976300034     
    12909510           1   1.1743489035159052     
    12909510           2   1.0015154205140451     
    12909510           3  0.82413567597004977     
    12910443           1   1.0459642940962497     
    12910443           2  0.85942894922427748     
    12910443           3   1.0946067566794733     
    12910712           1   1.4027948926868541     
    12910712           2  0.76354993353886480     
    12910712           3  0.83365517377428111     
    12910986           1   1.0991555999228828     
    12910986           2  0.59595052966943984     
    12910986           3   1.3048938704076773     
    12911588           1   1.1235958784940874     
    12911588           2  0.90486861810806618     
    12911588           3  0.97153550339784633     
    12911688           1   1.3243112415533205     
    12911688           2  0.83554767646583772     
    12911688           3  0.84014108198084181     
    12912877           1   1.0965455336148453     
    12912877           2   1.3288608941933537     
    12912877           3  0.57459357219180107     
    12913526           1   1.1569216205793471     
    12913526           2  0.83691078975048427     
    12913526           3   1.0061675896701687     
    12914510           1   1.5346840818129501     
    12914510           2  0.81345415659890852     
    12914510           3  0.65186176158814124     
    12915246           1   1.0960519012931436     
    12915246           2   1.2671186791772500     
    12915246           3  0.63682941952960637     
    12915248           1  0.80548377479245881     
    12915248           2   1.2186437494142395     
    12915248           3  0.97587247579330172     
    12915480           1  0.82569452582499581     
    12915480           2  0.93961984627447104     
    12915480           3   1.2346856279005332     
    12915637           1  0.44654607451618727     
    12915637           2  0.94064857720208184     
    12915637           3   1.6128053482817308     
    12915810           1  0.94249503586464745     
    12915810           2  0.85514594101030750     
    12915810           3   1.2023590231250452     
    12915951           1   1.0136745434228533     
    12915951           2   1.0463167351143194     
    12915951           3  0.94000872146282699     
    12916848           1   1.1950460032151440     
    12916848           2  0.55091988289900673     
    12916848           3   1.2540341138858493     
    12919959           1   1.0830928027625213     
    12919959           2  0.94429618867069642     
    12919959           3  0.97261100856678240     
    12921065           1   1.2481714082708741     
    12921065           2  0.94600428386450253     
    12921065           3  0.80582430786462345     
    12921553           1   1.1872011655717032     
    12921553           2   1.0166461557521491     
    12921553           3  0.79615267867614781     
    12921857           1   1.0277221153936738     
    12921857           2  0.95513450415794687     
    12921857           3   1.0171433804483796     
    12922414           1   1.2712709026501381     
    12922414           2  0.80470813035480016     
    12922414           3  0.92402096699506175     
    12924093           1  0.87887866745310550     
    12924093           2  0.96273281061405502     
    12924093           3   1.1583885219328394     
    12925658           1  0.92603510505977416     
    12925658           2  0.84707406112356454     
    12925658           3   1.2268908338166609     
    12925773           1   1.3230720950668418     
    12925773           2  0.87919629517235087     
    12925773           3  0.79773160976080770     
    12926241           1  0.88511972107234871     
    12926241           2   1.2477463594173495     
    12926241           3  0.86713391951030172     
    12926315           1   1.1139675720653013     
    12926315           2   1.0496829568356261     
    12926315           3  0.83634947109907243     
    12926621           1   1.1260627378468542     
    12926621           2  0.91677807456767357     
    12926621           3  0.95715918758547258     
    12926915           1   1.1288610992541366     
    12926915           2  0.90430412039306562     
    12926915           3  0.96683478035279746     
    12927411           1   1.3156441648915951     
    12927411           2  0.98834614669425447     
    12927411           3  0.69600968841415090     
    12928184           1   1.0954757435539699     
    12928184           2   1.0991072520819167     
    12928184           3  0.80541700436411356     
    12929295           1   1.0306370646024374     
    12929295           2   1.0408475253145857     
    12929295           3  0.92851541008297667     
    12930480           1   1.1698304671670030     
    12930480           2  0.79415773783574950     
    12930480           3   1.0360117949972478     
    12931515           1  0.84315167981025019     
    12931515           2   1.2665649930346379     
    12931515           3  0.89028332715511260     
    12931692           1   1.0595655874709005     
    12931692           2  0.92567898682753802     
    12931692           3   1.0147554257015619     
    12932429           1   1.4003245373689521     
    12932429           2  0.92235704942135011     
    12932429           3  0.67731841320969766     
    12934269           1   1.0796837280666451     
    12934269           2  0.87013678326224508     
    12934269           3   1.0501794886711098     
    12934320           1   1.5016532191919549     
    12934320           2  0.93709689105495708     
    12934320           3  0.56124988975308776     
    12934516           1   1.0672353198772582     
    12934516           2  0.76816721729415738     
    12934516           3   1.1645974628285845     
    12934553           1   1.1872559099462445     
    12934553           2  0.71781603493125390     
    12934553           3   1.0949280551225016     
    12935240           1   1.3214099397889607     
    12935240           2  0.97726708546876340     
    12935240           3  0.70132297474227634     
    12936385           1  0.85889310237183314     
    12936385           2  0.93536160976860516     
    12936385           3   1.2057452878595618     
    12937097           1   1.3785057658690010     
    12937097           2  0.76721019537570878     
    12937097           3  0.85428403875529024     
    12937170           1   1.1730475116241466     
    12937170           2  0.99878725252844114     
    12937170           3  0.82816523584741275     
    12938641           1   1.3490753183518356     
    12938641           2  0.72231379165179410     
    12938641           3  0.92861088999637009     
    12938771           1   1.1529573045209613     
    12938771           2  0.81569400294479766     
    12938771           3   1.0313486925342412     
    12938953           1  0.98970749284447512     
    12938953           2   1.1471442544218806     
    12938953           3  0.86314825273364459     
    12939461           1  0.86203415335602862     
    12939461           2  0.97574462793684624     
    12939461           3   1.1622212187071252     
    12939623           1  0.87519884361890410     
    12939623           2  0.96479386813672374     
    12939623           3   1.1600072882443722     
    12940369           1   1.2958218167324622     
    12940369           2  0.92027260512299813     
    12940369           3  0.78390557814453954     
    12940739           1   1.0535966821545346     
    12940739           2  0.90921494599236108     
    12940739           3   1.0371883718531043     
    12941022           1  0.90846488336379960     
    12941022           2   1.0676799346897705     
    12941022           3   1.0238551819464299     
    12941104           1   1.1393625765382405     
    12941104           2  0.80695982900860663     
    12941104           3   1.0536775944531531     
    12942152           1  0.82233214017772172     
    12942152           2  0.93579353498598272     
    12942152           3   1.2418743248362951     
    12942576           1   1.0002905919902687     
    12942576           2   1.0982298646615529     
    12942576           3  0.90147954334817781     
    12942863           1   1.3555286624859464     
    12942863           2  0.59197313138495067     
    12942863           3   1.0524982061291028     
    12943965           1   1.2641857682284083     
    12943965           2  0.91447078700743656     
    12943965           3  0.82134344476415522     
    12944194           1   1.2000283039814270     
    12944194           2  0.92580334252680041     
    12944194           3  0.87416835349177247     
    12944750           1   1.5070090086816106     
    12944750           2  0.67761550546878546     
    12944750           3  0.81537548584960373     
    12945620           1   1.1915931009431053     
    12945620           2  0.69069456337023694     
    12945620           3   1.1177123356866576     
    12945632           1  0.91592208684349929     
    12945632           2   1.1051166421389689     
    12945632           3  0.97896127101753216     
    12945913           1   1.0136158280339549     
    12945913           2  0.98967826152317451     
    12945913           3  0.99670591044287060     
    12946403           1   1.0730889234664487     
    12946403           2  0.92157706419546925     
    12946403           3   1.0053340123380818     
    12946510           1  0.88052588230320827     
    12946510           2   1.1503407759439253     
    12946510           3  0.96913334175286658     
    12946942           1   1.5226545884403602     
    12946942           2  0.46664814594854465     
    12946942           3   1.0106972656110953     
    12947013           1  0.92243585348828927     
    12947013           2  0.79459938655794304     
    12947013           3   1.2829647599537677     
    12947096           1   1.5198255149657893     
    12947096           2  0.48918072277584729     
    12947096           3  0.99099376225836355     
    12948017           1   1.3393919668463561     
    12948017           2  0.70933552898815855     
    12948017           3  0.95127250416548537     
    12948965           1  0.92620077050173322     
    12948965           2   1.0325266697222464     
    12948965           3   1.0412725597760204     
    12949128           1   1.2658522303233619     
    12949128           2  0.80428462341002427     
    12949128           3  0.92986314626661337     
    12949700           1   1.0630880080789475     
    12949700           2   1.0279815489931365     
    12949700           3  0.90893044292791580     
    12949802           1   1.3222986228293763     
    12949802           2  0.87868231416698162     
    12949802           3  0.79901906300364200     
    12950551           1   1.1966644749100070     
    12950551           2  0.97477260914004815     
    12950551           3  0.82856291594994491     
    12950693           1   1.2028071998853755     
    12950693           2  0.91629911280629583     
    12950693           3  0.88089368730832796     
    12951152           1   1.0635059787670200     
    12951152           2  0.89706578023660610     
    12951152           3   1.0394282409963740     
    12953382           1   1.2373804839295701     
    12953382           2  0.96985969784016668     
    12953382           3  0.79275981823026298     
    12953740           1   1.5793648961250168     
    12953740           2  0.59579194687563120     
    12953740           3  0.82484315699935218     
    12953760           1  0.95857573444899669     
    12953760           2   1.0185853896013943     
    12953760           3   1.0228388759496090     
    12954060           1   1.1997245210512100     
    12954060           2  0.99057942801795729     
    12954060           3  0.80969605093083274     
    12954175           1   1.2076296653494885     
    12954175           2  0.80236197478262627     
    12954175           3  0.99000835986788538     
    12955174           1   1.3607160485757368     
    12955174           2  0.76711881062975329     
    12955174           3  0.87216514079451024     
    12955248           1  0.97896418369513227     
    12955248           2  0.81479933405939708     
    12955248           3   1.2062364822454708     
    12955436           1   1.3489875853292619     
    12955436           2  0.79114931033698410     
    12955436           3  0.85986310433375424     
    12956516           1   1.2597029318575916     
    12956516           2  0.94674122662577587     
    12956516           3  0.79355584151663261     
    12956668           1   1.1377182869439268     
    12956668           2  0.52757700294503707     
    12956668           3   1.3347047101110359     
    12956760           1   1.3642518117612454     
    12956760           2   1.0230934595717198     
    12956760           3  0.61265472866703463     
    12957135           1   1.2732746527117569     
    12957135           2  0.93798486464332231     
    12957135           3  0.78874048264492136     
    12957472           1   1.2180739196230814     
    12957472           2  0.98048289726233562     
    12957472           3  0.80144318311458296     
    12957715           1   1.2350626951800929     
    12957715           2  0.67376286253907569     
    12957715           3   1.0911744422808312     
    12959310           1  0.90092149236268149     
    12959310           2  0.80661252726187460     
    12959310           3   1.2924659803754439     
    12959321           1   1.4519843664890753     
    12959321           2  0.71012360595609914     
    12959321           3  0.83789202755482550     
    12959329           1   1.3792258185823270     
    12959329           2  0.71997791946705214     
    12959329           3  0.90079626195062101     
    12959384           1  0.86938115117731607     
    12959384           2  0.97832245471649548     
    12959384           3   1.1522963941061883     
    12960196           1   1.1429249038941633     
    12960196           2   1.0793696908167425     
    12960196           3  0.77770540528909371     
    12960226           1   1.1198326211468885     
    12960226           2  0.91188583730329797     
    12960226           3  0.96828154154981372     
    12960411           1   1.0964528911385130     
    12960411           2  0.59679787979000865     
    12960411           3   1.3067492290714791     
    12960723           1   1.0504729241171917     
    12960723           2   1.0944782064728176     
    12960723           3  0.85504886940999070     
    12960767           1  0.95391748341145655     
    12960767           2  0.96708633326911753     
    12960767           3   1.0789961833194259     
    12961500           1   1.4423224583515917     
    12961500           2   1.0687296418589469     
    12961500           3  0.48894789978946163     
    12961579           1   1.4901128501937706     
    12961579           2  0.69492631114367864     
    12961579           3  0.81496083866255087     
    12962433           1   1.1632075627110152     
    12962433           2  0.78966167539910692     
    12962433           3   1.0471307618898777     
    12962450           1   1.4165253647534637     
    12962450           2  0.55557952625562645     
    12962450           3   1.0278951089909094     
    12962815           1   1.5323722667033717     
    12962815           2  0.81695924124347763     
    12962815           3  0.65066849205315058     
    12963442           1  0.94168084886282444     
    12963442           2  0.97587949156950615     
    12963442           3   1.0824396595676693     
    12963688           1   1.0081617586249487     
    12963688           2   1.0758645601699925     
    12963688           3  0.91597368120505884     
    12963857           1   1.1331231673600084     
    12963857           2  0.96175428623372938     
    12963857           3  0.90512254640626189     
    12964025           1   1.1722016686216934     
    12964025           2  0.92195087849306101     
    12964025           3  0.90584745288524604     
    12964422           1   1.1751871874902122     
    12964422           2  0.58636817928058027     
    12964422           3   1.2384446332292076     
    12964787           1  0.91151743616639902     
    12964787           2   1.0998021586954618     
    12964787           3  0.98868040513813937     
    12964832           1   1.2102284232229374     
    12964832           2  0.80119863009932513     
    12964832           3  0.98857294667773765     
    12964919           1   1.1440356945450743     
    12964919           2  0.51384838135734856     
    12964919           3   1.3421159240975773     
    12965234           1   1.3289214347269589     
    12965234           2  0.98052149714503078     
    12965234           3  0.69055706812801054     
    12966776           1  0.85504255079227409     
    12966776           2  0.96783076673344282     
    12966776           3   1.1771266824742832     
    12967514           1   1.0747596910965420     
    12967514           2  0.87033503595085671     
    12967514           3   1.0549052729526009     
    12968655           1   1.5030560144974674     
    12968655           2  0.90696960761972834     
    12968655           3  0.58997437788280427     
    12969501           1   1.2388842480434774     
    12969501           2  0.78863148995992061     
    12969501           3  0.97248426199660187     
    12969510           1   1.1326488576736304     
    12969510           2  0.74159257561760561     
    12969510           3   1.1257585667087637     
    12969874           1   1.3282358315695104     
    12969874           2  0.98092378142319614     
    12969874           3  0.69084038700729333     
    12970222           1   1.2296631088898260     
    12970222           2  0.74699308369184836     
    12970222           3   1.0233438074183259     
    12970519           1   1.0201280475551864     
    12970519           2   1.1209347320597238     
    12970519           3  0.85893722038508979     
    12970638           1   1.5406342777106594     
    12970638           2  0.81696014888130863     
    12970638           3  0.64240557340803173     
    12971026           1  0.96547631778565501     
    12971026           2  0.97662442433717012     
    12971026           3   1.0578992578771749     
    12971194           1   1.0327165500845716     
    12971194           2  0.86525560565698689     
    12971194           3   1.1020278442584412     
    12971256           1   1.2288410428681420     
    12971256           2  0.98645435829523498     
    12971256           3  0.78470459883662247     
    12972500           1  0.85443971513647610     
    12972500           2   1.0130675900315986     
    12972500           3   1.1324926948319254     
    12972938           1  0.92211017232505754     
    12972938           2  0.90153616657232216     
    12972938           3   1.1763536611026202     
    12973557           1  0.93421473488279960     
    12973557           2  0.85858742275562450     
    12973557           3   1.2071978423615761     
    12973711           1   1.0345463439976583     
    12973711           2  0.80355928904928087     
    12973711           3   1.1618943669530604     
    12974180           1   1.0012371270947900     
    12974180           2  0.79901281065891960     
    12974180           3   1.1997500622462904     
    12974321           1  0.99051009935418488     
    12974321           2  0.78959954819069267     
    12974321           3   1.2198903524551228     
    12974506           1   1.2105238927297473     
    12974506           2  0.96276893492849969     
    12974506           3  0.82670717234175262     
    12974554           1   1.0717193758210410     
    12974554           2  0.88082493714757171     
    12974554           3   1.0474556870313869     
    12974865           1   1.3683907579523618     
    12974865           2  0.86522859204424762     
    12974865           3  0.76638065000339084     
    12974922           1   1.1987508041570432     
    12974922           2   1.0132657829366056     
    12974922           3  0.78798341290635088     
    12975013           1   1.3518097850583797     
    12975013           2   1.0080292679496521     
    12975013           3  0.64016094699196824     
    12975089           1  0.88452090564674113     
    12975089           2  0.83870523842713818     
    12975089           3   1.2767738559261208     
    12975417           1   1.0322937849715847     
    12975417           2  0.99134940118757209     
    12975417           3  0.97635681384084294     
    12975418           1   1.1350989443298489     
    12975418           2  0.52903872755864867     
    12975418           3   1.3358623281115025     
    12975706           1   1.0965190406539937     
    12975706           2  0.89290146100737600     
    12975706           3   1.0105794983386305     
    12976178           1   1.2549229166925566     
    12976178           2  0.62181245317384737     
    12976178           3   1.1232646301335965     
    12976394           1   1.0799128315797877     
    12976394           2  0.84449761720765781     
    12976394           3   1.0755895512125542     
    12976957           1   1.4317349986622121     
    12976957           2  0.94304629653962824     
    12976957           3  0.62521870479815955     
    12977386           1   1.2878920277171744     
    12977386           2  0.96749801878032948     
    12977386           3  0.74460995350249637     
    12979029           1  0.84706056638636051     
    12979029           2   1.0109060699103491     
    12979029           3   1.1420333637032907     
    12979591           1   1.3432406573668225     
    12979591           2  0.86719299661442906     
    12979591           3  0.78956634601874853     
    12979887           1  0.84319384622851912     
    12979887           2  0.98434314156474378     
    12979887           3   1.1724630122067372     
    12979942           1   1.0595590511923623     
    12979942           2  0.92568210494153114     
    12979942           3   1.0147588438661064     
    12979970           1   1.2524994454711640     
    12979970           2  0.88884489559718793     
    12979970           3  0.85865565893164797     
    12980488           1   1.2210950706157861     
    12980488           2  0.97780747707838456     
    12980488           3  0.80109745230582907     
    12980876           1  0.87696004168882336     
    12980876           2   1.0066124484778325     
    12980876           3   1.1164275098333443     
    12980939           1   1.1509976578829220     
    12980939           2  0.63654633395065074     
    12980939           3   1.2124560081664271     
    12981158           1   1.5290566125712890     
    12981158           2  0.68752904823330419     
    12981158           3  0.78341433919540693     
    12981200           1   1.2338899847156752     
    12981200           2  0.97558647567513124     
    12981200           3  0.79052353960919364     
    12981378           1   1.3251279242784844     
    12981378           2  0.88056241681691017     
    12981378           3  0.79430965890460581     
    12981694           1   1.0164642167169307     
    12981694           2  0.84194937251959978     
    12981694           3   1.1415864107634695     
    12981712           1   1.0842113138901299     
    12981712           2  0.94374519392441503     
    12981712           3  0.97204349218545494     
    12981806           1   1.1872664684689318     
    12981806           2  0.76128026572811369     
    12981806           3   1.0514532658029545     
    12981890           1   1.2457383451538024     
    12981890           2  0.99501079271802373     
    12981890           3  0.75925086212817372     
    12981995           1  0.96119749477842842     
    12981995           2   1.1693339514834313     
    12981995           3  0.86946855373814003     
    12982340           1   1.0179126140342523     
    12982340           2  0.79443598516322012     
    12982340           3   1.1876514008025276     
    12982539           1   1.2171530503592247     
    12982539           2  0.97997428027173750     
    12982539           3  0.80287266936903823     
    12982546           1   1.4535614815568927     
    12982546           2  0.71089492737306059     
    12982546           3  0.83554359107004650     
    12982795           1   1.2436225714674292     
    12982795           2   1.0124576881533858     
    12982795           3  0.74391974037918507     
    12982893           1  0.84049503116468716     
    12982893           2  0.93322385053365087     
    12982893           3   1.2262811183016620     
    12983082           1   1.2683501175844716     
    12983082           2  0.94065995099799427     
    12983082           3  0.79098993141753360     
    12983097           1   1.1453290510118530     
    12983097           2  0.97211420231132750     
    12983097           3  0.88255674667681927     
    12983234           1   1.3606506948625849     
    12983234           2  0.72603472089234411     
    12983234           3  0.91331458424507095     
    12983574           1   1.1557561311896880     
    12983574           2  0.83606768108331542     
    12983574           3   1.0081761877269970     
    12983667           1   1.5407395544583717     
    12983667           2  0.80482660341087131     
    12983667           3  0.65443384213075706     
    12983794           1   1.1205085047647461     
    12983794           2  0.85163819509076610     
    12983794           3   1.0278533001444878     
    12983864           1  0.82462529221814440     
    12983864           2   1.1911755305328924     
    12983864           3  0.98419917724896311     
    12983991           1   1.3810838758810327     
    12983991           2  0.77860139986937094     
    12983991           3  0.84031472424959686     
    12984132           1   1.2583438145748083     
    12984132           2   1.0050791816136304     
    12984132           3  0.73657700381156122     
    12984191           1   1.1400535443536419     
    12984191           2  0.68210939126684511     
    12984191           3   1.1778370643795131     
    12984346           1  0.91316132991218724     
    12984346           2  0.86733769753935086     
    12984346           3   1.2195009725484620     
    12984388           1  0.80543897796825670     
    12984388           2   1.2187428191972645     
    12984388           3  0.97581820283447884     
    12984924           1   1.1247809990721060     
    12984924           2  0.56650333923421636     
    12984924           3   1.3087156616936775     
    12984967           1   1.1711023689253246     
    12984967           2  0.68365152845539889     
    12984967           3   1.1452461026192762     
    12984984           1   1.1633916011867840     
    12984984           2  0.79007548010293394     
    12984984           3   1.0465329187102819     
    12985119           1  0.95492037882364800     
    12985119           2  0.80388174260719658     
    12985119           3   1.2411978785691558     
    12985171           1   1.3911683044936460     
    12985171           2  0.75829341980550191     
    12985171           3  0.85053827570085172     
    12985323           1   1.1382643105536512     
    12985323           2  0.80737932647004651     
    12985323           3   1.0543563629763024     
    12985477           1   1.2915338831088412     
    12985477           2  0.81040560448415389     
    12985477           3  0.89806051240700469     
    12985735           1   1.3363733876989956     
    12985735           2  0.99651852102212635     
    12985735           3  0.66710809127887760     
    12985777           1   1.0395450422473846     
    12985777           2  0.92135649678714948     
    12985777           3   1.0390984609654663     
    12985960           1  0.84102388554383889     
    12985960           2   1.0600610153223211     
    12985960           3   1.0989150991338406     
    12985963           1   1.4260090994452934     
    12985963           2   1.0566417969249020     
    12985963           3  0.51734910362980469     
    12986094           1   1.0664727407004624     
    12986094           2   1.0261851624264233     
    12986094           3  0.90734209687311396     
    12986182           1   1.3640250794665978     
    12986182           2   1.0064221090216312     
    12986182           3  0.62955281151177089     
    12986283           1   1.3504533611936769     
    12986283           2  0.87783254582743075     
    12986283           3  0.77171409297889226     
    12986460           1   1.1351290319037544     
    12986460           2  0.97361743041643778     
    12986460           3  0.89125353767980797     
    12986508           1   1.2070311180698958     
    12986508           2  0.93293941167812611     
    12986508           3  0.86002947025197818     
    12986519           1   1.0970939662729688     
    12986519           2   1.1201897350758152     
    12986519           3  0.78271629865121628     
    12986529           1   1.5045247944889049     
    12986529           2  0.67874300192768677     
    12986529           3  0.81673220358340826     
    12986596           1   1.1639422478045161     
    12986596           2  0.64343898971703140     
    12986596           3   1.1926187624784523     
    12986598           1   1.0010639945050661     
    12986598           2   1.0245194554764183     
    12986598           3  0.97441655001851524     
    12986724           1   1.3686598884739647     
    12986724           2  0.75526716333351662     
    12986724           3  0.87607294819251880     
    12987062           1   1.1444109561421849     
    12987062           2  0.97505485251002122     
    12987062           3  0.88053419134779431     
    12987417           1   1.2938483973851296     
    12987417           2  0.79514031941339625     
    12987417           3  0.91101128320147406     
    12987453           1  0.87947750291790994     
    12987453           2   1.0151055206376800     
    12987453           3   1.1054169764444097     
    12987679           1  0.73832900789553646     
    12987679           2   1.0589944677033298     
    12987679           3   1.2026765244011335     
    12987922           1   1.4065055026491653     
    12987922           2  0.95227330280577260     
    12987922           3  0.64122119454506199     
    12987997           1   1.0607137932786861     
    12987997           2  0.90589036071908380     
    12987997           3   1.0333958460022301     
    12988048           1  0.82837572900595935     
    12988048           2   1.1965930560109659     
    12988048           3  0.97503121498307466     
    12988105           1   1.3721997120274516     
    12988105           2  0.86348765215321066     
    12988105           3  0.76431263581933750     
    12988119           1   1.1979600720830585     
    12988119           2   1.0186936197197922     
    12988119           3  0.78334630819714945     
    12988136           1   1.1583299002233198     
    12988136           2  0.79893025710080612     
    12988136           3   1.0427398426758741     
    12988153           1   1.0474249074503852     
    12988153           2  0.91507240190851191     
    12988153           3   1.0375026906411031     
    12988204           1   1.1188756921031229     
    12988204           2  0.92840045249074510     
    12988204           3  0.95272385540613203     
    12988291           1   1.1284237245877948     
    12988291           2  0.95263431449746194     
    12988291           3  0.91894196091474345     
    12988418           1   1.2663251384816876     
    12988418           2  0.93620109499737769     
    12988418           3  0.79747376652093482     
    12988475           1   1.2568621810973979     
    12988475           2  0.62785278632756925     
    12988475           3   1.1152850325750325     
    12988511           1   1.2559098015099117     
    12988511           2  0.98459603812278851     
    12988511           3  0.75949416036729966     
    12988528           1   1.0556909268903225     
    12988528           2  0.91144348465110547     
    12988528           3   1.0328655884585720     
    12988618           1   1.2177735302370052     
    12988618           2  0.80799034151407734     
    12988618           3  0.97423612824891737     
    12988622           1  0.84623682737412964     
    12988622           2  0.93829010261978008     
    12988622           3   1.2154730700060903     
    12988729           1  0.44026989608991490     
    12988729           2  0.96959263854195843     
    12988729           3   1.5901374653681266     
    12988750           1   1.1198236974411753     
    12988750           2  0.93654706637423557     
    12988750           3  0.94362923618458938     
    12988756           1   1.1020073769467256     
    12988756           2   1.0073257870063190     
    12988756           3  0.89066683604695518     
    12989003           1   1.1898528685102974     
    12989003           2  0.92290388127923118     
    12989003           3  0.88724325021047146     
    12989059           1   1.5112508996239884     
    12989059           2  0.89535832462153986     
    12989059           3  0.59339077575447152     
    12989089           1   1.5391792145047587     
    12989089           2  0.82058825426586057     
    12989089           3  0.64023253122938051     
    12989096           1   1.1621194270336443     
    12989096           2  0.88542764103204485     
    12989096           3  0.95245293193431080     
    12989236           1   1.2047679115531542     
    12989236           2  0.92336555723168912     
    12989236           3  0.87186653121515634     
    12989237           1   1.2356026206910464     
    12989237           2  0.94070906501117779     
    12989237           3  0.82368831429777600     
    12989298           1   1.3460384137243777     
    12989298           2  0.95742262329904781     
    12989298           3  0.69653896297657458     
    12989389           1   1.3189622314273783     
    12989389           2  0.88578415539962740     
    12989389           3  0.79525361317299448     
    12989538           1   1.3968491890096617     
    12989538           2  0.77302905942771516     
    12989538           3  0.83012175156262302     
    12989626           1   1.2067192040978176     
    12989626           2   1.0117902779318650     
    12989626           3  0.78149051797031688     
    12989667           1   1.2350168411456817     
    12989667           2  0.98093988746516869     
    12989667           3  0.78404327138914942     
    12989671           1   1.3182354269793641     
    12989671           2  0.84547797876889552     
    12989671           3  0.83628659425174023     
    12989704           1   1.1466128387258321     
    12989704           2  0.82945347318821772     
    12989704           3   1.0239336880859502     
    12989752           1   1.1808793323673010     
    12989752           2  0.75820613060678477     
    12989752           3   1.0609145370259141     
    12989773           1   1.2476940929335847     
    12989773           2  0.99657291060280118     
    12989773           3  0.75573299646361447     
    12989913           1   1.5450826695223454     
    12989913           2  0.43306321001338494     
    12989913           3   1.0218541204642695     
    12989919           1   1.2386795286975478     
    12989919           2  0.95654846972786445     
    12989919           3  0.80477200157458795     
    12989991           1   1.3901246393510760     
    12989991           2  0.56484251170886690     
    12989991           3   1.0450328489400575     
    12990011           1  0.98621350549046305     
    12990011           2  0.93216641144850321     
    12990011           3   1.0816200830610336     
    12990037           1  0.86039278962440757     
    12990037           2   1.1765975337497145     
    12990037           3  0.96300967662587833     
    12990049           1   1.0485261889909097     
    12990049           2  0.92190329849603758     
    12990049           3   1.0295705125130525     
    12990137           1   1.3108914286856692     
    12990137           2  0.88911200316857919     
    12990137           3  0.79999656814575171     
    12990143           1   1.2245958867409648     
    12990143           2   1.0413435686457753     
    12990143           3  0.73406054461326020     
    12990165           1   1.2059915653753415     
    12990165           2  0.74181286260089330     
    12990165           3   1.0521955720237652     
    12990184           1   1.2630002402448857     
    12990184           2  0.74558522003858874     
    12990184           3  0.99141453971652582     
    12990201           1   1.5236759803506053     
    12990201           2  0.47129493421680196     
    12990201           3   1.0050290854325925     
    12990216           1   1.3086608426212083     
    12990216           2  0.89270384704392636     
    12990216           3  0.79863531033486523     
    12990237           1  0.96824217910992583     
    12990237           2  0.96017153554615320     
    12990237           3   1.0715862853439211     
    12990251           1   1.2508533596073315     
    12990251           2  0.75422734445672901     
    12990251           3  0.99491929593593975     
    12990274           1  0.83761441551220717     
    12990274           2  0.92379714846114958     
    12990274           3   1.2385884360266439     
    12990340           1   1.1904642474576401     
    12990340           2  0.78520420867648777     
    12990340           3   1.0243315438658720     
    12990373           1   1.1206341863226705     
    12990373           2  0.76094021244084675     
    12990373           3   1.1184256012364828     
    12990376           1  0.82914085747430388     
    12990376           2  0.93286767390990089     
    12990376           3   1.2379914686157953     
    12990391           1   1.2362446308469406     
    12990391           2   1.0064511610322684     
    12990391           3  0.75730420812079080     
    12990450           1   1.3164630284605627     
    12990450           2  0.98709408318209457     
    12990450           3  0.69644288835734214     
    12990461           1   1.0916861537617397     
    12990461           2  0.60645697264166765     
    12990461           3   1.3018568735965930     
    12990475           1  0.89704402416201623     
    12990475           2   1.2645559563729973     
    12990475           3  0.83840001946498643     
    12990512           1   1.2363739572395858     
    12990512           2  0.65696433684005717     
    12990512           3   1.1066617059203567     
    12990536           1  0.89869899579838386     
    12990536           2   1.0270066076392776     
    12990536           3   1.0742943965623384     
    12990543           1   1.3312543645832582     
    12990543           2  0.87858765486965174     
    12990543           3  0.79015798054708974     
    12990600           1  0.80917412922142395     
    12990600           2   1.1977758271602816     
    12990600           3  0.99305004361829408     
    12990656           1   1.2438521663794293     
    12990656           2  0.97673771682157651     
    12990656           3  0.77941011679899419     
    12990658           1   1.2284001188071789     
    12990658           2  0.98461732021208104     
    12990658           3  0.78698256098074026     
    12990687           1   1.0264324604030755     
    12990687           2   1.0594854805743079     
    12990687           3  0.91408205902261619     
    12990693           1   1.0642441739785431     
    12990693           2  0.91651967623883390     
    12990693           3   1.0192361497826230     
    12990707           1  0.84686257327465364     
    12990707           2   1.0474110110909345     
    12990707           3   1.1057264156344120     
    12990710           1  0.89217434982790778     
    12990710           2  0.87606036462690151     
    12990710           3   1.2317652855451906     
    12990719           1  0.80884712102187450     
    12990719           2  0.96964343864695623     
    12990719           3   1.2215094403311693     
    12990749           1  0.83441218931987493     
    12990749           2   1.1972766076665025     
    12990749           3  0.96831120301362295     
    12990764           1   1.3765100438055602     
    12990764           2  0.75972785750947924     
    12990764           3  0.86376209868496057     
    12990806           1  0.87392369614704002     
    12990806           2  0.92622827740504132     
    12990806           3   1.1998480264479185     
    12990836           1  0.89909325809039842     
    12990836           2   1.0505038840227110     
    12990836           3   1.0504028578868903     
    12990847           1  0.83216552770996133     
    12990847           2   1.0812976064426996     
    12990847           3   1.0865368658473389     
    12990905           1  0.80200756088011238     
    12990905           2   1.2133844673672494     
    12990905           3  0.98460797175263826     
    12990919           1   1.0636941751201645     
    12990919           2  0.91792870874133758     
    12990919           3   1.0183771161384976     
    12990921           1   1.3324794901909005     
    12990921           2  0.97576848436295927     
    12990921           3  0.69175202544614056     
    12990971           1   1.0567853602478035     
    12990971           2  0.90772543261464667     
    12990971           3   1.0354892071375497     
    12990995           1   1.2293435261993508     
    12990995           2  0.97428193492804516     
    12990995           3  0.79637453887260412     
    12991007           1   1.3756015424935122     
    12991007           2  0.78366543842563119     
    12991007           3  0.84073301908085640     
    12991021           1  0.93525966571920516     
    12991021           2  0.96922511291347102     
    12991021           3   1.0955152213673240     
    12991029           1  0.81101575899483380     
    12991029           2   1.2064095679875790     
    12991029           3  0.98257467301758739     
    12991039           1   1.0736179901685732     
    12991039           2  0.83353263208648776     
    12991039           3   1.0928493777449391     
    12991043           1   1.2397655350034777     
    12991043           2  0.97830066499151258     
    12991043           3  0.78193380000500956     
    12991060           1  0.68398918219785865     
    12991060           2   1.0643337938666413     
    12991060           3   1.2516770239354997     
    12991063           1  0.95587271100110438     
    12991063           2   1.0451332195543512     
    12991063           3  0.99899406944454461     
    12991070           1   1.1804737303317416     
    12991070           2  0.81361394602266091     
    12991070           3   1.0059123236455976     
    12991077           1   1.2626443308188475     
    12991077           2  0.95595857698741438     
    12991077           3  0.78139709219373787     
    12991079           1   1.3579284002149428     
    12991079           2  0.78768430228458675     
    12991079           3  0.85438729750047082     
    12991121           1   1.2068617539836111     
    12991121           2  0.66334557191717336     
    12991121           3   1.1297926740992155     
    12991174           1   1.2678459707826217     
    12991174           2  0.75445399966474436     
    12991174           3  0.97770002955263424     
    12991232           1  0.97651817232574534     
    12991232           2   1.0029109382338111     
    12991232           3   1.0205708894404439     
    12991251           1   1.1737849288728872     
    12991251           2  0.80649607356231146     
    12991251           3   1.0197189975648013     
    12991273           1   1.2162909341468264     
    12991273           2  0.64629294581744490     
    12991273           3   1.1374161200357285     
    12991277           1   1.1978398634137712     
    12991277           2  0.55220786104321451     
    12991277           3   1.2499522755430141     
    12991293           1   1.1781047111157150     
    12991293           2  0.89405618451078650     
    12991293           3  0.92783910437349804     
    12991294           1   1.2658001666397123     
    12991294           2  0.80430877015283975     
    12991294           3  0.92989106320744863     
    12991301           1   1.1186361633208837     
    12991301           2   1.0540821339717530     
    12991301           3  0.82728170270736379     
    12991323           1   1.1714952757129371     
    12991323           2  0.79528791919610553     
    12991323           3   1.0332168050909571     
    12991325           1  0.97230653902287811     
    12991325           2   1.0331757828523427     
    12991325           3  0.99451767812477976     
    12991327           1  0.90197287288964934     
    12991327           2  0.89860033484224922     
    12991327           3   1.1994267922681010     
    12991328           1   1.3516649903525193     
    12991328           2  0.91852400979912563     
    12991328           3  0.72981099984835529     
    12991336           1   1.1330899999174617     
    12991336           2  0.80251724202042751     
    12991336           3   1.0643927580621104     
    12991338           1   1.1106023970615742     
    12991338           2  0.59717916028331020     
    12991338           3   1.2922184426551162     
    12991347           1   1.2878574171135744     
    12991347           2  0.93305505704444824     
    12991347           3  0.77908752584197716     
    12991351           1   1.0600562667175788     
    12991351           2  0.93712585840732077     
    12991351           3   1.0028178748751002     
    12991353           1   1.2623905228121022     
    12991353           2  0.80208515805747049     
    12991353           3  0.93552431913042755     
    12991391           1   1.2453275002116428     
    12991391           2   1.2246831888884777     
    12991391           3  0.52998931089987933     
    12991396           1   1.3374082823510771     
    12991396           2  0.93748513588508520     
    12991396           3  0.72510658176383780     
    12991399           1   1.2604651841407453     
    12991399           2  0.97031182796405402     
    12991399           3  0.76922298789520094     
    12991400           1   1.3552352909211085     
    12991400           2  0.79207187379827559     
    12991400           3  0.85269283528061579     
    12991417           1   1.1493005318243994     
    12991417           2  0.53565770101022336     
    12991417           3   1.3150417671653774     
    12991418           1   1.0883260153349847     
    12991418           2   1.1305266233845430     
    12991418           3  0.78114736128047257     
    12991420           1   1.3996644350746517     
    12991420           2  0.54896645206982519     
    12991420           3   1.0513691128555229     
    12991438           1   1.3515649230948685     
    12991438           2  0.94740853807012249     
    12991438           3  0.70102653883500898     
    12991447           1   1.1762593271665940     
    12991447           2  0.65051701656834804     
    12991447           3   1.1732236562650580     
    12991467           1   1.0474064146038740     
    12991467           2   1.0134782338546044     
    12991467           3  0.93911535154152181     
    12991489           1   1.5513894855998267     
    12991489           2  0.43367984899229428     
    12991489           3   1.0149306654078791     
    12991500           1   1.3915397202642825     
    12991500           2  0.71235459496318587     
    12991500           3  0.89610568477253172     
    12991502           1   1.8478328590841675     
    12991502           2  0.38075410151040007     
    12991502           3  0.77141303940543227     
    12991521           1  0.67113293866005219     
    12991521           2  0.95130296925052749     
    12991521           3   1.3775640920894201     
    12991523           1  0.81900214650893777     
    12991523           2   1.1116480717968880     
    12991523           3   1.0693497816941742     
    12991528           1   1.4706020825611872     
    12991528           2  0.91264755267912057     
    12991528           3  0.61675036475969258     
    12991536           1   1.2736815366353695     
    12991536           2  0.93147895155723615     
    12991536           3  0.79483951180739432     
    12991538           1   1.2574278691484972     
    12991538           2  0.95301986809086014     
    12991538           3  0.78955226276064217     
    12991543           1   1.0170518814904581     
    12991543           2   1.0308837378563911     
    12991543           3  0.95206438065315091     
    12991544           1   1.0442123935349450     
    12991544           2   1.0545573442314733     
    12991544           3  0.90123026223358138     
    12991567           1   1.2881944140228037     
    12991567           2  0.94897582426389437     
    12991567           3  0.76282976171330208     
    12991572           1   1.2037547488332816     
    12991572           2   1.0099286074632985     
    12991572           3  0.78631664370342003     
    12991573           1   1.0087196999837504     
    12991573           2  0.80498409501621904     
    12991573           3   1.1862962050000303     
    12991574           1   1.1569383843123668     
    12991574           2  0.80157442916937738     
    12991574           3   1.0414871865182558     
    12991591           1   1.3087765133163785     
    12991591           2  0.97092832141040319     
    12991591           3  0.72029516527321813     
    12991595           1   1.2716539628802721     
    12991595           2  0.93151503860854612     
    12991595           3  0.79683099851118133     
    12991596           1  0.98893311613898283     
    12991596           2   1.0061652730338730     
    12991596           3   1.0049016108271438     
    12991600           1   1.1929873423748603     
    12991600           2   1.2153296788470878     
    12991600           3  0.59168297877805209     
    12991606           1   1.0118595492216107     
    12991606           2   1.0256207901199810     
    12991606           3  0.96251966065840855     
    12991608           1   1.2828086371289671     
    12991608           2  0.94115808935113643     
    12991608           3  0.77603327351989626     
    12991614           1   1.3945827846701018     
    12991614           2  0.71315607061237030     
    12991614           3  0.89226114471752815     
    12991615           1   1.2946833202703083     
    12991615           2  0.93960788324199263     
    12991615           3  0.76570879648769918     
    12991618           1   1.0132231203094280     
    12991618           2  0.91202840944905383     
    12991618           3   1.0747484702415182     
    12991619           1   1.1303152451638208     
    12991619           2   1.0331203474008666     
    12991619           3  0.83656440743531280     
    12991620           1   1.0945709076201351     
    12991620           2   1.1370136657680314     
    12991620           3  0.76841542661183393     
    12991621           1  0.86926121640485965     
    12991621           2  0.98502635145387962     
    12991621           3   1.1457124321412604     
    12991625           1   1.1108323034811105     
    12991625           2  0.94957638850071635     
    12991625           3  0.93959130801817281     
    12991628           1   1.3861738912532036     
    12991628           2  0.70259300080963116     
    12991628           3  0.91123310793716505     
    12991630           1   1.0154956801470585     
    12991630           2   1.0512177242638634     
    12991630           3  0.93328659558907812     
    12991632           1   1.3934792582810682     
    12991632           2  0.71399518948152307     
    12991632           3  0.89252555223740837     
    12991636           1   1.1554393451006131     
    12991636           2  0.55431916156677319     
    12991636           3   1.2902414933326141     
    12991637           1  0.79619476786831633     
    12991637           2   1.2238765632879267     
    12991637           3  0.97992866884375696     
    12991640           1   1.0439232434872805     
    12991640           2  0.95129857979841859     
    12991640           3   1.0047781767143014     
    12991641           1   1.3772750230875301     
    12991641           2  0.78285809408388585     
    12991641           3  0.83986688282858390     
    12991642           1   1.0332857335268868     
    12991642           2   1.1261513470869111     
    12991642           3  0.84056291938620142     
    12991645           1   1.3125502407417029     
    12991645           2  0.93215287303005134     
    12991645           3  0.75529688622824587     
    12991647           1   1.2087680856909824     
    12991647           2  0.89458128705000028     
    12991647           3  0.89665062725901745     
    12991650           1  0.97863268988972008     
    12991650           2   1.0190708292458170     
    12991650           3   1.0022964808644630     
    12991651           1   1.4288663603439620     
    12991651           2  0.94716762920113751     
    12991651           3  0.62396601045490019     
    12991652           1   1.1668839368793396     
    12991652           2  0.96258396687490921     
    12991652           3  0.87053209624575123     
    12991655           1   1.1477407978807768     
    12991655           2  0.50579666697534409     
    12991655           3   1.3464625351438795     
    12991656           1   1.1872001333322328     
    12991656           2  0.94333624596144661     
    12991656           3  0.86946362070632011     
    12991658           1   1.5210525270430615     
    12991658           2  0.71829709966864241     
    12991658           3  0.76065037328829599     
    12991660           1  0.99361639488233311     
    12991660           2  0.95243242792723981     
    12991660           3   1.0539511771904275     
    12991662           1  0.91251985716479955     
    12991662           2   1.0172752163263583     
    12991662           3   1.0702049265088422     
    12991663           1   1.3368781189436652     
    12991663           2  0.72942983391810912     
    12991663           3  0.93369204713822573     
    12991666           1   1.1364783611824518     
    12991666           2  0.85704675207989756     
    12991666           3   1.0064748867376507     
    12991667           1   1.1913754579992928     
    12991667           2  0.73871904641118402     
    12991667           3   1.0699054955895233     
    12991669           1  0.87006017257965929     
    12991669           2   1.1560210211253448     
    12991669           3  0.97391880629499550     
    12991676           1  0.88328694589896062     
    12991676           2  0.95251428856772580     
    12991676           3   1.1641987655333135     
    12991678           1  0.85204346334728098     
    12991678           2   1.0089067553355640     
    12991678           3   1.1390497813171554     
    12991679           1   1.1633880093117299     
    12991679           2  0.99056270264464918     
    12991679           3  0.84604928804362067     
    12991682           1   1.0691625708719883     
    12991682           2  0.84252327922989823     
    12991682           3   1.0883141498981135     
    12991683           1   1.0896500950066741     
    12991683           2   1.1245717424024708     
    12991683           3  0.78577816259085531     
    12991686           1   1.3643740714988106     
    12991686           2  0.58878898073891917     
    12991686           3   1.0468369477622705     
    12991687           1  0.80715780877115750     
    12991687           2   1.0712121805894612     
    12991687           3   1.1216300106393815     
    12991694           1  0.92227102041351627     
    12991694           2   1.0919818037779347     
    12991694           3  0.98574717580854931     
    12991695           1  0.91165234292156405     
    12991695           2   1.1026139118422429     
    12991695           3  0.98573374523619306     
    12991696           1   1.1593945249313831     
    12991696           2  0.91651658058619168     
    12991696           3  0.92408889448242548     
    12991697           1  0.98670817959109802     
    12991697           2  0.91139406101096354     
    12991697           3   1.1018977593979384     
    12991699           1   1.6615159531436170     
    12991699           2  0.51134117522900624     
    12991699           3  0.82714287162737676     
    12991701           1   1.0241305890151353     
    12991701           2  0.85391947391450163     
    12991701           3   1.1219499370703632     
    12991704           1   1.4284098972652921     
    12991704           2   1.0376048546182632     
    12991704           3  0.53398524811644521     
    12991706           1  0.83526528421894708     
    12991706           2   1.0528026379180291     
    12991706           3   1.1119320778630239     
    12991707           1  0.87908011127385277     
    12991707           2   1.1533778061710500     
    12991707           3  0.96754208255509744     
    12991708           1   1.1828817967782641     
    12991708           2  0.88083804729315074     
    12991708           3  0.93628015592858505     
    12991709           1   1.0235095937229588     
    12991709           2  0.93711921931133579     
    12991709           3   1.0393711869657059     
    12991711           1   1.5181084956982620     
    12991711           2  0.83707027365551723     
    12991711           3  0.64482123064622099     
    12991712           1   1.2001963055091314     
    12991712           2  0.75513511799534627     
    12991712           3   1.0446685764955219     
    12991713           1   1.3487649152438748     
    12991713           2  0.74423670602490077     
    12991713           3  0.90699837873122457     
    12991714           1  0.45157274699229871     
    12991714           2  0.91746690411978082     
    12991714           3   1.6309603488879207     
    12991715           1   1.0724778879473249     
    12991715           2  0.92276055440747817     
    12991715           3   1.0047615576451965     
    12991716           1   1.1772617614448846     
    12991716           2  0.86931637782907056     
    12991716           3  0.95342186072604440     
    12991717           1   1.0255045346135849     
    12991717           2   1.0235164626175526     
    12991717           3  0.95097900276886282     
    12991718           1  0.98125067900897878     
    12991718           2  0.78306311440018250     
    12991718           3   1.2356862065908383     
    12991719           1  0.92299480477669038     
    12991719           2  0.86325068134109795     
    12991719           3   1.2137545138822117     
