    10758585           1   1.0913131997871954     
    10758585           2   1.0969070193101160     
    10758585           3  0.81177978090268876     
    11283108           1  0.71154250328999591     
    11283108           2  0.73370951701432607     
    11283108           3   1.5547479796956780     
    11459584           1   1.1494920552293357     
    11459584           2   1.5713502477153982     
    11459584           3  0.27915769705526577     
    11759000           1   1.0673648282671664     
    11759000           2   1.2774721431047342     
    11759000           3  0.65516302862809994     
    11785087           1   1.3887253264297246     
    11785087           2  0.96589880463262723     
    11785087           3  0.64537586893764842     
    11841285           1  0.90734084024454531     
    11841285           2  0.97756440367373876     
    11841285           3   1.1150947560817164     
    11925415           1  0.88706700363505930     
    11925415           2  0.97724523944657904     
    11925415           3   1.1356877569183617     
    11938775           1   2.4848787949678652E-002
    11938775           2  0.45966484678723285     
    11938775           3   2.5154863652630888     
    11966089           1   1.2727115469046806     
    11966089           2  0.71970495623834030     
    11966089           3   1.0075834968569790     
    11970979           1  0.75319904620378997     
    11970979           2   1.1270179176370962     
    11970979           3   1.1197830361591139     
    11985343           1  0.60139131739381790     
    11985343           2   1.5536060196403347     
    11985343           3  0.84500266296584747     
    11986345           1   2.0568935357334990     
    11986345           2  0.94152380533296154     
    11986345           3   1.5826589335396495E-003
    11992681           1  0.81856183733209487     
    11992681           2   1.0588832667709354     
    11992681           3   1.1225548958969700     
    11999476           1   1.4423168184011477     
    11999476           2  0.45286577293440328     
    11999476           3   1.1048174086644493     
    12014446           1   2.2166445658720404     
    12014446           2  0.73159111190770809     
    12014446           3   5.1764322220251360E-002
    12016891           1   1.3491253480109213     
    12016891           2   1.1685525472497111     
    12016891           3  0.48232210473936793     
    12030275           1  0.98562648212892290     
    12030275           2   1.1609694986862846     
    12030275           3  0.85340401918479281     
    12058016           1   1.1217954643563692     
    12058016           2   1.2463801608617968     
    12058016           3  0.63182437478183440     
    12094163           1  0.79387845332392570     
    12094163           2   1.4673184008653974     
    12094163           3  0.73880314581067696     
    12108298           1   1.0717307017376236     
    12108298           2  0.98152368250024813     
    12108298           3  0.94674561576212823     
    12110454           1   1.0589979250725130     
    12110454           2  0.97101101341521190     
    12110454           3  0.96999106151227521     
    12120288           1  0.93657101936212661     
    12120288           2   1.1386063969453184     
    12120288           3  0.92482258369255443     
    12175559           1  0.48453921432656150     
    12175559           2   1.8372643601465422     
    12175559           3  0.67819642552689663     
    12176549           1   1.3582505646628718     
    12176549           2  0.85603088479765732     
    12176549           3  0.78571855053947126     
    12237381           1   1.2589508304547636     
    12237381           2   1.3040742408778065     
    12237381           3  0.43697492866742987     
    12284847           1   1.6876467034934484     
    12284847           2  0.97808925312263406     
    12284847           3  0.33426404338391758     
    12293782           1   1.1667323755841554     
    12293782           2  0.92126320540117024     
    12293782           3  0.91200441901467422     
    12339909           1  0.95612948643632556     
    12339909           2  0.96121522439501583     
    12339909           3   1.0826552891686585     
    12346874           1   1.5119715867169052     
    12346874           2   1.1239120252248513     
    12346874           3  0.36411638805824309     
    12357834           1   1.2586963338943171     
    12357834           2  0.97792130295262913     
    12357834           3  0.76338236315305374     
    12359140           1  0.98474722630876976     
    12359140           2   1.1860636051921798     
    12359140           3  0.82918916849905033     
    12383581           1   1.4448183851999723     
    12383581           2  0.67607021908807363     
    12383581           3  0.87911139571195418     
    12404472           1   1.4750204879111148     
    12404472           2   1.1132871291424928     
    12404472           3  0.41169238294639243     
    12404766           1  0.87927794845100227     
    12404766           2   1.2916990840890998     
    12404766           3  0.82902296745989812     
    12406316           1   1.0487330628244123     
    12406316           2   1.2677705806864747     
    12406316           3  0.68349635648911311     
    12408009           1  0.98916782962837102     
    12408009           2   1.0090583953866799     
    12408009           3   1.0017737749849496     
    12408035           1   1.2783563508614995     
    12408035           2   1.1701767598117117     
    12408035           3  0.55146688932678845     
    12409244           1  0.86526655233808059     
    12409244           2   1.1598535425152008     
    12409244           3  0.97487990514671852     
    12409613           1   1.2321076231643926     
    12409613           2   1.0026368683810065     
    12409613           3  0.76525550845460111     
    12410537           1  0.68770546598128801     
    12410537           2  0.56236413459474410     
    12410537           3   1.7499303994239679     
    12410727           1   1.0413467058848844     
    12410727           2  0.83329120577377591     
    12410727           3   1.1253620883413396     
    12415125           1   1.1412263679569581     
    12415125           2  0.98686746341630138     
    12415125           3  0.87190616862674020     
    12416309           1  0.82412353761653867     
    12416309           2  0.52644480330800236     
    12416309           3   1.6494316590754590     
    12420597           1   1.0111973516031103     
    12420597           2   1.4356693248819059     
    12420597           3  0.55313332351498357     
    12432543           1   1.3577705386571428     
    12432543           2   1.2012466967413775     
    12432543           3  0.44098276460147945     
    12437855           1   2.0105349553578242     
    12437855           2  0.97501804889930865     
    12437855           3   1.4446995742867246E-002
    12442692           1   1.1430220429198636     
    12442692           2   5.8289378144409015E-002
    12442692           3   1.7986885789357272     
    12447891           1  0.97747835310778297     
    12447891           2   1.1304072226525075     
    12447891           3  0.89211442423970921     
    12451508           1   1.6156238966205836     
    12451508           2   1.0690222550805861     
    12451508           3  0.31535384829883051     
    12452523           1   1.4217322810546793     
    12452523           2   1.2860303056946629     
    12452523           3  0.29223741325065788     
    12498641           1  0.24395294949938084     
    12498641           2   5.8839436116105311E-004
    12498641           3   2.7554586561394583     
    12499461           1  0.90621118405665479     
    12499461           2  0.61888064356318129     
    12499461           3   1.4749081723801636     
    12504460           1  0.85638200141445864     
    12504460           2   1.1723729551566058     
    12504460           3  0.97124504342893603     
    12505538           1   1.8162293446859685     
    12505538           2   1.1702866282727926     
    12505538           3   1.3484027041238678E-002
    12510902           1   1.0461555746871245     
    12510902           2  0.82908923152350733     
    12510902           3   1.1247551937893685     
    12514686           1   1.3054356677691275     
    12514686           2   1.4259940824543174     
    12514686           3  0.26857024977655503     
    12516229           1   1.0992804212400231     
    12516229           2  0.49597239708665480     
    12516229           3   1.4047471816733224     
    12516575           1   1.1713176456672458     
    12516575           2  0.77832237904101331     
    12516575           3   1.0503599752917407     
    12526421           1   1.4692445895096082     
    12526421           2  0.93409951335428965     
    12526421           3  0.59665589713610234     
    12528295           1  0.71612602336474318     
    12528295           2  0.94874429869077037     
    12528295           3   1.3351296779444863     
    12528561           1   1.1810168858092867     
    12528561           2   1.0389350957988284     
    12528561           3  0.78004801839188487     
    12531310           1   2.0408484230330819     
    12531310           2  0.84634286025977590     
    12531310           3  0.11280871670714268     
    12532195           1  0.80573001080714712     
    12532195           2  0.20727211168469623     
    12532195           3   1.9869978775081569     
    12532523           1  0.97597076579089515     
    12532523           2   1.1051066361381581     
    12532523           3  0.91892259807094667     
    12541103           1   1.1010339939048830     
    12541103           2  0.80358463394632207     
    12541103           3   1.0953813721487948     
    12562972           1   1.0490588343672240     
    12562972           2  0.92811427214024511     
    12562972           3   1.0228268934925309     
    12567037           1   1.3279340408478220     
    12567037           2   1.0999031755009334     
    12567037           3  0.57216278365124462     
    12567665           1   1.5283467277051588     
    12567665           2   1.1352512770617851     
    12567665           3  0.33640199523305586     
    12567872           1   1.2833701589554209     
    12567872           2  0.80554768985146274     
    12567872           3  0.91108215119311620     
    12577007           1  0.89919011056477793     
    12577007           2  0.97512165844735954     
    12577007           3   1.1256882309878629     
    12580273           1   1.0623036795096426     
    12580273           2   1.2458385246636448     
    12580273           3  0.69185779582671203     
    12585284           1   1.0939468089178039     
    12585284           2   1.1207094790490388     
    12585284           3  0.78534371203315700     
    12587638           1   1.1592170473296535     
    12587638           2  0.32975621053771920     
    12587638           3   1.5110267421326271     
    12588562           1   1.0031618253435577     
    12588562           2   1.5266886272011710     
    12588562           3  0.47014954745527171     
    12593074           1  0.82811049261483516     
    12593074           2   1.0375582086079924     
    12593074           3   1.1343312987771723     
    12597633           1  0.33746974037835720     
    12597633           2  0.78134577504699021     
    12597633           3   1.8811844845746526     
    12611364           1   1.0442487351491818     
    12611364           2  0.90589419493412671     
    12611364           3   1.0498570699166916     
    12611939           1   1.2569528546254698     
    12611939           2   1.2265436636694744     
    12611939           3  0.51650348170505567     
    12616179           1  0.93393072809759425     
    12616179           2   1.0716276209966031     
    12616179           3  0.99444165090580205     
    12623094           1   1.0073890720032654     
    12623094           2  0.69052836875516654     
    12623094           3   1.3020825592415683     
    12626518           1   1.3304750342926637     
    12626518           2   1.0429782728975903     
    12626518           3  0.62654669280974640     
    12628973           1   1.5983784333085029     
    12628973           2   1.1792724118815212     
    12628973           3  0.22234915480997536     
    12632340           1   1.0338686389188747     
    12632340           2   1.2448835721147351     
    12632340           3  0.72124778896638997     
    12636422           1  0.98926364605448858     
    12636422           2  0.84893043212868968     
    12636422           3   1.1618059218168222     
    12637910           1   1.3859633257169948     
    12637910           2   1.1746397538503777     
    12637910           3  0.43939692043262740     
    12641838           1   1.1957647830404625     
    12641838           2   1.0559246978126977     
    12641838           3  0.74831051914683966     
    12643807           1   2.1751731706719970     
    12643807           2  0.73078526197519544     
    12643807           3   9.4041567352807540E-002
    12650635           1   1.8327346803866122     
    12650635           2  0.68708941287179937     
    12650635           3  0.48017590674158822     
    12652551           1  0.33574583471642205     
    12652551           2  0.40224926581187681     
    12652551           3   2.2620048994717008     
    12652755           1   1.3373886636989971     
    12652755           2   1.1838699929380363     
    12652755           3  0.47874134336296637     
    12654264           1   1.1870744353742642     
    12654264           2  0.73833086720874941     
    12654264           3   1.0745946974169862     
    12659004           1   1.1537938442356441     
    12659004           2   1.4686553719018467     
    12659004           3  0.37755078386250895     
    12661700           1  0.75017643671197520     
    12661700           2   1.3462884092076954     
    12661700           3  0.90353515408032947     
    12666311           1  0.61385624623940405     
    12666311           2   1.3591224153657631     
    12666311           3   1.0270213383948323     
    12671832           1   1.1422218185316713     
    12671832           2   1.2178204658388667     
    12671832           3  0.63995771562946180     
    12673101           1  0.82278996995491172     
    12673101           2   1.2210061524170157     
    12673101           3  0.95620387762807202     
    12673244           1   1.1758561797186509     
    12673244           2  0.81707922832253999     
    12673244           3   1.0070645919588095     
    12673524           1  0.84583953320799332     
    12673524           2  0.38511082567326105     
    12673524           3   1.7690496411187460     
    12674693           1   1.6229083276978875     
    12674693           2  0.89690910901087728     
    12674693           3  0.48018256329123493     
    12677366           1  0.80943912334671664     
    12677366           2  0.68090114054414796     
    12677366           3   1.5096597361091353     
    12678435           1  0.96507111828862180     
    12678435           2  0.95528200276126285     
    12678435           3   1.0796468789501150     
    12679998           1   1.0225223164270667     
    12679998           2   1.1311432856316108     
    12679998           3  0.84633439794132226     
    12683306           1   1.1198087955998124     
    12683306           2  0.78053871748527004     
    12683306           3   1.0996524869149176     
    12684854           1   1.0905077991401346     
    12684854           2  0.81207754881102767     
    12684854           3   1.0974146520488381     
    12694718           1   1.0675844338300391     
    12694718           2  0.71810260064780151     
    12694718           3   1.2143129655221592     
    12697058           1   1.1623219101071611     
    12697058           2  0.91778065906262996     
    12697058           3  0.91989743083020870     
    12699877           1   1.1605620129145848     
    12699877           2   1.3273551575632179     
    12699877           3  0.51208282952219741     
    12708336           1   1.1619231580880418     
    12708336           2  0.74724220451905776     
    12708336           3   1.0908346373929005     
    12709123           1   1.2202303673181292     
    12709123           2   1.0846238089371580     
    12709123           3  0.69514582374471257     
    12711533           1  0.91375271215682774     
    12711533           2   1.3852771297496833     
    12711533           3  0.70097015809348873     
    12712628           1   1.6308845627495585     
    12712628           2  0.65559994889097828     
    12712628           3  0.71351548835946343     
    12712802           1   1.1145547292896902     
    12712802           2   1.7100712707552042     
    12712802           3  0.17537399995510580     
    12713534           1   1.0678609574932936     
    12713534           2   1.3233980663411031     
    12713534           3  0.60874097616560319     
    12714745           1   1.3171376058209714     
    12714745           2   1.2102377225914915     
    12714745           3  0.47262467158753746     
    12720274           1  0.34391009734393546     
    12720274           2   1.2896456333283595     
    12720274           3   1.3664442693277050     
    12728278           1  0.83266223328757583     
    12728278           2   1.1804874386526574     
    12728278           3  0.98685032805976725     
    12735951           1  0.96026643824511260     
    12735951           2   1.1416328555515236     
    12735951           3  0.89810070620336391     
    12740439           1   1.2077099251543240     
    12740439           2   1.1224941655169216     
    12740439           3  0.66979590932875455     
    12741324           1   1.0452872524342991     
    12741324           2   1.1899638916853585     
    12741324           3  0.76474885588034236     
    12742930           1   1.7744693730453802     
    12742930           2  0.62505986843282491     
    12742930           3  0.60047075852179477     
    12742963           1  0.90256974540308588     
    12742963           2   1.2437952675034214     
    12742963           3  0.85363498709349250     
    12745485           1   1.2880805351092641     
    12745485           2   1.4070361842719676     
    12745485           3  0.30488328061876824     
    12747038           1   1.4597506846599417     
    12747038           2   1.1283219099320754     
    12747038           3  0.41192740540798300     
    12748840           1   1.1805505803859222     
    12748840           2  0.67866551455659907     
    12748840           3   1.1407839050574786     
    12755956           1  0.89435534203406630     
    12755956           2   1.6856394686850587     
    12755956           3  0.42000518928087449     
    12761961           1  0.80842504347858213     
    12761961           2  0.92455005067688589     
    12761961           3   1.2670249058445324     
    12766070           1  0.77110645235440201     
    12766070           2   1.9043274397422989     
    12766070           3  0.32456610790329948     
    12770698           1   1.9218253652944925     
    12770698           2  0.72819581494169539     
    12770698           3  0.34997881976381223     
    12772721           1  0.68806705452280092     
    12772721           2   1.2856878297615644     
    12772721           3   1.0262451157156347     
    12781879           1   1.0029051202837775     
    12781879           2   1.7538568300620783     
    12781879           3  0.24323804965414467     
    12784499           1  0.54141891062474301     
    12784499           2   1.1142684540904577     
    12784499           3   1.3443126352847992     
    12786381           1   1.3035791070037053     
    12786381           2   1.0269761220388078     
    12786381           3  0.66944477095748689     
    12787656           1   1.4609856596088104     
    12787656           2  0.68253291034560160     
    12787656           3  0.85648143004558741     
    12788086           1  0.96309528525780974     
    12788086           2  0.96960637665863092     
    12788086           3   1.0672983380835597     
    12788558           1   1.3286814150493729     
    12788558           2  0.87756090841243839     
    12788558           3  0.79375767653818863     
    12789292           1   1.6728435002684665     
    12789292           2  0.92123967964301878     
    12789292           3  0.40591682008851482     
    12794050           1  0.21072458517498766     
    12794050           2  0.10495044870831842     
    12794050           3   2.6843249661166939     
    12794116           1  0.56468106768411619     
    12794116           2   2.0445741072680033     
    12794116           3  0.39074482504788033     
    12797155           1  0.93631405474377261     
    12797155           2   1.1780309417091539     
    12797155           3  0.88565500354707349     
    12797223           1   1.8587044170383353     
    12797223           2  0.94833812489828972     
    12797223           3  0.19295745806337500     
    12800143           1   1.0318697882183760     
    12800143           2   1.1891179705147907     
    12800143           3  0.77901224126683299     
    12808241           1  0.90799736916286589     
    12808241           2   1.1957535728782200     
    12808241           3  0.89624905795891396     
    12812122           1  0.92703642502990602     
    12812122           2   1.7506489719070786     
    12812122           3  0.32231460306301585     
    12812798           1   1.1075375680930004     
    12812798           2  0.77198532138963882     
    12812798           3   1.1204771105173605     
    12814174           1   1.9451543501638653     
    12814174           2   1.0179325389568461     
    12814174           3   3.6913110879288363E-002
    12815596           1   1.3514328699615556     
    12815596           2   1.1211512961888830     
    12815596           3  0.52741583384956137     
    12817117           1   1.5360226030404702     
    12817117           2   1.2361486856254904     
    12817117           3  0.22782871133403948     
    12817327           1   1.1115753517587339     
    12817327           2  0.84962996532798063     
    12817327           3   1.0387946829132857     
    12817980           1   1.6501054190213409     
    12817980           2  0.71589198638840845     
    12817980           3  0.63400259459025088     
    12818544           1  0.33322548341387970     
    12818544           2  0.55191357837777621     
    12818544           3   2.1148609382083441     
    12819566           1  0.90240228878164574     
    12819566           2   1.0931077501686874     
    12819566           3   1.0044899610496665     
    12820935           1   1.0543629970413808     
    12820935           2  0.99862030780721467     
    12820935           3  0.94701669515140463     
    12821281           1   1.0657686068161056     
    12821281           2   1.0875357135379713     
    12821281           3  0.84669567964592307     
    12822288           1  0.97910504169677604     
    12822288           2   1.1640295235975600     
    12822288           3  0.85686543470566379     
    12823802           1  0.96985553652759171     
    12823802           2  0.89181883018281849     
    12823802           3   1.1383256332895904     
    12824795           1   1.1383575111154520     
    12824795           2   1.3467390214623107     
    12824795           3  0.51490346742223703     
    12825208           1   1.1468394357463378     
    12825208           2   1.4000655260799113     
    12825208           3  0.45309503817375069     
    12827651           1  0.13136553747617977     
    12827651           2   1.1139631128237701     
    12827651           3   1.7546713497000501     
    12829492           1   1.0597079514275141     
    12829492           2   1.1896351220732959     
    12829492           3  0.75065692649919036     
    12833780           1   1.0919764099503628     
    12833780           2   1.2184884459390184     
    12833780           3  0.68953514411061856     
    12834266           1  0.99357013369373970     
    12834266           2   1.2068637642532742     
    12834266           3  0.79956610205298562     
    12835789           1   1.2920678307071194     
    12835789           2   1.0027022925813007     
    12835789           3  0.70522987671158044     
    12837507           1   1.3546408365459608     
    12837507           2  0.87248129050136225     
    12837507           3  0.77287787295267685     
    12838079           1  0.81316818921147382     
    12838079           2  0.95400499945380635     
    12838079           3   1.2328268113347201     
    12839929           1  0.80044391071455057     
    12839929           2   1.2062044710558479     
    12839929           3  0.99335161822960116     
    12843073           1   1.1317390234365321     
    12843073           2   1.0321817499692829     
    12843073           3  0.83607922659418488     
    12843083           1  0.95765980376283166     
    12843083           2   1.2977022195915915     
    12843083           3  0.74463797664557652     
    12843303           1   1.5149838383295304     
    12843303           2  0.84758608229122778     
    12843303           3  0.63743007937924157     
    12843328           1   1.7773081094874350     
    12843328           2   1.0563566620220104     
    12843328           3  0.16633522849055471     
    12845590           1  0.86510445021688698     
    12845590           2   1.0277302415977652     
    12845590           3   1.1071653081853479     
    12848414           1  0.73743912715288784     
    12848414           2   1.7292498288227716     
    12848414           3  0.53331104402434037     
    12849443           1  0.85696745151769615     
    12849443           2   1.0188041577599947     
    12849443           3   1.1242283907223092     
    12853433           1   1.1112431046599391     
    12853433           2   1.2902011014486767     
    12853433           3  0.59855579389138414     
    12854109           1   1.3368449125377340     
    12854109           2   1.0336086945114562     
    12854109           3  0.62954639295081016     
    12854821           1   1.1528218485237971     
    12854821           2  0.27761472993490321     
    12854821           3   1.5695634215412997     
    12855461           1  0.57002209743077970     
    12855461           2  0.35923728229076168     
    12855461           3   2.0707406202784582     
    12856207           1  0.84063254239000473     
    12856207           2   1.1116245337310238     
    12856207           3   1.0477429238789711     
    12856933           1  0.51763193565098664     
    12856933           2  0.13213351241408211     
    12856933           3   2.3502345519349310     
    12857062           1   1.0122742207421369     
    12857062           2  0.25075130335820284     
    12857062           3   1.7369744758996606     
    12858293           1   7.9101639403178353E-002
    12858293           2  0.85456170121874353     
    12858293           3   2.0663366593780781     
    12859130           1   1.1516458087794557     
    12859130           2   1.1293802298355595     
    12859130           3  0.71897396138498471     
    12859696           1   1.4552592934459023     
    12859696           2  0.99018662559033388     
    12859696           3  0.55455408096376413     
    12860313           1  0.79630529721723420     
    12860313           2   1.5626099919188772     
    12860313           3  0.64108471086388885     
    12860686           1  0.30600962523532210     
    12860686           2  0.12913183328335914     
    12860686           3   2.5648585414813190     
    12861513           1   1.7979735677141067     
    12861513           2   1.0510358873000825     
    12861513           3  0.15099054498581091     
    12863435           1   1.0811831614270522     
    12863435           2   1.2336999941572513     
    12863435           3  0.68511684441569665     
    12864076           1  0.98587906810669790     
    12864076           2  0.94722424471642297     
    12864076           3   1.0668966871768792     
    12864525           1   1.0512528584525278     
    12864525           2   1.0327443972157735     
    12864525           3  0.91600274433169893     
    12865017           1   1.7935397286767090     
    12865017           2   1.1159852093246112     
    12865017           3   9.0475061998679704E-002
    12865362           1   1.3335583792467116     
    12865362           2   1.4381977527947147     
    12865362           3  0.22824386795857324     
    12871312           1   2.1437253774143814     
    12871312           2  0.64786772773498791     
    12871312           3  0.20840689485063088     
    12871802           1   1.2201519337661193     
    12871802           2  0.99740591694348646     
    12871802           3  0.78244214929039424     
    12872815           1   1.1726060134686342     
    12872815           2  0.92183060612462309     
    12872815           3  0.90556338040674322     
    12874510           1   1.2217977505058821     
    12874510           2   1.0615768239036723     
    12874510           3  0.71662542559044540     
    12875267           1   1.6144556150617291     
    12875267           2  0.87670777905137176     
    12875267           3  0.50883660588689916     
    12876976           1   1.1700690370156157     
    12876976           2   1.0150541889108213     
    12876976           3  0.81487677407356318     
    12879305           1   1.3910195197063258     
    12879305           2  0.39886129750199095     
    12879305           3   1.2101191827916833     
    12881414           1  0.61221348482827087     
    12881414           2   1.3600581150081046     
    12881414           3   1.0277284001636242     
    12881426           1   1.3122247523222592     
    12881426           2  0.68820698646514589     
    12881426           3  0.99956826121259523     
    12881434           1  0.95460607603580927     
    12881434           2   1.1027625170588948     
    12881434           3  0.94263140690529557     
    12882197           1  0.78349290155805018     
    12882197           2   1.1852213549163677     
    12882197           3   1.0312857435255818     
    12884022           1   1.5010535561421510     
    12884022           2  0.88970871426413622     
    12884022           3  0.60923772959371314     
    12884262           1   1.0724816449359063     
    12884262           2  0.99301803755458595     
    12884262           3  0.93450031750950768     
    12884776           1   1.1871895644096535     
    12884776           2   1.0227612153073196     
    12884776           3  0.79004922028302693     
    12885234           1  0.70591055579069251     
    12885234           2  0.20980829102688892     
    12885234           3   2.0842811531824186     
    12885461           1  0.99251240928624640     
    12885461           2   1.2032640021829271     
    12885461           3  0.80422358853082643     
    12885592           1   1.2535909986400595     
    12885592           2   1.1765253145781631     
    12885592           3  0.56988368678177703     
    12886021           1  0.79918881155399435     
    12886021           2  0.94826200422713469     
    12886021           3   1.2525491842188712     
    12888995           1  0.98638777223552199     
    12888995           2   1.5395132799132076     
    12888995           3  0.47409894785127038     
    12889755           1  0.99226738475735876     
    12889755           2   1.1816376659960697     
    12889755           3  0.82609494924657167     
    12890812           1   1.2384822395821304     
    12890812           2   1.3806819500513097     
    12890812           3  0.38083581036656006     
    12891220           1  0.68367539730516813     
    12891220           2  0.68055060551503566     
    12891220           3   1.6357739971797962     
    12893130           1   1.5322839288661914     
    12893130           2   1.0788370257133344     
    12893130           3  0.38887904542047441     
    12893902           1  0.83675540555090777     
    12893902           2   1.1906825489178063     
    12893902           3  0.97256204553128633     
    12894817           1  0.48284943108539652     
    12894817           2  0.24952717980829409     
    12894817           3   2.2676233891063093     
    12903475           1  0.82556258755236978     
    12903475           2   1.1931047564896469     
    12903475           3  0.98133265595798336     
    12903495           1   1.1403669959983647     
    12903495           2   1.1169474189056405     
    12903495           3  0.74268558509599536     
    12904872           1   1.9597913058922469     
    12904872           2   1.0028260332197374     
    12904872           3   3.7382660888015735E-002
    12905175           1   1.0397650496605986     
    12905175           2  0.93585361846773052     
    12905175           3   1.0243813318716706     
    12905915           1   1.0965397937837369     
    12905915           2  0.79410935880290068     
    12905915           3   1.1093508474133618     
    12906321           1  0.98004030814772325     
    12906321           2   1.1333700017995361     
    12906321           3  0.88658969005274091     
    12906809           1   1.1385298263076691     
    12906809           2   1.4866696190907196     
    12906809           3  0.37480055460161160     
    12907587           1  0.83886411465327415     
    12907587           2   1.6839947723849471     
    12907587           3  0.47714111296177880     
    12907770           1  0.93567874463097733     
    12907770           2   1.0048229800746116     
    12907770           3   1.0594982752944113     
    12909109           1  0.95747689547694370     
    12909109           2   1.1368502707515589     
    12909109           3  0.90567283377149743     
    12909378           1  0.81556002074784140     
    12909378           2   1.7424925958191193     
    12909378           3  0.44194738343303941     
    12909818           1   1.3956393584904614     
    12909818           2  0.81308848732409722     
    12909818           3  0.79127215418544183     
    12910093           1   1.0253075292960923     
    12910093           2   1.0704800363343216     
    12910093           3  0.90421243436958620     
    12910773           1  0.97121521668072375     
    12910773           2   1.1224640156916270     
    12910773           3  0.90632076762764924     
    12911142           1   1.0737079637505982     
    12911142           2   1.2223182709850671     
    12911142           3  0.70397376526433497     
    12911379           1  0.97349735722848973     
    12911379           2   1.2067862296549421     
    12911379           3  0.81971641311656840     
    12913292           1   1.5659150620981939     
    12913292           2  0.71333003907120163     
    12913292           3  0.72075489883060484     
    12913631           1   1.0756054398799306     
    12913631           2   1.3002555001304654     
    12913631           3  0.62413905998960406     
    12913875           1  0.89349766738772562     
    12913875           2  0.56669556169804847     
    12913875           3   1.5398067709142260     
    12913937           1   1.3189158059415889     
    12913937           2   1.1432653780542616     
    12913937           3  0.53781881600414927     
    12914093           1  0.64402213900261740     
    12914093           2   1.1576996975261937     
    12914093           3   1.1982781634711888     
    12916875           1  0.44460223864540560     
    12916875           2  0.93767034743377908     
    12916875           3   1.6177274139208151     
    12917462           1  0.66157037026959198     
    12917462           2   1.0615139879817261     
    12917462           3   1.2769156417486820     
    12917933           1   1.0926564187717009     
    12917933           2  0.77805573454435317     
    12917933           3   1.1292878466839460     
    12921018           1   1.3131317134815212     
    12921018           2  0.88572560564987735     
    12921018           3  0.80114268086860196     
    12921230           1   1.6537797649343486     
    12921230           2  0.40778770570337841     
    12921230           3  0.93843252936227317     
    12921244           1  0.57277599716011607     
    12921244           2   2.0308776940821862     
    12921244           3  0.39634630875769711     
    12921426           1  0.81104635826322746     
    12921426           2  0.54677138044771989     
    12921426           3   1.6421822612890533     
    12921525           1  0.70386619836679931     
    12921525           2  0.37705028967762227     
    12921525           3   1.9190835119555785     
    12923602           1  0.76757297584847395     
    12923602           2   1.2170549846048906     
    12923602           3   1.0153720395466350     
    12923966           1   1.6748258877843309     
    12923966           2  0.99344942596706842     
    12923966           3  0.33172468624860096     
    12924234           1  0.81900881673395243     
    12924234           2   1.4506038890527890     
    12924234           3  0.73038729421325832     
    12925269           1  0.64873385739624467     
    12925269           2   1.2875079622423715     
    12925269           3   1.0637581803613834     
    12925648           1   1.0367378436751766     
    12925648           2   1.2288763830839411     
    12925648           3  0.73438577324088217     
    12925651           1  0.91671875187129093     
    12925651           2  0.97183667315087663     
    12925651           3   1.1114445749778323     
    12927314           1  0.94571491583857337     
    12927314           2  0.95658559033285306     
    12927314           3   1.0976994938285736     
    12927373           1  0.93411919005319421     
    12927373           2   1.1434792995838576     
    12927373           3  0.92240151036294793     
    12927621           1   1.0543360116870204     
    12927621           2   1.0758696207090186     
    12927621           3  0.86979436760396123     
    12929743           1   1.5336496746682409     
    12929743           2   1.3345782847288219     
    12929743           3  0.13177204060293710     
    12930239           1  0.93967038271550063     
    12930239           2   1.3296794952372635     
    12930239           3  0.73065012204723589     
    12930901           1  0.69052056123249816     
    12930901           2  0.38776860476000713     
    12930901           3   1.9217108340074949     
    12931161           1   1.5303418269207492     
    12931161           2  0.15876304729982152     
    12931161           3   1.3108951257794292     
    12931677           1  0.37807235947589962     
    12931677           2  0.31317332504995482     
    12931677           3   2.3087543154741454     
    12934237           1  0.34611345487050194     
    12934237           2   1.2979081136531401     
    12934237           3   1.3559784314763583     
    12934432           1   1.1321865475869322     
    12934432           2  0.80975709677472563     
    12934432           3   1.0580563556383427     
    12934632           1   1.0859387770430406     
    12934632           2  0.94177106071863681     
    12934632           3  0.97229016223832254     
    12940296           1   1.5258973516590051     
    12940296           2   1.2280001621844614     
    12940296           3  0.24610248615653335     
    12940373           1   1.3278102332476605     
    12940373           2   1.3743821231333531     
    12940373           3  0.29780764361898637     
    12941347           1   2.1344455722498714     
    12941347           2  0.64506322378634973     
    12941347           3  0.22049120396377919     
    12941783           1   1.2829893102542811     
    12941783           2  0.73977367780172454     
    12941783           3  0.97723701194399459     
    12941835           1   1.6659942778479924     
    12941835           2  0.41079955063155532     
    12941835           3  0.92320617152045203     
    12942152           1  0.99189927316697768     
    12942152           2   1.1811993017737181     
    12942152           3  0.82690142505930442     
    12943864           1  0.79234484343124556     
    12943864           2  0.72987743031289343     
    12943864           3   1.4777777262558611     
    12945008           1  0.13072299521516870     
    12945008           2   1.1231881990154684     
    12945008           3   1.7460888057693631     
    12946218           1  0.95931584671405146     
    12946218           2  0.91472902119969157     
    12946218           3   1.1259551320862571     
    12946874           1   1.1603446601607126     
    12946874           2  0.97671710394986488     
    12946874           3  0.86293823588942242     
    12947064           1   1.3388321081970340     
    12947064           2   1.1741058063476626     
    12947064           3  0.48706208545530355     
    12947992           1  0.67258085783371069     
    12947992           2  0.71819013877978910     
    12947992           3   1.6092290033865002     
    12948599           1   1.3275603142447214     
    12948599           2   1.1001490169255912     
    12948599           3  0.57229066882968760     
    12949507           1   1.0137094538903682     
    12949507           2   1.2635295479573634     
    12949507           3  0.72276099815226857     
    12949517           1  0.60322655419590621     
    12949517           2   1.5491921290730772     
    12949517           3  0.84758131673101655     
    12952625           1   1.0084097165582815     
    12952625           2   1.0194399480524863     
    12952625           3  0.97215033538923212     
    12953064           1   1.0834273649644228     
    12953064           2   1.2109573923126751     
    12953064           3  0.70561524272290188     
    12953300           1   2.4978539165715848E-002
    12953300           2  0.46206504727028963     
    12953300           3   2.5129564135639941     
    12953628           1   1.0519288558822988     
    12953628           2  0.91255676157590482     
    12953628           3   1.0355143825417961     
    12953937           1   1.0543629882696659     
    12953937           2  0.90120932352301719     
    12953937           3   1.0444276882073171     
    12954527           1   1.1101725037474701     
    12954527           2  0.99458710689957364     
    12954527           3  0.89524038935295602     
    12954778           1  0.86609528425970395     
    12954778           2   1.1708646345353264     
    12954778           3  0.96304008120496987     
    12955140           1  0.51665583674559334     
    12955140           2   1.4475858008002012     
    12955140           3   1.0357583624542055     
    12955834           1  0.90616957926899155     
    12955834           2   1.0851469802077849     
    12955834           3   1.0086834405232237     
    12956134           1   1.5395650736047697     
    12956134           2  0.87455190594993704     
    12956134           3  0.58588302044529372     
    12956667           1   1.3020044631265240     
    12956667           2   1.3002005259383447     
    12956667           3  0.39779501093513131     
    12957291           1   1.0950848012794683     
    12957291           2  0.82818636762014908     
    12957291           3   1.0767288311003824     
    12957299           1   1.4653863313541982     
    12957299           2  0.65895464699549033     
    12957299           3  0.87565902165031118     
    12957497           1   1.3954779975980320     
    12957497           2   1.1682500576764199     
    12957497           3  0.43627194472554787     
    12957830           1   1.1884357672219403     
    12957830           2  0.77103657729332598     
    12957830           3   1.0405276554847342     
    12957894           1   1.0550199993805291     
    12957894           2  0.94958402794783425     
    12957894           3  0.99539597267163649     
    12958091           1   1.4442674704666985     
    12958091           2   1.1163540787167898     
    12958091           3  0.43937845081651211     
    12958441           1   1.0711217875333017     
    12958441           2  0.99556279838234696     
    12958441           3  0.93331541408435148     
    12958660           1   8.5689594904074448E-002
    12958660           2  0.82460258307023493     
    12958660           3   2.0897078220256904     
    12959213           1   1.5877284456132532     
    12959213           2   1.1914039109093997     
    12959213           3  0.22086764347734691     
    12959324           1   1.1634447023059808     
    12959324           2   1.5540091571884296     
    12959324           3  0.28254614050558963     
    12959971           1  0.82010496257278276     
    12959971           2  0.15744732155572669     
    12959971           3   2.0224477158714902     
    12960912           1   1.1192319535694759     
    12960912           2  0.85548227063566673     
    12960912           3   1.0252857757948577     
    12960948           1   1.1695905277891607     
    12960948           2  0.78159826167856528     
    12960948           3   1.0488112105322738     
    12961222           1  0.96788544194342263     
    12961222           2  0.97442891762488737     
    12961222           3   1.0576856404316906     
    12961981           1   1.5955270440707048     
    12961981           2   1.0845411466451316     
    12961981           3  0.31993180928416354     
    12962462           1   1.0070787796924261     
    12962462           2  0.69123972379086396     
    12962462           3   1.3016814965167096     
    12962612           1  0.76970885700234570     
    12962612           2   1.2158905636510495     
    12962612           3   1.0144005793466044     
    12963483           1   1.1549658145343302     
    12963483           2   1.1326360475825710     
    12963483           3  0.71239813788309914     
    12965098           1  0.79184005209829589     
    12965098           2   1.1222506290072922     
    12965098           3   1.0859093188944122     
    12965299           1   1.1736018890875541     
    12965299           2  0.74648937581308350     
    12965299           3   1.0799087350993619     
    12965428           1  0.78528436965444326     
    12965428           2   1.5409833474773380     
    12965428           3  0.67373228286821907     
    12965828           1   1.0644571698616458     
    12965828           2   1.2117870886027691     
    12965828           3  0.72375574153558542     
    12966941           1   1.9702733732943043     
    12966941           2  0.99272066673675097     
    12966941           3   3.7005959968944339E-002
    12967157           1  0.81332789603904410     
    12967157           2   1.1773314482734933     
    12967157           3   1.0093406556874627     
    12967510           1  0.79502137263320738     
    12967510           2  0.72220898973405645     
    12967510           3   1.4827696376327359     
    12967643           1   1.0736979465984278     
    12967643           2   1.2270233922750746     
    12967643           3  0.69927866112649772     
    12968097           1  0.94935024753100061     
    12968097           2   1.3084629534690018     
    12968097           3  0.74218679899999751     
    12968950           1  0.76649683759449705     
    12968950           2   1.9108772856038729     
    12968950           3  0.32262587680163013     
    12969434           1  0.61110228528683030     
    12969434           2   1.5694183948630831     
    12969434           3  0.81947931985008637     
    12969737           1  0.88534088104126651     
    12969737           2   1.0886090502235968     
    12969737           3   1.0260500687351364     
    12970008           1  0.64488328332314460     
    12970008           2   1.2976724963819122     
    12970008           3   1.0574442202949430     
    12970241           1  0.46840421116621211     
    12970241           2  0.82726264038132891     
    12970241           3   1.7043331484524591     
    12970517           1  0.98883244031787232     
    12970517           2   1.1785385082193589     
    12970517           3  0.83262905146276867     
    12971083           1  0.79420076303092557     
    12971083           2   1.1794955956386017     
    12971083           3   1.0263036413304725     
    12971330           1   1.1247914186080710     
    12971330           2   1.2497088406976642     
    12971330           3  0.62549974069426462     
    12972615           1  0.82025959163004047     
    12972615           2   1.2224252196911765     
    12972615           3  0.95731518867878340     
    12973304           1  0.56950708003141814     
    12973304           2  0.36162322268383712     
    12973304           3   2.0688696972847449     
    12973383           1   1.2130377611675089     
    12973383           2   1.0090821677099346     
    12973383           3  0.77788007112255642     
    12973406           1  0.51211412749836749     
    12973406           2  0.13242721880778885     
    12973406           3   2.3554586536938440     
    12973634           1   1.0122532401301940     
    12973634           2   1.1499120028316729     
    12973634           3  0.83783475703813304     
    12974236           1  0.68297319671474710     
    12974236           2   1.2983791254374879     
    12974236           3   1.0186476778477649     
    12974259           1   1.1546671020632102     
    12974259           2   1.0235975705503528     
    12974259           3  0.82173532738643695     
    12974548           1   1.0389131710683084     
    12974548           2  0.84411817404999800     
    12974548           3   1.1169686548816937     
    12975051           1   1.5171583567527804     
    12975051           2  0.84880265734939131     
    12975051           3  0.63403898589782826     
    12975662           1   1.6920223902521436     
    12975662           2  0.98062521766121413     
    12975662           3  0.32735239208664207     
    12976293           1   1.1332535520598466     
    12976293           2   1.4936828267667397     
    12976293           3  0.37306362117341374     
    12977117           1   1.0670602703267753     
    12977117           2   1.2427802827588734     
    12977117           3  0.69015944691435094     
    12977666           1  0.97670443635515858     
    12977666           2  0.87693133291478542     
    12977666           3   1.1463642307300559     
    12977884           1   1.7830000881154358     
    12977884           2  0.61364240590650942     
    12977884           3  0.60335750597805449     
    12978590           1  0.98425610459557011     
    12978590           2   1.2236731695588041     
    12978590           3  0.79207072584562566     
    12978757           1   1.2532870753969538     
    12978757           2   1.3083164858452252     
    12978757           3  0.43839643875782142     
    12979173           1   1.1586928043218450     
    12979173           2  0.97759411379847194     
    12979173           3  0.86371308187968310     
    12979658           1  0.78702696571915143     
    12979658           2   1.5793580671026217     
    12979658           3  0.63361496717822674     
    12980092           1  0.99330223526920391     
    12980092           2   1.2499928046961561     
    12980092           3  0.75670496003463994     
    12980146           1   1.2161766335736661     
    12980146           2   1.1303634647616307     
    12980146           3  0.65345990166470280     
    12980682           1   1.6184476596796147     
    12980682           2  0.66155535103982266     
    12980682           3  0.71999698928056299     
    12981085           1   1.1277138593006304     
    12981085           2  0.84236901392277785     
    12981085           3   1.0299171267765919     
    12981260           1  0.89995304180048941     
    12981260           2   1.2453469966015573     
    12981260           3  0.85469996159795314     
    12981568           1   1.4187730166012946     
    12981568           2   1.2895978476701284     
    12981568           3  0.29162913572857740     
    12981602           1  0.67000894590873172     
    12981602           2  0.40686830897859566     
    12981602           3   1.9231227451126727     
    12981776           1   1.1326951724503045     
    12981776           2  0.28063959342095329     
    12981776           3   1.5866652341287419     
    12981995           1   1.0510570866672049     
    12981995           2   1.3037897979918518     
    12981995           3  0.64515311534094333     
    12982380           1  0.83491294699699137     
    12982380           2  0.20451547333161285     
    12982380           3   1.9605715796713956     
    12982417           1  0.24244156241050568     
    12982417           2   1.9170961140073363E-002
    12982417           3   2.7383874764494212     
    12982671           1   1.2118860790423294     
    12982671           2   1.0042100808995438     
    12982671           3  0.78390384005812708     
    12983104           1  0.21205408824150693     
    12983104           2  0.10561260183712592     
    12983104           3   2.6823333099213671     
    12983293           1  0.77793175280647386     
    12983293           2  0.93741412057890339     
    12983293           3   1.2846541266146230     
    12983403           1   1.5375929881649093     
    12983403           2   1.2374124883219213     
    12983403           3  0.22499452351316940     
    12983568           1  0.93909686409906401     
    12983568           2   1.1335863919073166     
    12983568           3  0.92731674399361907     
    12983853           1   1.0064967846226638     
    12983853           2   1.1544325072551593     
    12983853           3  0.83907070812217677     
    12984148           1   1.2907344960184417     
    12984148           2   1.4437197597142155     
    12984148           3  0.26554574426734290     
    12985135           1  0.73114429948850035     
    12985135           2  0.90572627739621048     
    12985135           3   1.3631294231152893     
    12985167           1   1.3484818783768033     
    12985167           2   1.0263766154590159     
    12985167           3  0.62514150616418074     
    12985253           1   1.0998237617330175     
    12985253           2  0.79648759413673564     
    12985253           3   1.1036886441302469     
    12986291           1   1.1426842561701720     
    12986291           2   1.3617267966442088     
    12986291           3  0.49558894718561930     
    12986581           1   1.0074357934155631     
    12986581           2   1.7482273170959877     
    12986581           3  0.24433688948844937     
    12986591           1  0.70134017522121428     
    12986591           2  0.22787323971932763     
    12986591           3   2.0707865850594578     
    12986617           1  0.97837004573520148     
    12986617           2  0.95075567519399273     
    12986617           3   1.0708742790708057     
    12987065           1  0.96587611950315289     
    12987065           2  0.96828264531410535     
    12987065           3   1.0658412351827413     
    12987570           1   1.2210805342823901     
    12987570           2   1.2091063196504450     
    12987570           3  0.56981314606716471     
    12987729           1   1.4450092568955852     
    12987729           2  0.99675695099243744     
    12987729           3  0.55823379211197743     
    12987978           1   1.1156333866397901     
    12987978           2  0.71986077534126547     
    12987978           3   1.1645058380189448     
    12988190           1  0.73606864829535112     
    12988190           2   1.7260361393906005     
    12988190           3  0.53789521231404835     
    12988243           1   1.3204271677831465     
    12988243           2   1.0936853715528945     
    12988243           3  0.58588746066395914     
    12988252           1  0.99058029926192426     
    12988252           2  0.84837454275305912     
    12988252           3   1.1610451579850165     
    12988358           1   1.8243400467863888     
    12988358           2   1.0664488590057497     
    12988358           3  0.10921109420786147     
    12988773           1  0.70600065682992541     
    12988773           2  0.20945215642800027     
    12988773           3   2.0845471867420740     
    12988988           1   1.3092959006440019     
    12988988           2   1.1121635468597333     
    12988988           3  0.57854055249626513     
    12989031           1   1.1681524490769493     
    12989031           2  0.73516474161809275     
    12989031           3   1.0966828093049581     
    12989070           1   1.3761436415277053     
    12989070           2  0.98432751750468817     
    12989070           3  0.63952884096760632     
    12989173           1  0.95817204763010799     
    12989173           2   1.2350159480024658     
    12989173           3  0.80681200436742584     
    12989272           1   1.0108263014390435     
    12989272           2  0.99818992852314925     
    12989272           3  0.99098377003780713     
    12989318           1  0.82605684711960314     
    12989318           2   1.0385392791154484     
    12989318           3   1.1354038737649483     
    12989604           1   1.3005754384416666     
    12989604           2   1.0246097939232686     
    12989604           3  0.67481476763506487     
    12989622           1   1.1766071366221245     
    12989622           2  0.78183716360790323     
    12989622           3   1.0415556997699724     
    12989643           1   1.2634529211097425     
    12989643           2  0.98161684717728337     
    12989643           3  0.75493023171297446     
    12989667           1  0.97894041581315072     
    12989667           2   1.1530939807293819     
    12989667           3  0.86796560345746732     
    12990526           1  0.81999819915554639     
    12990526           2  0.52380956369215903     
    12990526           3   1.6561922371522948     
    12990788           1   1.0077849634955811     
    12990788           2   1.1532011970301732     
    12990788           3  0.83901383947424568     
    12990880           1   1.0301146155826841     
    12990880           2   1.0854197373484185     
    12990880           3  0.88446564706889752     
    12990912           1  0.67773240651917865     
    12990912           2  0.55420876688122989     
    12990912           3   1.7680588265995918     
    12991116           1   1.4881856789295211     
    12991116           2   1.1036760900450444     
    12991116           3  0.40813823102543456     
    12991286           1   1.3548142117385786     
    12991286           2  0.87259295597586684     
    12991286           3  0.77259283228555509     
    12991365           1  0.48459444676455782     
    12991365           2   1.8374737892017232     
    12991365           3  0.67793176403371891     
    12991519           1   1.1317250927018068     
    12991519           2   1.2574125568445931     
    12991519           3  0.61086235045360038     
    12991816           1  0.90904144363046291     
    12991816           2   1.3884054322187687     
    12991816           3  0.70255312415076809     
    12991992           1   1.0092339986946874     
    12991992           2   1.4328818120981042     
    12991992           3  0.55788418920720828     
    12992001           1   1.9519432678739921     
    12992001           2   1.0113811916175350     
    12992001           3   3.6675540508473277E-002
    12992019           1  0.98117926243275300     
    12992019           2   1.2022116402996865     
    12992019           3  0.81660909726756048     
    12992104           1   1.0930843409452307     
    12992104           2   1.2166809051803784     
    12992104           3  0.69023475387439126     
    12992197           1  0.98257741891938333     
    12992197           2   1.2180422370098916     
    12992197           3  0.79938034407072511     
    12992217           1  0.33682983742446787     
    12992217           2  0.52543370048356008     
    12992217           3   2.1377364620919717     
    12992272           1  0.88823605602163225     
    12992272           2  0.99978899801882115     
    12992272           3   1.1119749459595463     
    12992353           1   1.0571865995470973     
    12992353           2   1.3101693547131497     
    12992353           3  0.63264404573975352     
    12992434           1   1.0725457645909255     
    12992434           2   1.1332927339922358     
    12992434           3  0.79416150141683850     
    12992533           1   1.5285612965986706     
    12992533           2  0.83263428983145771     
    12992533           3  0.63880441356987205     
    12992715           1  0.89589985156801188     
    12992715           2  0.98253096389052719     
    12992715           3   1.1215691845414610     
    12992860           1   1.9713292444981447     
    12992860           2   1.0087300012437295     
    12992860           3   1.9940754258125838E-002
    12992889           1   1.2661764143099810     
    12992889           2  0.70698364999233210     
    12992889           3   1.0268399356976872     
    12992961           1  0.65523524926188026     
    12992961           2  0.57026108935412667     
    12992961           3   1.7745036613839926     
    12993042           1   1.0548324091152503     
    12993042           2   1.2624727577696597     
    12993042           3  0.68269483311508983     
    12993128           1  0.70629244487393827     
    12993128           2  0.20992179477783918     
    12993128           3   2.0837857603482224     
    12993240           1   1.4541055761460218     
    12993240           2  0.66379854107640679     
    12993240           3  0.88209588277757178     
    12993259           1   1.2720033840453593     
    12993259           2   1.4202500846632251     
    12993259           3  0.30774653129141583     
    12993291           1   1.0370949044397917     
    12993291           2   1.2487683257430777     
    12993291           3  0.71413676981713026     
    12993364           1   1.0693290301832576     
    12993364           2   1.2342376992687152     
    12993364           3  0.69643327054802773     
    12993487           1   1.0758505505174927     
    12993487           2   1.2234688391474564     
    12993487           3  0.70068061033505147     
    12993509           1  0.98088738714483703     
    12993509           2   1.2844084930035624     
    12993509           3  0.73470411985160089     
    12993548           1   1.0541925243960735     
    12993548           2   1.2587529952938930     
    12993548           3  0.68705448031003391     
    12993576           1  0.68783418383180706     
    12993576           2   1.2852526991862070     
    12993576           3   1.0269131169819861     
    12993641           1  0.61376869909241250     
    12993641           2   1.3558921482741015     
    12993641           3   1.0303391526334857     
    12993721           1  0.86944724568377341     
    12993721           2  0.98892724450995062     
    12993721           3   1.1416255098062758     
    12994023           1   1.1773158164492235     
    12994023           2  0.28806589382803138     
    12994023           3   1.5346182897227456     
    12994035           1   1.5336830733329201     
    12994035           2  0.82101913639153956     
    12994035           3  0.64529779027554024     
    12994198           1   1.2884248961362859     
    12994198           2  0.73019787370976197     
    12994198           3  0.98137723015395195     
    12994310           1   2.0212096828012474     
    12994310           2  0.86706713974983918     
    12994310           3  0.11172317744891319     
    12994376           1   1.1938727398554558     
    12994376           2   1.0611953555411462     
    12994376           3  0.74493190460339787     
    12994382           1  0.91029916660359611     
    12994382           2  0.95010527236414366     
    12994382           3   1.1395955610322599     
    12994435           1  0.77870021148028035     
    12994435           2   1.8978394655232163     
    12994435           3  0.32346032299650346     
    12994601           1   1.2191732740715011     
    12994601           2   1.0592965092145457     
    12994601           3  0.72153021671395323     
    12994612           1   1.0624193625293248     
    12994612           2  0.98626332128253547     
    12994612           3  0.95131731618813964     
    12994622           1   1.0639230333502634     
    12994622           2  0.82368631286491212     
    12994622           3   1.1123906537848247     
    12994676           1  0.78414733727549257     
    12994676           2  0.72232620463440600     
    12994676           3   1.4935264580901013     
    12994738           1   1.0837868557766834     
    12994738           2  0.81493586224631220     
    12994738           3   1.1012772819770043     
    12994847           1  0.78904927433531757     
    12994847           2   1.1913040807168354     
    12994847           3   1.0196466449478470     
    12994871           1   1.5835588252207695     
    12994871           2   1.0989092081832861     
    12994871           3  0.31753196659594463     
    12994908           1  0.93051491481077142     
    12994908           2  0.96366352808761968     
    12994908           3   1.1058215571016090     
    12994944           1   1.1453159341783263     
    12994944           2   1.5095816280434022     
    12994944           3  0.34510243777827188     
    12994959           1  0.90075722083136556     
    12994959           2  0.97439426128029072     
    12994959           3   1.1248485178883434     
    12994967           1   1.4978274647733347     
    12994967           2   1.1345951201151918     
    12994967           3  0.36757741511147357     
    12995001           1   1.1010443388845232     
    12995001           2  0.79093773497130015     
    12995001           3   1.1080179261441765     
    12995085           1   1.0494940490156877     
    12995085           2  0.91653956398850767     
    12995085           3   1.0339663869958045     
    12995087           1  0.97369099971904205     
    12995087           2  0.94726853386556464     
    12995087           3   1.0790404664153934     
    12995099           1  0.96667258527042199     
    12995099           2  0.97181440291152288     
    12995099           3   1.0615130118180556     
    12995104           1   1.1935285507482341     
    12995104           2   1.0595603659900297     
    12995104           3  0.74691108326173572     
    12995164           1   1.7068863227786431     
    12995164           2  0.96288558804205471     
    12995164           3  0.33022808917930230     
    12995182           1   1.4830774597705649     
    12995182           2   1.1101852496650901     
    12995182           3  0.40673729056434488     
    12995201           1  0.81234904939584374     
    12995201           2   1.2106362123730203     
    12995201           3  0.97701473823113638     
    12995278           1   1.9066692056181489     
    12995278           2   1.0571480144440131     
    12995278           3   3.6182779937837986E-002
    12995320           1   1.0031151980714952     
    12995320           2   1.2161182032474895     
    12995320           3  0.78076659868101528     
    12995322           1   1.4682588479283358     
    12995322           2  0.67930734560527872     
    12995322           3  0.85243380646638522     
    12995368           1   1.3256216596342756     
    12995368           2   1.1987093603251275     
    12995368           3  0.47566898004059738     
    12995378           1  0.53912734096461712     
    12995378           2   1.1222498620408414     
    12995378           3   1.3386227969945410     
    12995380           1  0.60273997034345217     
    12995380           2   1.5570900661843348     
    12995380           3  0.84016996347221329     
    12995405           1   1.2833399765486810     
    12995405           2   1.4018578299326292     
    12995405           3  0.31480219351868977     
    12995438           1   1.8054372896720789     
    12995438           2   1.0429453755681710     
    12995438           3  0.15161733475975045     
    12995480           1   1.1045625532033800     
    12995480           2   1.3004800399403904     
    12995480           3  0.59495740685622978     
    12995494           1  0.99962119799175819     
    12995494           2   1.7481139841788889     
    12995494           3  0.25226481782935256     
    12995551           1   1.3132142209573374     
    12995551           2   1.1209652781135380     
    12995551           3  0.56582050092912428     
    12995592           1  0.99204221281644589     
    12995592           2   1.5351901603747069     
    12995592           3  0.47276762680884715     
    12995597           1  0.94327061728999051     
    12995597           2   1.7717311422032644     
    12995597           3  0.28499824050674483     
    12995604           1   1.0420970019570879     
    12995604           2   1.0633806431818948     
    12995604           3  0.89452235486101750     
    12995609           1   1.1007685687103512     
    12995609           2  0.98616226075136904     
    12995609           3  0.91306917053827952     
    12995627           1   1.0993362416439412     
    12995627           2  0.76447214699547084     
    12995627           3   1.1361916113605881     
    12995628           1   1.5192834253077112     
    12995628           2   1.1183893730729491     
    12995628           3  0.36232720161933973     
    12995636           1  0.71016807868599474     
    12995636           2  0.35356640141011703     
    12995636           3   1.9362655199038887     
    12995692           1  0.80625697856064682     
    12995692           2  0.20722233398204537     
    12995692           3   1.9865206874573076     
    12995705           1  0.60540027422172504     
    12995705           2   1.5547746252867856     
    12995705           3  0.83982510049148895     
    12995712           1  0.89698292723698558     
    12995712           2  0.97272809090051182     
    12995712           3   1.1302889818625026     
    12995713           1   1.3166553044699429     
    12995713           2   1.3148310684285063     
    12995713           3  0.36851362710155067     
    12995731           1   1.3181248938395369     
    12995731           2   1.2095277101702360     
    12995731           3  0.47234739599022718     
    12995735           1  0.77877308536585965     
    12995735           2   1.2302091071285104     
    12995735           3  0.99101780750562951     
    12995786           1   1.4109045945008658     
    12995786           2  0.82198189347579098     
    12995786           3  0.76711351202334344     
    12995798           1   1.1612413119739338     
    12995798           2   1.5567476476701561     
    12995798           3  0.28201104035591057     
    12995835           1  0.91894054635666167     
    12995835           2   1.3761095350404260     
    12995835           3  0.70494991860291223     
    12995837           1  0.99232031179499702     
    12995837           2   1.1236194773218151     
    12995837           3  0.88406021088318798     
    12995856           1  0.78424587472162299     
    12995856           2   1.9113552940882481     
    12995856           3  0.30439883119012856     
    12995873           1   1.2357395955405417     
    12995873           2   1.0984094666611499     
    12995873           3  0.66585093779830806     
    12995886           1  0.93687782837268696     
    12995886           2   1.1769338972906085     
    12995886           3  0.88618827433670455     
    12995897           1   1.0840352125838653     
    12995897           2  0.94270766708125564     
    12995897           3  0.97325712033487866     
    12995899           1   1.4517844869399279     
    12995899           2   1.1430085211223970     
    12995899           3  0.40520699193767507     
    12995903           1  0.82357272310689544     
    12995903           2   1.0470005796211568     
    12995903           3   1.1294266972719476     
    12995919           1   1.0441443067346987     
    12995919           2  0.90580360244281488     
    12995919           3   1.0500520908224864     
    12995946           1   1.2792811564078099     
    12995946           2   1.4142684428483654     
    12995946           3  0.30645040074382479     
    12995953           1  0.98235444816809536     
    12995953           2   1.1424639493928936     
    12995953           3  0.87518160243901066     
    12995997           1  0.80819370723057093     
    12995997           2  0.19873273296260247     
    12995997           3   1.9930735598068261     
    12996006           1   1.2491899433415936     
    12996006           2   1.0452238375779805     
    12996006           3  0.70558621908042563     
    12996011           1   1.2145991899796085     
    12996011           2   1.0880555502712901     
    12996011           3  0.69734525974910166     
    12996018           1  0.97694236996986572     
    12996018           2   1.1322993857734744     
    12996018           3  0.89075824425666017     
    12996031           1  0.86215006352199641     
    12996031           2   1.1600631841821325     
    12996031           3  0.97778675229587086     
    12996061           1  0.75816175539887443     
    12996061           2  0.93128223138028321     
    12996061           3   1.3105560132208425     
    12996088           1   1.1759342857816759     
    12996088           2  0.81693422815133510     
    12996088           3   1.0071314860669891     
    12996135           1  0.76481753769923044     
    12996135           2   1.3375272134949194     
    12996135           3  0.89765524880584990     
    12996136           1  0.94204853590875259     
    12996136           2   1.3076216135212626     
    12996136           3  0.75032985056998525     
    12996158           1   1.2087132578952782     
    12996158           2  0.75178967831715249     
    12996158           3   1.0394970637875693     
    12996174           1   7.8827813355025519E-002
    12996174           2  0.85160346602522508     
    12996174           3   2.0695687206197495     
    12996189           1  0.83320871237004146     
    12996189           2   1.2417231735669085     
    12996189           3  0.92506811406304990     
    12996195           1   1.0279002770187458     
    12996195           2  0.93867891367255207     
    12996195           3   1.0334208093087021     
    12996207           1  0.95128065775396431     
    12996207           2   1.2890579892477061     
    12996207           3  0.75966135299832982     
    12996210           1  0.99201860732633795     
    12996210           2   1.1565913479586114     
    12996210           3  0.85139004471505031     
    12996216           1   1.3148334222515314     
    12996216           2  0.98933694280689910     
    12996216           3  0.69582963494156957     
    12996217           1   1.0683410220670855     
    12996217           2   1.1101089458845643     
    12996217           3  0.82155003204835042     
    12996221           1   1.0932201568371542     
    12996221           2   1.1219577941920256     
    12996221           3  0.78482204897081986     
    12996224           1   1.4561078365115230     
    12996224           2  0.92574757884986336     
    12996224           3  0.61814458463861355     
    12996226           1   1.1776177432003050     
    12996226           2  0.91930243437275649     
    12996226           3  0.90307982242693841     
    12996238           1  0.80291978305683476     
    12996238           2   1.1915191370933391     
    12996238           3   1.0055610798498262     
    12996242           1  0.80162555425426241     
    12996242           2  0.72004588516815959     
    12996242           3   1.4783285605775782     
    12996245           1   1.1487387834657388     
    12996245           2   1.0337448617112930     
    12996245           3  0.81751635482296847     
    12996247           1   1.1549270099851874     
    12996247           2   1.1979968800705936     
    12996247           3  0.64707610994421871     
    12996250           1   1.0872198106404776     
    12996250           2  0.71080592212837634     
    12996250           3   1.2019742672311462     
    12996254           1   1.2779401801522856     
    12996254           2  0.72266169319244900     
    12996254           3  0.99939812665526540     
    12996264           1   1.0407418981127619     
    12996264           2   1.1207214448887337     
    12996264           3  0.83853665699850433     
    12996266           1   1.3089399087580922     
    12996266           2   1.2213769755441990     
    12996266           3  0.46968311569770888     
    12996271           1   1.0500971833062589     
    12996271           2  0.83930419648940502     
    12996271           3   1.1105986202043361     
    12996276           1   1.8246907657674489     
    12996276           2   1.0666538777235277     
    12996276           3  0.10865535650902322     
    12996283           1   1.0233911628792851     
    12996283           2   1.0715188978390511     
    12996283           3  0.90508993928166359     
    12996286           1  0.37961039615617215     
    12996286           2  0.30224304179588041     
    12996286           3   2.3181465620479473     
    12996287           1  0.98219673156895593     
    12996287           2   1.1829917011488789     
    12996287           3  0.83481156728216543     
    12996289           1  0.32018459644868297     
    12996289           2  0.55461251019425228     
    12996289           3   2.1252028933570646     
    12996302           1   1.3290924917087354     
    12996302           2   1.4420519708731423     
    12996302           3  0.22885553741812198     
    12996304           1  0.97148558080262615     
    12996304           2   1.1337566419815268     
    12996304           3  0.89475777721584637     
    12996305           1   1.8189276126475402     
    12996305           2  0.69521669114085860     
    12996305           3  0.48585569621160130     
    12996307           1   1.0079330763783811     
    12996307           2  0.69033984702798623     
    12996307           3   1.3017270765936328     
    12996313           1   1.8588666937122504     
    12996313           2  0.94842092082605789     
    12996313           3  0.19271238546169220     
    12996321           1   1.6932536184567741     
    12996321           2  0.97137180355353347     
    12996321           3  0.33537457798969228     
    12996334           1  0.82316190180997306     
    12996334           2  0.67663563228703816     
    12996334           3   1.5002024659029882     
    12996336           1  0.91591450347550252     
    12996336           2  0.96735878669316389     
    12996336           3   1.1167267098313334     
    12996342           1  0.13128994927740548     
    12996342           2   1.1280595386832910     
    12996342           3   1.7406505120393034     
    12996346           1   1.2169568870953797     
    12996346           2   1.0866187269998564     
    12996346           3  0.69642438590476374     
    12996350           1   1.4843602475361870     
    12996350           2   1.2797711848427384     
    12996350           3  0.23586856762107419     
    12996352           1  0.90184563868428691     
    12996352           2  0.98013143109016176     
    12996352           3   1.1180229302255518     
    12996354           1   1.1056101577377473     
    12996354           2   1.2571207616238973     
    12996354           3  0.63726908063835508     
    12996356           1   1.0658148595745376     
    12996356           2  0.72188495899214644     
    12996356           3   1.2123001814333161     
    12996364           1  0.98793313274240457     
    12996364           2   1.0096779802913272     
    12996364           3   1.0023888869662680     
    12996367           1  0.56219028934930015     
    12996367           2  0.35697723755223065     
    12996367           3   2.0808324730984689     
    12996368           1   1.1552084957702440     
    12996368           2  0.92705424557153526     
    12996368           3  0.91773725865822053     
    12996381           1   1.1038425999193109     
    12996381           2   1.0109327388091331     
    12996381           3  0.88522466127155564     
    12996384           1   1.0075909920251436     
    12996384           2   1.1535566560739081     
    12996384           3  0.83885235190094853     
    12996406           1  0.98199206791131421     
    12996406           2   1.1217739791961607     
    12996406           3  0.89623395289252483     
    12996408           1   1.6257177467439665     
    12996408           2  0.89507931540734453     
    12996408           3  0.47920293784868900     
    12996415           1   1.3047729542106885     
    12996415           2   1.1151387902210323     
    12996415           3  0.58008825556827903     
    12996424           1   1.0663251360826593     
    12996424           2   1.2391979713725374     
    12996424           3  0.69447689254480360     
    12996427           1   1.3363437174286636     
    12996427           2  0.86532112698916430     
    12996427           3  0.79833515558217216     
    12996434           1  0.87006906916734905     
    12996434           2  0.98510689458073253     
    12996434           3   1.1448240362519184     
    12996435           1   1.4441399205265157     
    12996435           2   1.2590167705253295     
    12996435           3  0.29684330894815519     
    12996438           1  0.79832724981457803     
    12996438           2   1.1068670532472951     
    12996438           3   1.0948056969381270     
    12996452           1   1.0213076443481388     
    12996452           2   1.1318380940624404     
    12996452           3  0.84685426158942090     
    12996453           1   1.0754839012866766     
    12996453           2  0.86705961447876867     
    12996453           3   1.0574564842345546     
    12996463           1  0.94865188849726012     
    12996463           2   1.3167874751911228     
    12996463           3  0.73456063631161661     
    12996464           1   1.5868066012866602     
    12996464           2  0.72284687866631869     
    12996464           3  0.69034652004702091     
    12996468           1  0.98824682240281625     
    12996468           2   1.0095205672610166     
    12996468           3   1.0022326103361670     
    12996482           1  0.24197921613862314     
    12996482           2   2.4855527678637895E-002
    12996482           3   2.7331652561827391     
    12996490           1   1.6082997992144588     
    12996490           2   1.0777759440563630     
    12996490           3  0.31392425672917862     
    12996491           1   1.8646923999761384     
    12996491           2  0.95139328119915412     
    12996491           3  0.18391431882470791     
    12996492           1   1.1551706357408804     
    12996492           2   1.5791128406388502     
    12996492           3  0.26571652362026948     
    12996494           1   1.5394960415326755     
    12996494           2   1.1435329532885246     
    12996494           3  0.31697100517879984     
    12996499           1   1.2364190088437506     
    12996499           2  0.96061333902748869     
    12996499           3  0.80296765212876098     
    12996500           1   1.1209142619773422     
    12996500           2   1.2835947786053388     
    12996500           3  0.59549095941731889     
    12996507           1   1.3058672234801960     
    12996507           2   1.1319545783098106     
    12996507           3  0.56217819820999326     
    12996508           1   1.1559032270022467     
    12996508           2  0.99955917389865923     
    12996508           3  0.84453759909909454     
    12996519           1   2.0365396243329101     
    12996519           2  0.94882651953615693     
    12996519           3   1.4633856130932906E-002
    12996529           1   1.2326743046457955     
    12996529           2  0.97685337333354827     
    12996529           3  0.79047232202065643     
    12996530           1  0.91241755653755763     
    12996530           2  0.97209063116144367     
    12996530           3   1.1154918123009991     
    12996531           1   1.2445268482832066     
    12996531           2  0.99559346848630548     
    12996531           3  0.75987968323048793     
    12996532           1   1.1703380127870018     
    12996532           2   1.0989459907894419     
    12996532           3  0.73071599642355667     
    12996536           1  0.95362534023323153     
    12996536           2   1.1564684520127289     
    12996536           3  0.88990620775403950     
    12996537           1   1.0733030579597491     
    12996537           2  0.89243637806095544     
    12996537           3   1.0342605639792952     
    12996538           1   1.0248031334233072     
    12996538           2   1.1383903211852229     
    12996538           3  0.83680654539146981     
    12996540           1  0.97193091523108588     
    12996540           2   1.1073123679463730     
    12996540           3  0.92075671682254112     
    12996541           1   1.0689715633137136     
    12996541           2  0.97089049563480256     
    12996541           3  0.96013794105148431     
    12996545           1  0.33095593410119412     
    12996545           2  0.55238328253711877     
    12996545           3   2.1166607833616871     
    12996549           1   1.4448526899407579     
    12996549           2  0.98310577088971518     
    12996549           3  0.57204153916952649     
    12996551           1  0.70406707609069175     
    12996551           2   1.2865588682797415     
    12996551           3   1.0093740556295667     
    12996552           1  0.79786478100791214     
    12996552           2  0.68449884147249707     
    12996552           3   1.5176363775195911     
    12996555           1   1.1679486769466403     
    12996555           2  0.92222360875963161     
    12996555           3  0.90982771429372800     
    12996556           1   1.2772752324504220     
    12996556           2   1.3952330000698934     
    12996556           3  0.32749176747968500     
    12996557           1   1.3071537507649753     
    12996557           2  0.69714075025142286     
    12996557           3  0.99570549898360183     
    12996562           1  0.75932607527051921     
    12996562           2   1.4902996097601693     
    12996562           3  0.75037431496931095     
    12996564           1  0.54901118378609004     
    12996564           2   1.0878249946460992     
    12996564           3   1.3631638215678110     
    12996565           1   1.2846648903190603     
    12996565           2  0.80636036875916528     
    12996565           3  0.90897474092177399     
    12996568           1  0.63884431610849601     
    12996568           2  0.41231034713771270     
    12996568           3   1.9488453367537917     
    12996569           1  0.99164406801068616     
    12996569           2   1.7678490643149611     
    12996569           3  0.24050686767435273     
    12996570           1  0.99236890233748432     
    12996570           2   1.1814516317206558     
    12996570           3  0.82617946594185931     
    12996571           1   1.3654329339667581     
    12996571           2  0.94969826907038357     
    12996571           3  0.68486879696285774     
    12996574           1   1.3684240215669954     
    12996574           2  0.88135860375661146     
    12996574           3  0.75021737467639327     
    12996575           1   1.5543652768315606     
    12996575           2   1.2206605557234818     
    12996575           3  0.22497416744495760     
    12996576           1   1.0120588788370408     
    12996576           2   1.4343365351180182     
    12996576           3  0.55360458604494089     
    12996577           1  0.78778020388504522     
    12996577           2   1.5808696198518555     
    12996577           3  0.63135017626309897     
    12996578           1  0.95940580602233450     
    12996578           2  0.91468869727701041     
    12996578           3   1.1259054967006550     
    12996579           1   1.0080020330225030     
    12996579           2   1.2310047371028361     
    12996579           3  0.76099322987466089     
    12996580           1  0.85651894055712652     
    12996580           2  0.99492810655815744     
    12996580           3   1.1485529528847158     
    12996581           1   1.9529257542800971     
    12996581           2   1.0219994476433620     
    12996581           3   2.5074798076541397E-002
    12996582           1  0.98214356503932643     
    12996582           2  0.90311813693506349     
    12996582           3   1.1147382980256104     
    12996583           1   1.0706426932845046     
    12996583           2   1.1087861938677068     
    12996583           3  0.82057111284778905     
    12996584           1   1.0691707846999574     
    12996584           2   1.2414233311637437     
    12996584           3  0.68940588413629877     
    12996585           1   1.2990763017376585     
    12996585           2   1.1936422875934933     
    12996585           3  0.50728141066884813     
