    11685596           1  0.78645523414402985     
    11685596           2  0.81735772898468240     
    11685596           3   1.3961870368712876     
    11762498           1   1.1650061734712782     
    11762498           2  0.82263900078497587     
    11762498           3   1.0123548257437458     
    11808150           1   1.4350523901573271     
    11808150           2  0.12893120956745824     
    11808150           3   1.4360164002752143     
    11901752           1  0.52925691737421232     
    11901752           2   1.5114978242591472     
    11901752           3  0.95924525836664032     
    11940892           1   1.2859091997843624     
    11940892           2   1.1149155917155804     
    11940892           3  0.59917520850005679     
    11941763           1   1.0651681942601927     
    11941763           2  0.79460691692917795     
    11941763           3   1.1402248888106294     
    12012468           1  0.84831677769146341     
    12012468           2  0.62177056011615728     
    12012468           3   1.5299126621923793     
    12034493           1   1.5560657705710503     
    12034493           2  0.61158315224523585     
    12034493           3  0.83235107718371393     
    12048875           1  0.89236018993543564     
    12048875           2   1.1292129942940412     
    12048875           3  0.97842681577052304     
    12099527           1   1.1418147469037832     
    12099527           2   1.0491371309585626     
    12099527           3  0.80904812213765476     
    12127663           1   1.0409359603979969     
    12127663           2  0.90711154295937824     
    12127663           3   1.0519524966426246     
    12141396           1   1.1433638405347804     
    12141396           2  0.49223380036369097     
    12141396           3   1.3644023591015286     
    12144507           1   1.0343719422226894     
    12144507           2   1.0962354855584313     
    12144507           3  0.86939257221887956     
    12152985           1   1.0305467362965397     
    12152985           2   1.2796758738156826     
    12152985           3  0.68977738988777748     
    12162746           1   1.4045913614307182     
    12162746           2   1.0117072909646609     
    12162746           3  0.58370134760462067     
    12172336           1  0.83630464684477157     
    12172336           2   1.3546010808197217     
    12172336           3  0.80909427233550646     
    12192276           1   1.0320328664904008     
    12192276           2  0.97965202287160025     
    12192276           3  0.98831511063799915     
    12204205           1  0.52986301681204162     
    12204205           2   1.0482888158132895     
    12204205           3   1.4218481673746695     
    12206881           1   1.0675561655806196     
    12206881           2  0.36961910160693989     
    12206881           3   1.5628247328124409     
    12223363           1   1.8083714178525963     
    12223363           2  0.61752935568525180     
    12223363           3  0.57409922646215228     
    12249573           1   1.4394217124056441     
    12249573           2  0.61726298398927060     
    12249573           3  0.94331530360508531     
    12255051           1   1.4296957398741816     
    12255051           2  0.44966613788198179     
    12255051           3   1.1206381222438369     
    12256657           1   1.1306178812177359     
    12256657           2   1.2881214757534623     
    12256657           3  0.58126064302880176     
    12262208           1   1.2407546311043665     
    12262208           2  0.86269692624859240     
    12262208           3  0.89654844264704114     
    12262770           1   1.0320476196155850     
    12262770           2  0.59715045465120031     
    12262770           3   1.3708019257332149     
    12277628           1   1.4586201108782109     
    12277628           2  0.48583993372484691     
    12277628           3   1.0555399553969418     
    12288646           1   1.1898354458586988     
    12288646           2   1.0882078443323597     
    12288646           3  0.72195670980894155     
    12294087           1   1.1064541770131977     
    12294087           2   1.4374045616373072     
    12294087           3  0.45614126134949534     
    12318729           1  0.95751904463233928     
    12318729           2   1.4600339910782569     
    12318729           3  0.58244696428940379     
    12326090           1   1.3535379632636533     
    12326090           2  0.56709286832938477     
    12326090           3   1.0793691684069620     
    12327623           1   1.0918333383984749     
    12327623           2  0.92111317955777461     
    12327623           3  0.98705348204375132     
    12341060           1   1.6493241445057563     
    12341060           2  0.92945961900391993     
    12341060           3  0.42121623649032403     
    12342329           1   1.3782330437557089     
    12342329           2  0.62815368240831049     
    12342329           3  0.99361327383598086     
    12356529           1  0.97499076041276656     
    12356529           2  0.71847618566258797     
    12356529           3   1.3065330539246456     
    12388692           1  0.54419164586590718     
    12388692           2  0.98668443158478025     
    12388692           3   1.4691239225493125     
    12388963           1   1.1272189628227127     
    12388963           2  0.86109803928253870     
    12388963           3   1.0116829978947484     
    12392649           1  0.79346349024516816     
    12392649           2   1.1391554085926721     
    12392649           3   1.0673811011621601     
    12406016           1   1.1020174016949766     
    12406016           2  0.63327781292310514     
    12406016           3   1.2647047853819189     
    12410150           1  0.46201468262118806     
    12410150           2   1.2210002294120650     
    12410150           3   1.3169850879667473     
    12418614           1  0.19212027686426641     
    12418614           2   1.7308523003875045     
    12418614           3   1.0770274227482293     
    12419919           1   1.0656131111982319     
    12419919           2   1.1377120365827544     
    12419919           3  0.79667485221901391     
    12422705           1  0.76463981784797841     
    12422705           2   1.2939569438228116     
    12422705           3  0.94140323832921002     
    12436377           1   1.4444121877428808     
    12436377           2  0.76720708236969204     
    12436377           3  0.78838072988742691     
    12439965           1   1.1421533577536800     
    12439965           2  0.46046468820302777     
    12439965           3   1.3973819540432926     
    12448578           1   1.1874124628473159     
    12448578           2  0.39862105367082523     
    12448578           3   1.4139664834818586     
    12449457           1   1.1521112802779729     
    12449457           2  0.78114982047457016     
    12449457           3   1.0667388992474567     
    12453542           1   1.4676166838441800     
    12453542           2  0.58090224120921752     
    12453542           3  0.95148107494660250     
    12455066           1  0.97186284778648124     
    12455066           2   1.0002357574279801     
    12455066           3   1.0279013947855384     
    12461202           1  0.84188573299366964     
    12461202           2   1.1041485453695590     
    12461202           3   1.0539657216367715     
    12463087           1   1.0602507093716418     
    12463087           2  0.76173193508175507     
    12463087           3   1.1780173555466031     
    12475231           1  0.76846623969081740     
    12475231           2   1.2879777201152673     
    12475231           3  0.94355604019391504     
    12476456           1   1.1071708306163863     
    12476456           2  0.69928767943803816     
    12476456           3   1.1935414899455756     
    12476791           1   1.0066806806037953     
    12476791           2   1.0872811218984733     
    12476791           3  0.90603819749773140     
    12482283           1   1.2712623647962151     
    12482283           2  0.96216140397157512     
    12482283           3  0.76657623123221008     
    12484826           1   1.5121359124812617     
    12484826           2   1.1874126590788225     
    12484826           3  0.30045142843991601     
    12492220           1  0.75859544810121482     
    12492220           2   1.0442498866129204     
    12492220           3   1.1971546652858649     
    12492750           1   1.1740855884778383     
    12492750           2  0.99606381896627683     
    12492750           3  0.82985059255588500     
    12494002           1  0.25012431329259710     
    12494002           2   1.7792824261150937     
    12494002           3  0.97059326059230866     
    12499550           1   1.0104173865429287     
    12499550           2  0.64562241578689772     
    12499550           3   1.3439601976701736     
    12499963           1   1.2306803618294326     
    12499963           2  0.77939576759725437     
    12499963           3  0.98992387057331321     
    12509959           1   1.0595476674283104     
    12509959           2  0.78004147647646849     
    12509959           3   1.1604108560952211     
    12511015           1   1.4686540582034522     
    12511015           2  0.91962724682416785     
    12511015           3  0.61171869497237985     
    12520608           1  0.91590501327431606     
    12520608           2   1.2123119438245007     
    12520608           3  0.87178304290118303     
    12522058           1  0.96164811491014579     
    12522058           2  0.96237343181613288     
    12522058           3   1.0759784532737220     
    12534904           1   1.3803692489252930     
    12534904           2   1.3247046658396575     
    12534904           3  0.29492608523504960     
    12536533           1   1.2538664718366135     
    12536533           2   1.0835235818540021     
    12536533           3  0.66260994630938452     
    12540080           1   1.0030854184519502     
    12540080           2   1.1983531578287883     
    12540080           3  0.79856142371926142     
    12555118           1   1.1739981945280538     
    12555118           2  0.49612354691540561     
    12555118           3   1.3298782585565410     
    12556533           1  0.65311454875545683     
    12556533           2   1.4538968907787966     
    12556533           3  0.89298856046574637     
    12563135           1   1.2274690420243743     
    12563135           2  0.64478398804736126     
    12563135           3   1.1277469699282643     
    12564436           1   1.1849845420741272     
    12564436           2  0.98035870738982500     
    12564436           3  0.83465675053604804     
    12573850           1  0.72082712594706522     
    12573850           2   1.1916433926478813     
    12573850           3   1.0875294814050536     
    12574456           1  0.32379396086415096     
    12574456           2   1.6894320898571811     
    12574456           3  0.98677394927866779     
    12576288           1   1.2493426466013517     
    12576288           2  0.88294092696417037     
    12576288           3  0.86771642643447822     
    12578036           1  0.95080774077332597     
    12578036           2  0.74011732375179362     
    12578036           3   1.3090749354748805     
    12578687           1  0.44010660589427081     
    12578687           2   1.4835753724771321     
    12578687           3   1.0763180216285972     
    12581344           1  0.64367212678151087     
    12581344           2   1.1116911663664191     
    12581344           3   1.2446367068520694     
    12584051           1   1.2072130931235845     
    12584051           2  0.76782192570073193     
    12584051           3   1.0249649811756838     
    12591422           1   1.0818799869094009     
    12591422           2  0.87716469477556425     
    12591422           3   1.0409553183150346     
    12592871           1  0.78229607783461441     
    12592871           2  0.95093904667811802     
    12592871           3   1.2667648754872676     
    12593034           1  0.95136005837326609     
    12593034           2   1.0429717463158508     
    12593034           3   1.0056681953108833     
    12596824           1  0.97557387633229542     
    12596824           2   1.2399514764006023     
    12596824           3  0.78447464726710214     
    12604086           1   4.6303028723549695E-002
    12604086           2   1.8817252199599888     
    12604086           3   1.0719717513164615     
    12610135           1  0.10364957173631047     
    12610135           2   1.5529335366648622     
    12610135           3   1.3434168915988276     
    12624107           1  0.20986090442924560     
    12624107           2   1.2809390792286608     
    12624107           3   1.5092000163420933     
    12631116           1   1.8132324079372573     
    12631116           2  0.80262976324402435     
    12631116           3  0.38413782881871822     
    12634040           1   1.4565545078245614     
    12634040           2  0.83266711915217506     
    12634040           3  0.71077837302326352     
    12634711           1  0.94738789062618622     
    12634711           2  0.57214345875622030     
    12634711           3   1.4804686506175937     
    12636087           1   1.2258994356769710     
    12636087           2  0.83447568339590394     
    12636087           3  0.93962488092712504     
    12636196           1   1.2557343286430112     
    12636196           2  0.62306228541865027     
    12636196           3   1.1212033859383386     
    12638060           1   1.3587776165985748     
    12638060           2  0.65560938972282368     
    12638060           3  0.98561299367860211     
    12643745           1  0.56361816616587512     
    12643745           2   1.4007446165978046     
    12643745           3   1.0356372172363204     
    12644104           1   1.0682753740595630     
    12644104           2  0.47270918831127950     
    12644104           3   1.4590154376291575     
    12648071           1  0.51168405440319553     
    12648071           2   1.6916199533177545     
    12648071           3  0.79669599227904997     
    12649170           1  0.62421745521419236     
    12649170           2   1.0754103722626356     
    12649170           3   1.3003721725231718     
    12653086           1  0.98492840496015110     
    12653086           2   1.0832358126262900     
    12653086           3  0.93183578241355891     
    12654051           1   1.4339649589073773     
    12654051           2  0.50829104633818301     
    12654051           3   1.0577439947544396     
    12656217           1   1.4233557507434449     
    12656217           2  0.29102805003399140     
    12656217           3   1.2856161992225634     
    12658316           1  0.58299011923811173     
    12658316           2   1.4653927287135247     
    12658316           3  0.95161715204836339     
    12661987           1  0.89507539710047468     
    12661987           2  0.98906248712773370     
    12661987           3   1.1158621157717914     
    12665196           1  0.75051963048890324     
    12665196           2   1.4869100105756121     
    12665196           3  0.76257035893548486     
    12667971           1  0.70600007933621423     
    12667971           2   1.1937473771354083     
    12667971           3   1.1002525435283770     
    12668458           1   1.3756731971678524     
    12668458           2  0.30361272428733321     
    12668458           3   1.3207140785448144     
    12670123           1   1.2306137568403637     
    12670123           2  0.36298726224709760     
    12670123           3   1.4063989809125390     
    12670772           1   1.1354347281536963     
    12670772           2   1.0074340938082440     
    12670772           3  0.85713117803805983     
    12676547           1  0.92811549673751970     
    12676547           2  0.94695515528847485     
    12676547           3   1.1249293479740057     
    12679077           1   1.4024330592961127     
    12679077           2  0.23892700948714546     
    12679077           3   1.3586399312167416     
    12681116           1   1.2826875327340392     
    12681116           2   1.0844644893577529     
    12681116           3  0.63284797790820801     
    12682627           1  0.58348793490162443     
    12682627           2   1.6665701139469054     
    12682627           3  0.74994195115147055     
    12692167           1   1.0755377357884743     
    12692167           2  0.82014671627204683     
    12692167           3   1.1043155479394793     
    12696647           1   1.0136394574096352     
    12696647           2   1.0926239321739410     
    12696647           3  0.89373661041642383     
    12699990           1  0.79985131397897713     
    12699990           2   1.5625429013346046     
    12699990           3  0.63760578468641793     
    12702587           1  0.61347224105212539     
    12702587           2   1.0249257119602122     
    12702587           3   1.3616020469876624     
    12706623           1   1.3048442349684557     
    12706623           2  0.75608197865303584     
    12706623           3  0.93907378637850869     
    12709809           1  0.79599769429130496     
    12709809           2   1.2141914763019097     
    12709809           3  0.98981082940678522     
    12711431           1  0.87220419791654735     
    12711431           2   1.4318750473313786     
    12711431           3  0.69592075475207393     
    12712732           1   1.2117763459446016     
    12712732           2  0.61866138846589658     
    12712732           3   1.1695622655895017     
    12719002           1  0.94794451721833972     
    12719002           2  0.69153700758437942     
    12719002           3   1.3605184751972810     
    12722772           1  0.99910660596541878     
    12722772           2   1.0556436873597004     
    12722772           3  0.94524970667488095     
    12727389           1  0.86397818777289259     
    12727389           2   1.3323678783027149     
    12727389           3  0.80365393392439255     
    12731149           1   1.1887622694898994     
    12731149           2  0.70679767324489762     
    12731149           3   1.1044400572652031     
    12732691           1  0.97259327990213573     
    12732691           2  0.81208219316306529     
    12732691           3   1.2153245269347992     
    12733492           1   1.8660298463703653     
    12733492           2  0.99425514998976372     
    12733492           3  0.13971500363987130     
    12736914           1   1.2728013434221244     
    12736914           2  0.97043611220527104     
    12736914           3  0.75676254437260404     
    12737466           1   1.0513911487857743     
    12737466           2  0.61087465106661343     
    12737466           3   1.3377342001476125     
    12740296           1   1.1837037696504313     
    12740296           2  0.86998034868231822     
    12740296           3  0.94631588166724989     
    12740311           1   1.5190992688971221     
    12740311           2   1.1818554461403346     
    12740311           3  0.29904528496254329     
    12740846           1  0.99773784169531488     
    12740846           2  0.57460032959677732     
    12740846           3   1.4276618287079079     
    12741362           1   1.2086239460772983     
    12741362           2  0.68119282791919444     
    12741362           3   1.1101832260035069     
    12741446           1  0.85249747311633606     
    12741446           2   1.4308420579397068     
    12741446           3  0.71666046894395707     
    12744573           1  0.66705064581796025     
    12744573           2   1.2913098353353392     
    12744573           3   1.0416395188467003     
    12745266           1  0.90126250235970851     
    12745266           2   1.1105497565208846     
    12745266           3  0.98818774111940688     
    12745293           1   1.2016389015930899     
    12745293           2  0.64452625666338093     
    12745293           3   1.1538348417435291     
    12745664           1   1.1408356930192545     
    12745664           2  0.96438847892521429     
    12745664           3  0.89477582805553113     
    12748893           1   1.1370369577422708     
    12748893           2  0.92789225007233644     
    12748893           3  0.93507079218539257     
    12753908           1   1.1487369753703418     
    12753908           2  0.92843670719762994     
    12753908           3  0.92282631743202848     
    12756362           1   1.0752335768462205     
    12756362           2   1.3968455994774740     
    12756362           3  0.52792082367630566     
    12757776           1  0.75818962369048526     
    12757776           2   1.1291376354523730     
    12757776           3   1.1126727408571420     
    12762922           1   1.3869067823766972     
    12762922           2  0.65065411561788600     
    12762922           3  0.96243910200541716     
    12764055           1   1.2223981404255440     
    12764055           2  0.41119864339728684     
    12764055           3   1.3664032161771691     
    12765249           1  0.66326073003737906     
    12765249           2   1.3584204390912655     
    12765249           3  0.97831883087135507     
    12766106           1   1.2534752951737917     
    12766106           2   1.0553485383727959     
    12766106           3  0.69117616645341218     
    12770307           1  0.96372360348536046     
    12770307           2   1.0243359923901014     
    12770307           3   1.0119404041245377     
    12770930           1   1.2786969135183073     
    12770930           2  0.99687853472238896     
    12770930           3  0.72442455175930409     
    12771571           1   1.4620793005700530     
    12771571           2  0.38482064695221690     
    12771571           3   1.1531000524777300     
    12774019           1  0.67145242773015734     
    12774019           2   1.1080865964834306     
    12774019           3   1.2204609757864122     
    12775180           1   1.0366469433921364     
    12775180           2   1.2052294342316812     
    12775180           3  0.75812362237618225     
    12776356           1  0.88594091884204951     
    12776356           2  0.90750655920737888     
    12776356           3   1.2065525219505719     
    12779282           1   1.2067027611917780     
    12779282           2   1.0501898678316546     
    12779282           3  0.74310737097656721     
    12779805           1  0.53309301572227097     
    12779805           2   1.5007090361488848     
    12779805           3  0.96619794812884430     
    12781697           1  0.43618808245555218     
    12781697           2   1.4554753147269521     
    12781697           3   1.1083366028174959     
    12782776           1  0.75506322965396122     
    12782776           2   1.0226080081533997     
    12782776           3   1.2223287621926391     
    12783254           1  0.67001552837066980     
    12783254           2   1.3828069272171981     
    12783254           3  0.94717754441213231     
    12783286           1  0.63457041836174510     
    12783286           2   1.3298135132786608     
    12783286           3   1.0356160683595945     
    12784214           1   1.1891259495838993     
    12784214           2  0.76550277313094039     
    12784214           3   1.0453712772851600     
    12785130           1   1.2230866754054337     
    12785130           2  0.77703576140332342     
    12785130           3  0.99987756319124255     
    12787087           1  0.94665482673939882     
    12787087           2   1.5903728237229227     
    12787087           3  0.46297234953767846     
    12787351           1   1.1734556822671272     
    12787351           2   1.3341714846643897     
    12787351           3  0.49237283306848340     
    12789513           1   1.3123315882129927     
    12789513           2  0.96290773767884186     
    12789513           3  0.72476067410816547     
    12790767           1   1.1118626949104147     
    12790767           2  0.94692972254716146     
    12790767           3  0.94120758254242376     
    12791371           1   1.4752819307719391     
    12791371           2   1.0483550726967708     
    12791371           3  0.47636299653129016     
    12792401           1  0.95826908806445710     
    12792401           2  0.46976425145568751     
    12792401           3   1.5719666604798552     
    12796151           1  0.75278834864341737     
    12796151           2   1.2200309239831215     
    12796151           3   1.0271807273734612     
    12796678           1  0.68882949215995959     
    12796678           2  0.61943864452181585     
    12796678           3   1.6917318633182248     
    12796722           1   1.4020914504303428     
    12796722           2  0.45574943827116715     
    12796722           3   1.1421591112984901     
    12797349           1   1.1453802728059401     
    12797349           2   1.1438471165244632     
    12797349           3  0.71077261066959674     
    12798127           1  0.69935457732068906     
    12798127           2   1.1519856910866699     
    12798127           3   1.1486597315926412     
    12800952           1   1.2044713061915306     
    12800952           2  0.89534573709523246     
    12800952           3  0.90018295671323734     
    12801389           1  0.81238158938504501     
    12801389           2  0.79176049980695040     
    12801389           3   1.3958579108080045     
    12802256           1   1.1656791703185101     
    12802256           2  0.30315521970573373     
    12802256           3   1.5311656099757560     
    12802299           1  0.87195350581547681     
    12802299           2   1.1896130324501897     
    12802299           3  0.93843346173433351     
    12804301           1   1.0123689086901793     
    12804301           2  0.67174544332680286     
    12804301           3   1.3158856479830179     
    12805395           1  0.99374410008191572     
    12805395           2  0.80480537893644621     
    12805395           3   1.2014505209816384     
    12807428           1  0.67163323406797526     
    12807428           2   1.4727730315343759     
    12807428           3  0.85559373439764863     
    12807505           1  0.71797142710902706     
    12807505           2   1.2478989722600382     
    12807505           3   1.0341296006309351     
    12808157           1   1.3014371463492511     
    12808157           2  0.65836093993732681     
    12808157           3   1.0402019137134224     
    12809664           1  0.77910159619211805     
    12809664           2   1.1399025313224218     
    12809664           3   1.0809958724854603     
    12811837           1   1.5501413091004583     
    12811837           2  0.65143023604997219     
    12811837           3  0.79842845484956915     
    12813660           1   1.0807387047467232     
    12813660           2  0.79159359245916783     
    12813660           3   1.1276677027941089     
    12815935           1   1.0652348061253378     
    12815935           2   1.2122436471850333     
    12815935           3  0.72252154668962842     
    12818553           1   1.2538799334541402     
    12818553           2  0.88065255439833012     
    12818553           3  0.86546751214752937     
    12822892           1   5.0690846318019935E-002
    12822892           2   1.3625345741875801     
    12822892           3   1.5867745794943999     
    12823433           1   1.0635628014479857     
    12823433           2  0.79330651332059920     
    12823433           3   1.1431306852314154     
    12826782           1   1.4385399415170579     
    12826782           2  0.94127462352714841     
    12826782           3  0.62018543495579370     
    12828856           1  0.94143146670137445     
    12828856           2  0.89465128610351274     
    12828856           3   1.1639172471951127     
    12829068           1  0.77746062799168869     
    12829068           2  0.80439937581584753     
    12829068           3   1.4181399961924639     
    12829939           1  0.69678820819784959     
    12829939           2   1.1918830183829614     
    12829939           3   1.1113287734191892     
    12832647           1  0.77045253308894035     
    12832647           2   1.3188655120204378     
    12832647           3  0.91068195489062176     
    12832709           1   1.2208147839831087     
    12832709           2  0.88170604785215412     
    12832709           3  0.89747916816473727     
    12833400           1   1.0422915811047679     
    12833400           2   1.0055215972945335     
    12833400           3  0.95218682160069856     
    12833456           1  0.72454536232676547     
    12833456           2   1.2884150384194215     
    12833456           3  0.98703959925381302     
    12834762           1  0.96420366291438930     
    12834762           2  0.31605039993697831     
    12834762           3   1.7197459371486326     
    12838503           1   1.2908701917853609     
    12838503           2  0.67191680975082746     
    12838503           3   1.0372129984638119     
    12839008           1   1.2126334627497124     
    12839008           2  0.59015992811618478     
    12839008           3   1.1972066091341029     
    12840903           1   1.0869216104842627     
    12840903           2   1.0582073750572012     
    12840903           3  0.85487101445853597     
    12841061           1   1.2588743614406555     
    12841061           2  0.18698499547151420     
    12841061           3   1.5541406430878304     
    12842843           1  0.62088705587489168     
    12842843           2   1.1161857181162944     
    12842843           3   1.2629272260088140     
    12843338           1   1.0260742025508189     
    12843338           2  0.71835553854297296     
    12843338           3   1.2555702589062081     
    12843394           1   1.4812405225081984     
    12843394           2  0.81706594668742016     
    12843394           3  0.70169353080438135     
    12850219           1   1.4112082234001553     
    12850219           2  0.57810468811311355     
    12850219           3   1.0106870884867312     
    12850468           1  0.55752309703149272     
    12850468           2   1.4858473311846276     
    12850468           3  0.95662957178387975     
    12852042           1   1.1613310191189326     
    12852042           2  0.53605953738326328     
    12852042           3   1.3026094434978039     
    12852452           1   1.4491426035069939     
    12852452           2  0.59364459400140990     
    12852452           3  0.95721280249159602     
    12853549           1  0.48802262377334898     
    12853549           2   1.6415224309914651     
    12853549           3  0.87045494523518541     
    12854825           1  0.39530813063567261     
    12854825           2   1.3272653312275711     
    12854825           3   1.2774265381367560     
    12856177           1  0.87580549309123035     
    12856177           2   1.4326970197657507     
    12856177           3  0.69149748714301951     
    12857743           1   1.2495125956194668     
    12857743           2  0.32249000767618280     
    12857743           3   1.4279973967043504     
    12857903           1  0.53898684308649614     
    12857903           2   1.2760164754285104     
    12857903           3   1.1849966814849935     
    12858203           1   1.1026635036695707     
    12858203           2  0.36914868380163318     
    12858203           3   1.5281878125287962     
    12858549           1   1.2733065875809357     
    12858549           2  0.64112090889866780     
    12858549           3   1.0855725035203967     
    12858694           1   1.3054360584605007     
    12858694           2  0.67949855633533862     
    12858694           3   1.0150653852041605     
    12859644           1   1.6479351887073534     
    12859644           2  0.66767887807300130     
    12859644           3  0.68438593321964525     
    12859954           1  0.71354132417647165     
    12859954           2   1.4409298700443864     
    12859954           3  0.84552880577914213     
    12860473           1  0.98454646441457450     
    12860473           2   1.0805428393640335     
    12860473           3  0.93491069622139222     
    12861147           1   1.4890546629341777     
    12861147           2  0.18414893671632901     
    12861147           3   1.3267964003494936     
    12863858           1   1.0968818994329563     
    12863858           2  0.90483907191295121     
    12863858           3  0.99827902865409257     
    12865475           1   1.2122201945461426     
    12865475           2  0.68055284644290570     
    12865475           3   1.1072269590109520     
    12866544           1   1.1366911213555251     
    12866544           2   1.2322495526038635     
    12866544           3  0.63105932604061088     
    12867629           1  0.94384727292697490     
    12867629           2  0.80833233709595143     
    12867629           3   1.2478203899770739     
    12870831           1  0.56281053958406657     
    12870831           2   1.0421545514588273     
    12870831           3   1.3950349089571066     
    12872889           1  0.59190400104372498     
    12872889           2   1.6607658953328117     
    12872889           3  0.74733010362346330     
    12872961           1   1.5522910424116434     
    12872961           2  0.87699731131988434     
    12872961           3  0.57071164626847259     
    12875076           1   1.2731715272822477     
    12875076           2  0.20264109237456765     
    12875076           3   1.5241873803431849     
    12882151           1  0.73604720301525273     
    12882151           2   1.0517856524798939     
    12882151           3   1.2121671445048534     
    12882584           1  0.89334997821526796     
    12882584           2   1.2265598320320694     
    12882584           3  0.88009018975266251     
    12884225           1  0.86312713300532173     
    12884225           2   1.4169734649032752     
    12884225           3  0.71989940209140324     
    12885430           1   1.5001065514277132     
    12885430           2  0.64694325780581330     
    12885430           3  0.85295019076647371     
    12886105           1   1.1243840353790118     
    12886105           2   1.5112467086279222     
    12886105           3  0.36436925599306591     
    12886335           1   1.0821966892872281     
    12886335           2  0.62584405853884495     
    12886335           3   1.2919592521739274     
    12887750           1   1.6723907267946569     
    12887750           2  0.91358648652823859     
    12887750           3  0.41402278667710452     
    12887843           1  0.92634272502760628     
    12887843           2  0.88855080778757900     
    12887843           3   1.1851064671848146     
    12895700           1   1.2298528163618816     
    12895700           2  0.85100591189958796     
    12895700           3  0.91914127173853033     
    12898832           1  0.71526654220207786     
    12898832           2   1.2719150758097035     
    12898832           3   1.0128183819882188     
    12901979           1   1.2673836557450486     
    12901979           2   3.4622680693166999E-002
    12901979           3   1.6979936635617845     
    12902228           1   1.0458881045099291     
    12902228           2  0.99863946528228420     
    12902228           3  0.95547243020778627     
    12903630           1  0.87813612934789620     
    12903630           2   1.0716704807561643     
    12903630           3   1.0501933898959395     
    12904129           1  0.73906820390455796     
    12904129           2   1.2830520875171769     
    12904129           3  0.97787970857826501     
    12904735           1  0.97584991323682391     
    12904735           2   1.0043392226851628     
    12904735           3   1.0198108640780139     
    12905025           1   1.0425202206473339     
    12905025           2  0.88637440129468159     
    12905025           3   1.0711053780579844     
    12906009           1  0.37961791374231063     
    12906009           2   1.3479063296380029     
    12906009           3   1.2724757566196865     
    12907649           1   1.0826187967050953     
    12907649           2  0.62929440424064331     
    12907649           3   1.2880867990542617     
    12907845           1  0.20759282799715606     
    12907845           2   1.7213146052716617     
    12907845           3   1.0710925667311821     
    12908365           1  0.49969119374508419     
    12908365           2   1.3008881405273629     
    12908365           3   1.1994206657275530     
    12908932           1   1.0612107647269036     
    12908932           2  0.39599866620665541     
    12908932           3   1.5427905690664405     
    12909226           1  0.53760191987354211     
    12909226           2   1.1734694680576740     
    12909226           3   1.2889286120687842     
    12910182           1   1.0767440458820288     
    12910182           2  0.74123815095775547     
    12910182           3   1.1820178031602158     
    12913955           1  0.66687952987595644     
    12913955           2   1.3494638589999137     
    12913955           3  0.98365661112412983     
    12914240           1   1.4435237704084023     
    12914240           2  0.60315533306579572     
    12914240           3  0.95332089652580165     
    12917385           1   1.1304328860626036     
    12917385           2  0.93118156220118020     
    12917385           3  0.93838555173621663     
    12918408           1  0.97983748605019516     
    12918408           2   1.1105955007767430     
    12918408           3  0.90956701317306177     
    12918938           1   1.2388029467784747     
    12918938           2  0.87700240088104575     
    12918938           3  0.88419465234047934     
    12919392           1   1.8125284081272253     
    12919392           2  0.80348290717773940     
    12919392           3  0.38398868469503572     
    12921727           1   1.5548888893889825     
    12921727           2   1.1329341715300960     
    12921727           3  0.31217693908092192     
    12921936           1   1.8169023790307366     
    12921936           2  0.80014770353025022     
    12921936           3  0.38294991743901308     
    12921939           1   1.3414282914938551     
    12921939           2  0.56201926959418291     
    12921939           3   1.0965524389119619     
    12926140           1   1.3456124342750171     
    12926140           2  0.44492749938631032     
    12926140           3   1.2094600663386730     
    12926849           1   1.0577162007091350     
    12926849           2  0.79815929609330560     
    12926849           3   1.1441245031975593     
    12928728           1  0.58947747913653836     
    12928728           2   1.5440615994716389     
    12928728           3  0.86646092139182274     
    12929569           1   1.8105796842346584     
    12929569           2   1.0640241786102544     
    12929569           3  0.12539613715508657     
    12930853           1   1.0520756544120264     
    12930853           2   1.1785173539204878     
    12930853           3  0.76940699166748572     
    12931804           1   1.5389324594471103     
    12931804           2  0.89888143821035649     
    12931804           3  0.56218610234253374     
    12931921           1  0.98918596821448046     
    12931921           2  0.59538906813605352     
    12931921           3   1.4154249636494658     
    12933485           1   1.1666003926711457     
    12933485           2  0.75324525067728598     
    12933485           3   1.0801543566515686     
    12933616           1  0.69827776143149256     
    12933616           2   1.4057138166839691     
    12933616           3  0.89600842188453833     
    12934159           1  0.91283115824268679     
    12934159           2   1.2225256055114304     
    12934159           3  0.86464323624588335     
    12934932           1   1.1854488273998647     
    12934932           2   1.0952561322184662     
    12934932           3  0.71929504038166925     
    12935884           1   1.2260023867254353     
    12935884           2  0.78783657126748563     
    12935884           3  0.98616104200707944     
    12936041           1   1.1536766358645980     
    12936041           2   1.0424398718282564     
    12936041           3  0.80388349230714551     
    12936560           1   1.1347762290022045     
    12936560           2  0.85762323525563267     
    12936560           3   1.0076005357421622     
    12937143           1   1.2185708346970765     
    12937143           2   1.0310132398217080     
    12937143           3  0.75041592548121494     
    12937180           1   1.2257972499809691     
    12937180           2  0.84981816363601403     
    12937180           3  0.92438458638301724     
    12937317           1  0.91574734006884673     
    12937317           2   1.2307271143781695     
    12937317           3  0.85352554555298432     
    12937893           1   1.1934459734686973     
    12937893           2  0.23891562441419245     
    12937893           3   1.5676384021171101     
    12938304           1   1.1277573786241384     
    12938304           2  0.74415951173885098     
    12938304           3   1.1280831096370105     
    12938339           1  0.75184798404705389     
    12938339           2   1.1323317432446935     
    12938339           3   1.1158202727082529     
    12938781           1  0.75297592368969490     
    12938781           2  0.99185370303572529     
    12938781           3   1.2551703732745798     
    12939212           1  0.99988947422422780     
    12939212           2   1.2651090997532746     
    12939212           3  0.73500142602249763     
    12941202           1   1.0446079881243657     
    12941202           2  0.75883320784677089     
    12941202           3   1.1965588040288639     
    12941421           1   1.1645073315272758     
    12941421           2  0.60947243877415636     
    12941421           3   1.2260202296985676     
    12941444           1  0.96230168279247408     
    12941444           2  0.99857051266721641     
    12941444           3   1.0391278045403092     
    12941888           1   1.2203084688658585     
    12941888           2  0.83140304519473918     
    12941888           3  0.94828848593940251     
    12942134           1   1.0795763375287328     
    12942134           2  0.87821816374104777     
    12942134           3   1.0422054987302194     
    12943972           1  0.69148214578675604     
    12943972           2   1.3975849269180363     
    12943972           3  0.91093292729520792     
    12944044           1   1.1127299292914987     
    12944044           2  0.65011818254721476     
    12944044           3   1.2371518881612860     
    12944553           1   1.5647708995795271     
    12944553           2   1.0412840526785563     
    12944553           3  0.39394504774191691     
    12944876           1   1.1532609282908264     
    12944876           2  0.53233445893040532     
    12944876           3   1.3144046127787683     
    12945914           1  0.92240100406452297     
    12945914           2   1.1027435119018663     
    12945914           3  0.97485548403361133     
    12947256           1   1.1011455131596466     
    12947256           2  0.77983156210750038     
    12947256           3   1.1190229247328531     
    12947866           1  0.55901325679867164     
    12947866           2   1.4138109557218206     
    12947866           3   1.0271757874795078     
    12948561           1  0.89307777013832423     
    12948561           2   1.2738018189165059     
    12948561           3  0.83312041094516986     
    12948601           1   1.0549787060232112     
    12948601           2   1.1767609732320605     
    12948601           3  0.76826032074472816     
    12950727           1  0.80923900384727487     
    12950727           2  0.69567528045169436     
    12950727           3   1.4950857157010309     
    12950734           1  0.74211472056601779     
    12950734           2   1.2759746481217289     
    12950734           3  0.98191063131225376     
    12951126           1   2.0249081350191220     
    12951126           2  0.72186343006343057     
    12951126           3  0.25322843491744751     
    12951813           1   1.0408518925910422     
    12951813           2  0.96238755182499025     
    12951813           3  0.99676055558396770     
    12952143           1   1.4647746666636536     
    12952143           2  0.37999952284893396     
    12952143           3   1.1552258104874122     
    12952653           1   1.5721930132648207     
    12952653           2   1.0274116214331501     
    12952653           3  0.40039536530202913     
    12953011           1   1.1433996799694570     
    12953011           2  0.96655590714473805     
    12953011           3  0.89004441288580505     
    12953841           1  0.96228021594051005     
    12953841           2  0.68670591686624605     
    12953841           3   1.3510138671932437     
    12955366           1   1.1036099507630044     
    12955366           2  0.51524798866196597     
    12955366           3   1.3811420605750298     
    12955464           1   1.4405833396183594     
    12955464           2  0.61776112117410253     
    12955464           3  0.94165553920753764     
    12956344           1  0.75575708519077711     
    12956344           2   1.4763510059106622     
    12956344           3  0.76789190889856118     
    12957380           1   1.5728574367488009     
    12957380           2  0.60447098610696237     
    12957380           3  0.82267157714423655     
    12957841           1  0.83212204416143831     
    12957841           2   1.3408198592540026     
    12957841           3  0.82705809658455953     
    12958193           1   1.1820760256352609     
    12958193           2  0.63403326480538325     
    12958193           3   1.1838907095593560     
    12958707           1   1.2080391874982728     
    12958707           2  0.73251252915351617     
    12958707           3   1.0594482833482111     
    12959253           1   1.6014712393480910     
    12959253           2   1.0465446346695040     
    12959253           3  0.35198412598240492     
    12959678           1  0.83312860007725265     
    12959678           2   1.1238688263142724     
    12959678           3   1.0430025736084749     
    12960299           1  0.96388323511142338     
    12960299           2  0.96461023784244748     
    12960299           3   1.0715065270461293     
    12960845           1  0.95768766143513329     
    12960845           2   1.0070048920859269     
    12960845           3   1.0353074464789402     
    12961235           1  0.99794585665908697     
    12961235           2  0.59279532165549087     
    12961235           3   1.4092588216854225     
    12961754           1  0.57592065614867882     
    12961754           2   1.5558617562204333     
    12961754           3  0.86821758763088819     
    12962302           1   1.2580957288740302     
    12962302           2  0.37109346594765152     
    12962302           3   1.3708108051783177     
    12962643           1   1.1969401115016214     
    12962643           2  0.76128801666959756     
    12962643           3   1.0417718718287812     
    12962755           1   1.8839271290469952     
    12962755           2   1.0475655030721165     
    12962755           3   6.8507367880888556E-002
    12963550           1  0.53277486192612344     
    12963550           2   1.0470530727402336     
    12963550           3   1.4201720653336425     
    12963621           1   1.7620583510896455     
    12963621           2  0.67854531784967553     
    12963621           3  0.55939633106067932     
    12964277           1   1.1885746695550068     
    12964277           2  0.25018557833236538     
    12964277           3   1.5612397521126280     
    12965093           1   1.0606983029948851     
    12965093           2  0.77763067108091033     
    12965093           3   1.1616710259242042     
    12965206           1  0.19349901788135263     
    12965206           2   1.2884507405370067     
    12965206           3   1.5180502415816406     
    12966340           1  0.81351888380800619     
    12966340           2   1.3661967218999664     
    12966340           3  0.82028439429202715     
    12966483           1   1.3829921945150829     
    12966483           2  0.43619292609021681     
    12966483           3   1.1808148793947006     
    12966599           1   1.3167647770929083     
    12966599           2  0.67268919816759376     
    12966599           3   1.0105460247394980     
    12966676           1   1.2228473221142477     
    12966676           2  0.88618248196155858     
    12966676           3  0.89097019592419380     
    12967195           1   1.4641826982528610     
    12967195           2   1.0559866059941414     
    12967195           3  0.47983069575299780     
    12967311           1  0.62199255462704950     
    12967311           2   1.3368846234450393     
    12967311           3   1.0411228219279107     
    12968298           1  0.87992840764854718     
    12968298           2   1.0677347548039569     
    12968298           3   1.0523368375474960     
    12968855           1   1.4108171791972264     
    12968855           2  0.56412807805103637     
    12968855           3   1.0250547427517371     
    12969508           1   1.2448407043751490     
    12969508           2  0.61765715610267391     
    12969508           3   1.1375021395221767     
    12969688           1  0.95532102125720719     
    12969688           2  0.68905114617747554     
    12969688           3   1.3556278325653175     
    12969750           1   1.6352620337518484     
    12969750           2  0.94711301251968050     
    12969750           3  0.41762495372847119     
    12970166           1   1.0045305877437076     
    12970166           2   1.0450881038541027     
    12970166           3  0.95038130840218948     
    12970852           1  0.49935272947530496     
    12970852           2   1.6050058195805552     
    12970852           3  0.89564145094413961     
    12971328           1   1.4747624072160477     
    12971328           2  0.91097466946484273     
    12971328           3  0.61426292331910948     
    12972062           1   1.0818595210736563     
    12972062           2  0.94010365791821437     
    12972062           3  0.97803682100812950     
    12972480           1   1.1363499301333040     
    12972480           2  0.84377199658098212     
    12972480           3   1.0198780732857138     
    12972514           1  0.70443419178475919     
    12972514           2   1.4237628757918466     
    12972514           3  0.87180293242339424     
    12972590           1  0.91246082524310945     
    12972590           2   1.1546487979515678     
    12972590           3  0.93289037680532283     
    12972670           1   4.6559894870756575E-002
    12972670           2   1.8755215883145839     
    12972670           3   1.0779185168146594     
    12973198           1  0.61692360522430223     
    12973198           2   1.0628444277070415     
    12973198           3   1.3202319670686564     
    12973835           1   1.2206103942971624     
    12973835           2  0.70891639567962306     
    12973835           3   1.0704732100232144     
    12974050           1   1.0795132598832808     
    12974050           2  0.80530822065691998     
    12974050           3   1.1151785194597990     
    12974133           1  0.20933394442410796     
    12974133           2   1.2852556352546880     
    12974133           3   1.5054104203212038     
    12974543           1   1.0689147976461768     
    12974543           2  0.76041551607151603     
    12974543           3   1.1706696862823067     
    12974843           1  0.87922973990495423     
    12974843           2   1.4434086976981260     
    12974843           3  0.67736156239691991     
    12975366           1   1.2539501029775197     
    12975366           2  0.87187174030126036     
    12975366           3  0.87417815672121923     
    12975422           1   1.3259578195412243     
    12975422           2  0.74666479049278422     
    12975422           3  0.92737738996599139     
    12975436           1  0.91462431037198344     
    12975436           2   1.2519672755907827     
    12975436           3  0.83340841403723376     
    12975477           1  0.93026851355075302     
    12975477           2   1.0865610886909740     
    12975477           3  0.98317039775827308     
    12975627           1   1.1822663925260690     
    12975627           2  0.39689348887097409     
    12975627           3   1.4208401186029564     
    12975705           1  0.89959014815523730     
    12975705           2   1.2422012161421541     
    12975705           3  0.85820863570260875     
    12976734           1  0.93237742318360428     
    12976734           2  0.88604714234571791     
    12976734           3   1.1815754344706775     
    12976738           1  0.89223704988901087     
    12976738           2   1.2272078149275678     
    12976738           3  0.88055513518342132     
    12976828           1  0.68917981549926699     
    12976828           2  0.61975367722136598     
    12976828           3   1.6910665072793665     
    12976836           1   1.5411548341582184     
    12976836           2  0.89751418356872137     
    12976836           3  0.56133098227306055     
    12976864           1  0.87278951913257929     
    12976864           2   1.4308227056820508     
    12976864           3  0.69638777518536965     
    12977715           1   1.0946447827218675     
    12977715           2  0.36646418370367378     
    12977715           3   1.5388910335744590     
    12977869           1  0.20356928726681792     
    12977869           2   1.6879522801332840     
    12977869           3   1.1084784325998982     
    12978370           1   1.4847857876702066     
    12978370           2  0.57439370591850936     
    12978370           3  0.94082050641128401     
    12978711           1   1.5753613570620486     
    12978711           2   1.0294821008275394     
    12978711           3  0.39515654211041146     
    12978738           1   1.1602374578996770     
    12978738           2  0.61669620858027363     
    12978738           3   1.2230663335200491     
    12979004           1   1.5152346169974769     
    12979004           2  0.65346746104636855     
    12979004           3  0.83129792195615460     
    12979073           1   1.1034213334452472     
    12979073           2  0.78223820995742666     
    12979073           3   1.1143404565973265     
    12979286           1   1.1909976207528097     
    12979286           2  0.23842548935076574     
    12979286           3   1.5705768898964243     
    12979340           1   1.1096601140780273     
    12979340           2  0.84768459369230043     
    12979340           3   1.0426552922296721     
    12979512           1   1.4156917853673836     
    12979512           2  0.23694407676044407     
    12979512           3   1.3473641378721724     
    12979604           1   1.1217742486668503     
    12979604           2  0.36543046809458352     
    12979604           3   1.5127952832385663     
    12980035           1  0.61259490362659297     
    12980035           2   1.1012786882073606     
    12980035           3   1.2861264081660460     
    12980063           1  0.65503379778412529     
    12980063           2   1.3787822112033594     
    12980063           3  0.96618399101251484     
    12980242           1  0.74174492813914639     
    12980242           2   1.4231559142662078     
    12980242           3  0.83509915759464604     
    12980649           1  0.88513066077975244     
    12980649           2   1.0563109471000978     
    12980649           3   1.0585583921201500     
    12980816           1   1.2147727368809480     
    12980816           2  0.84124053451106873     
    12980816           3  0.94398672860798294     
    12980909           1  0.92432794771414140     
    12980909           2  0.79161554167745540     
    12980909           3   1.2840565106084032     
    12981016           1  0.86666200054508824     
    12981016           2   1.3271876405943162     
    12981016           3  0.80615035886059538     
    12981645           1  0.45567906063830799     
    12981645           2   1.2240482359712808     
    12981645           3   1.3202727033904111     
    12982619           1   1.6483193204655671     
    12982619           2  0.93015108273725078     
    12982619           3  0.42152959679718199     
    12982677           1   1.1945058057903553     
    12982677           2  0.69950223820165880     
    12982677           3   1.1059919560079856     
    12982899           1   1.1676762737857493     
    12982899           2  0.49784120882164840     
    12982899           3   1.3344825173926018     
    12982937           1  0.74849437748325753     
    12982937           2   1.2995049100731666     
    12982937           3  0.95200071244357565     
    12983171           1  0.91334329124243407     
    12983171           2   1.2540104339981180     
    12983171           3  0.83264627475944775     
    12983336           1   1.1570964321747075     
    12983336           2  0.61732505092641776     
    12983336           3   1.2255785168988744     
    12983484           1  0.32204497631659756     
    12983484           2   1.6965111688407477     
    12983484           3  0.98144385484265484     
    12983671           1   1.1268842772190617     
    12983671           2   1.2475008841081550     
    12983671           3  0.62561483867278334     
    12984759           1   1.1284781651661016     
    12984759           2   1.3670246271721362     
    12984759           3  0.50449720766176209     
    12984845           1   1.2151991915576732     
    12984845           2  0.39601826386838934     
    12984845           3   1.3887825445739372     
    12985212           1   1.5545375591881820     
    12985212           2   1.1332096063994663     
    12985212           3  0.31225283441235147     
    12985408           1   1.2157171380350427     
    12985408           2  0.68251606637269080     
    12985408           3   1.1017667955922670     
    12985713           1   1.2702870381657783     
    12985713           2  0.34561860587129389     
    12985713           3   1.3840943559629275     
    12986104           1  0.95571536770651366     
    12986104           2  0.47035181494182748     
    12986104           3   1.5739328173516591     
    12986143           1   1.2946374325819598     
    12986143           2  0.98764671412572191     
    12986143           3  0.71771585329231857     
    12986145           1  0.94902798711818259     
    12986145           2  0.89134984791922345     
    12986145           3   1.1596221649625944     
    12986211           1  0.90253696619549251     
    12986211           2  0.88645370675153978     
    12986211           3   1.2110093270529676     
    12986344           1  0.60147483258848988     
    12986344           2   1.0048816878162994     
    12986344           3   1.3936434795952104     
    12986351           1   1.3494167591176414     
    12986351           2  0.44618540151025582     
    12986351           3   1.2043978393721029     
    12986375           1   1.2371766457710152     
    12986375           2  0.87903712199277317     
    12986375           3  0.88378623223621167     
    12986687           1   1.1632099480513800     
    12986687           2  0.82344425967099888     
    12986687           3   1.0133457922776210     
    12986735           1   1.3525463750853866     
    12986735           2  0.93996298788197197     
    12986735           3  0.70749063703264137     
    12986890           1   1.7509816268661602     
    12986890           2  0.68461673435430115     
    12986890           3  0.56440163877953864     
    12987321           1  0.97774159305602348     
    12987321           2  0.69773952118673621     
    12987321           3   1.3245188857572403     
    12987459           1  0.98061798294900759     
    12987459           2   1.0422929261946938     
    12987459           3  0.97708909085629847     
    12987677           1   1.5256517486453789     
    12987677           2  0.65796000397865007     
    12987677           3  0.81638824737597082     
    12987831           1  0.98503533869786386     
    12987831           2   1.0990878461911398     
    12987831           3  0.91587681511099595     
    12988236           1   1.0800169379126736     
    12988236           2  0.79306846746277870     
    12988236           3   1.1269145946245478     
    12988247           1   1.1861511649773584     
    12988247           2  0.57693980418052127     
    12988247           3   1.2369090308421204     
    12988394           1   1.5630793126645819     
    12988394           2  0.60861254313122992     
    12988394           3  0.82830814420418819     
    12989073           1   1.2271957640905029     
    12989073           2  0.64556184034248143     
    12989073           3   1.1272423955670154     
    12989413           1  0.98136610106785926     
    12989413           2  0.91366282105008967     
    12989413           3   1.1049710778820514     
    12989486           1  0.31185841794261543     
    12989486           2   1.6969667448600601     
    12989486           3  0.99117483719732435     
    12990020           1  0.98057347408948259     
    12990020           2  0.95343814297076790     
    12990020           3   1.0659883829397494     
    12990122           1  0.20747827005644043     
    12990122           2   1.2663960680473256     
    12990122           3   1.5261256618962340     
    12990201           1   1.2411900602820016     
    12990201           2  0.90210137862370399     
    12990201           3  0.85670856109429439     
    12990499           1   1.4333060084114420     
    12990499           2  0.24418671251345367     
    12990499           3   1.3225072790751049     
    12990671           1  0.95986674020078233     
    12990671           2  0.96321447781262615     
    12990671           3   1.0769187819865909     
    12990678           1   1.1524389385179519     
    12990678           2  0.78051878373615269     
    12990678           3   1.0670422777458952     
    12990681           1   1.4030060570972007     
    12990681           2   1.0127125907441932     
    12990681           3  0.58428135215860599     
    12990778           1  0.70859048671624980     
    12990778           2   1.1871199981004430     
    12990778           3   1.1042895151833072     
    12991013           1   1.1744442821499690     
    12991013           2  0.82930347730839549     
    12991013           3  0.99625224054163553     
    12991115           1   1.2248260605042058     
    12991115           2   1.0209059432694942     
    12991115           3  0.75426799622630036     
    12991280           1  0.76679577509147645     
    12991280           2  0.70915311081284194     
    12991280           3   1.5240511140956812     
    12991387           1   1.5567347921451118     
    12991387           2  0.87457575055960401     
    12991387           3  0.56868945729528464     
    12991425           1   1.0176588729808300     
    12991425           2   1.0195392143536917     
    12991425           3  0.96280191266547843     
    12991541           1  0.98899240279733447     
    12991541           2   1.2317326920710949     
    12991541           3  0.77927490513157061     
    12991569           1  0.37948778392453947     
    12991569           2   1.3474442787212817     
    12991569           3   1.2730679373541789     
    12991584           1   1.1850012708763777     
    12991584           2  0.29996188757701681     
    12991584           3   1.5150368415466056     
    12991686           1  0.80276031814494275     
    12991686           2   1.2997541792892426     
    12991686           3  0.89748550256581472     
    12991729           1  0.97684429377591664     
    12991729           2  0.71413883121739752     
    12991729           3   1.3090168750066860     
    12991939           1   1.0565299538062878     
    12991939           2  0.61386037690939887     
    12991939           3   1.3296096692843131     
    12992128           1   1.1539733150364884     
    12992128           2   1.1299216103037348     
    12992128           3  0.71610507465977724     
    12992137           1   2.0252919488216907     
    12992137           2  0.72143161775325382     
    12992137           3  0.25327643342505551     
    12992166           1   1.4671052413359262     
    12992166           2  0.80926879509912941     
    12992166           3  0.72362596356494469     
    12992200           1   1.1057747345694511     
    12992200           2   1.5262408466224762     
    12992200           3  0.36798441880807264     
    12992206           1   1.0701101119649692     
    12992206           2  0.88254711020980214     
    12992206           3   1.0473427778252289     
    12992419           1  0.38683098299680813     
    12992419           2   1.2988029159702130     
    12992419           3   1.3143661010329788     
    12992448           1   1.4676064255332284     
    12992448           2  0.80954525292917856     
    12992448           3  0.72284832153759304     
    12992453           1   1.1975643611541886     
    12992453           2  0.76168505723607438     
    12992453           3   1.0407505816097369     
    12992484           1   1.0561735209593586     
    12992484           2  0.60000744279580098     
    12992484           3   1.3438190362448408     
    12992508           1   1.0619870412138617     
    12992508           2  0.39409383723712393     
    12992508           3   1.5439191215490147     
    12992583           1  0.76740504756783556     
    12992583           2   1.5203629605951254     
    12992583           3  0.71223199183703922     
    12992777           1   1.4697738152797111     
    12992777           2  0.81299697323201059     
    12992777           3  0.71722921148827845     
    12992779           1   1.2457290190483807     
    12992779           2   1.0764916353187712     
    12992779           3  0.67777934563284781     
    12992886           1   1.3232794928801894     
    12992886           2  0.62148073951392890     
    12992886           3   1.0552397676058820     
    12992933           1   1.6688138704508690     
    12992933           2  0.94044285314366127     
    12992933           3  0.39074327640546941     
    12992970           1   1.3795995902256031     
    12992970           2   1.3239660442922874     
    12992970           3  0.29643436548210944     
    12993002           1  0.56417017316572482     
    12993002           2   1.0337293769835005     
    12993002           3   1.4021004498507745     
    12993434           1   1.0802977802886893     
    12993434           2  0.62794526579279797     
    12993434           3   1.2917569539185125     
    12993672           1  0.70062083986560519     
    12993672           2   1.3019616563196941     
    12993672           3  0.99741750381470107     
    12993678           1   1.2269243203194611     
    12993678           2  0.78617306081880600     
    12993678           3  0.98690261886173325     
    12993753           1  0.95557126237156698     
    12993753           2  0.95629199585060920     
    12993753           3   1.0881367417778236     
    12993796           1   1.3498394806992065     
    12993796           2  0.55916907602741350     
    12993796           3   1.0909914432733800     
    12993817           1  0.89943446705289309     
    12993817           2  0.88340649431796614     
    12993817           3   1.2171590386291402     
    12994100           1  0.67509399743657861     
    12994100           2   1.3164155448413088     
    12994100           3   1.0084904577221123     
    12994229           1   1.4692462545007494     
    12994229           2  0.56026173082972597     
    12994229           3  0.97049201466952495     
    12994242           1   1.2956970495671492     
    12994242           2  0.77181223489093065     
    12994242           3  0.93249071554192042     
    12994299           1   1.4289576613109827     
    12994299           2  0.57138171478061994     
    12994299           3  0.99966062390839738     
    12994520           1   1.2020887116820138     
    12994520           2   1.0576453247791300     
    12994520           3  0.74026596353885632     
    12994522           1   1.1519888433772838     
    12994522           2  0.87283621878712536     
    12994522           3  0.97517493783559073     
    12994563           1  0.89880656966325856     
    12994563           2   1.2079594091779065     
    12994563           3  0.89323402115883455     
    12994630           1  0.97828610483149603     
    12994630           2   1.2350583013356562     
    12994630           3  0.78665559383284789     
    12994636           1  0.90698632237343702     
    12994636           2   1.4084688275925161     
    12994636           3  0.68454485003404697     
    12994707           1   1.0091163698358492     
    12994707           2   1.0899118259259264     
    12994707           3  0.90097180423822443     
    12994708           1  0.67598904022525641     
    12994708           2   1.1155732914325458     
    12994708           3   1.2084376683421978     
    12994781           1   1.0557723956348395     
    12994781           2   1.1753893001671927     
    12994781           3  0.76883830419796761     
    12994807           1   1.4829482811789574     
    12994807           2  0.89937924366783806     
    12994807           3  0.61767247515320500     
    12994823           1   1.1337483045168291     
    12994823           2   1.2833816741754558     
    12994823           3  0.58287002130771548     
    12994830           1   1.1344498729472932     
    12994830           2   1.0065602639985742     
    12994830           3  0.85898986305413227     
    12994853           1   1.5350281045193492     
    12994853           2  0.67432777133092126     
    12994853           3  0.79064412414972940     
    12994875           1   1.1966561178206658     
    12994875           2  0.60485069756043786     
    12994875           3   1.1984931846188966     
    12994908           1   1.0848404820511905     
    12994908           2   1.0561812257608072     
    12994908           3  0.85897829218800159     
    12994921           1  0.66934631806565725     
    12994921           2   1.4677582287480422     
    12994921           3  0.86289545318630068     
    12994984           1   1.2099303425635222     
    12994984           2   1.0559199628249236     
    12994984           3  0.73414969461155410     
    12995013           1   1.1138393342839314     
    12995013           2   1.0101186839774865     
    12995013           3  0.87604198173858228     
    12995029           1   1.1925204784543868     
    12995029           2  0.50395093646450162     
    12995029           3   1.3035285850811114     
    12995032           1   1.2284771644262000     
    12995032           2  0.24467443272317743     
    12995032           3   1.5268484028506226     
    12995050           1  0.95821240351359327     
    12995050           2   1.0184781712555728     
    12995050           3   1.0233094252308341     
    12995068           1  0.96139124087292682     
    12995068           2   1.0218569382685874     
    12995068           3   1.0167518208584860     
    12995093           1   1.2134924647861314     
    12995093           2  0.67811850027380682     
    12995093           3   1.1083890349400618     
    12995122           1   1.2128823997706102     
    12995122           2  0.61922607418369136     
    12995122           3   1.1678915260456990     
    12995222           1   1.2151547677802750     
    12995222           2  0.73682716709134533     
    12995222           3   1.0480180651283799     
    12995240           1   1.1282630980396700     
    12995240           2  0.49134916163585612     
    12995240           3   1.3803877403244740     
    12995314           1   1.1406002545091674     
    12995314           2  0.54210354215077017     
    12995314           3   1.3172962033400626     
    12995315           1   1.6174179954522909     
    12995315           2   1.0569656722948986     
    12995315           3  0.32561633225281061     
    12995370           1   1.6235802636840155     
    12995370           2   1.0609926498620579     
    12995370           3  0.31542708645392614     
    12995381           1  0.61366814747514786     
    12995381           2   1.0979521979673383     
    12995381           3   1.2883796545575137     
    12995513           1  0.65063148825953210     
    12995513           2   1.4483693551550381     
    12995513           3  0.90099915658543017     
    12995528           1   1.2599283346437211     
    12995528           2  0.62514324068463056     
    12995528           3   1.1149284246716487     
    12995544           1  0.83904019295824206     
    12995544           2   1.3270256626275321     
    12995544           3  0.83393414441422531     
    12995557           1  0.94297119322706469     
    12995557           2  0.80758204245440979     
    12995557           3   1.2494467643185252     
    12995599           1   1.0621870919818230     
    12995599           2  0.38284810921485285     
    12995599           3   1.5549647988033242     
    12995615           1   1.2004286677365752     
    12995615           2  0.68429240680873382     
    12995615           3   1.1152789254546909     
    12995653           1   1.0994821328182753     
    12995653           2  0.75689120943660104     
    12995653           3   1.1436266577451235     
    12995665           1  0.56064722618815233     
    12995665           2   1.0460077062499624     
    12995665           3   1.3933450675618853     
    12995747           1   1.1985971006183029     
    12995747           2   1.0741298784267548     
    12995747           3  0.72727302095494251     
    12995767           1  0.49396167193195029     
    12995767           2   1.6376413925460767     
    12995767           3  0.86839693552197317     
    12995783           1  0.47812282837119052     
    12995783           2   1.2132507560319477     
    12995783           3   1.3086264155968623     
    12995785           1   1.2170843759756569     
    12995785           2  0.40941116298410030     
    12995785           3   1.3735044610402432     
    12995814           1   1.2425829250169473     
    12995814           2  0.87512012996516242     
    12995814           3  0.88229694501789035     
    12995841           1  0.71319093435651182     
    12995841           2   1.2682241483659051     
    12995841           3   1.0185849172775832     
    12995843           1   1.0117709209590509     
    12995843           2  0.88752636426938136     
    12995843           3   1.1007027147715680     
    12995891           1   1.0782396824357803     
    12995891           2  0.79670015231478708     
    12995891           3   1.1250601652494323     
    12995922           1  0.79136693939350533     
    12995922           2   1.1440722766790936     
    12995922           3   1.0645607839274014     
    12995930           1   1.1576464814671332     
    12995930           2  0.61175057319007775     
    12995930           3   1.2306029453427891     
    12995987           1   1.3803843415179753     
    12995987           2  0.62445144373496497     
    12995987           3  0.99516421474705985     
    12996016           1  0.82069370729587743     
    12996016           2   1.3782458832955291     
    12996016           3  0.80106040940859369     
    12996063           1   1.0414016648815299     
    12996063           2  0.60507060515906674     
    12996063           3   1.3535277299594037     
    12996118           1   1.5814938049681619     
    12996118           2   1.0218114173297073     
    12996118           3  0.39669477770213069     
    12996130           1  0.75260047228794380     
    12996130           2   1.2613861096163417     
    12996130           3  0.98601341809571474     
    12996156           1  0.79517009187629939     
    12996156           2  0.83854529792756904     
    12996156           3   1.3662846101961317     
    12996186           1  0.38138788157220682     
    12996186           2   1.3402034459155536     
    12996186           3   1.2784086725122397     
    12996216           1  0.89566812649211469     
    12996216           2   1.4651895491031779     
    12996216           3  0.63914232440470720     
    12996235           1  0.95928271198240012     
    12996235           2  0.31681436069365787     
    12996235           3   1.7239029273239421     
    12996258           1  0.78475258532298919     
    12996258           2  0.94450473910763288     
    12996258           3   1.2707426755693774     
    12996265           1   1.4310468241663632     
    12996265           2  0.63112629870844139     
    12996265           3  0.93782687712519519     
    12996274           1   1.1440984717704110     
    12996274           2  0.59879097959235583     
    12996274           3   1.2571105486372331     
    12996347           1  0.70951489240337795     
    12996347           2   1.0641120153200898     
    12996347           3   1.2263730922765326     
    12996361           1   1.0868007504790442     
    12996361           2   1.4523236222742635     
    12996361           3  0.46087562724669218     
    12996368           1   1.5418400194066080     
    12996368           2   1.0714117797282827     
    12996368           3  0.38674820086510964     
    12996371           1  0.97040151896448223     
    12996371           2   1.0106460534799753     
    12996371           3   1.0189524275555428     
    12996420           1  0.95416091383548640     
    12996420           2  0.48061156921315173     
    12996420           3   1.5652275169513623     
    12996434           1  0.67374118808737882     
    12996434           2   1.1118636990295829     
    12996434           3   1.2143951128830384     
    12996438           1   1.4380070523270587     
    12996438           2  0.76380496121877961     
    12996438           3  0.79818798645416145     
    12996455           1  0.71231402854560855     
    12996455           2   1.2666647999899570     
    12996455           3   1.0210211714644342     
    12996474           1  0.73860638789606858     
    12996474           2   1.2366150003305569     
    12996474           3   1.0247786117733744     
    12996558           1  0.67269783699270902     
    12996558           2   1.2881840608761124     
    12996558           3   1.0391181021311784     
    12996580           1   1.4318992521201570     
    12996580           2  0.94527774379786600     
    12996580           3  0.62282300408197733     
    12996599           1  0.24790652306940172     
    12996599           2   1.7901062259488900     
    12996599           3  0.96198725098170823     
    12996661           1  0.92817331601289710     
    12996661           2   1.1883663403422136     
    12996661           3  0.88346034364489001     
    12996668           1   1.8114758902383417     
    12996668           2  0.80419507590582051     
    12996668           3  0.38432903385583789     
    12996670           1  0.88719994986665751     
    12996670           2   1.2202796465526133     
    12996670           3  0.89252040358072893     
    12996680           1  0.75469136821348470     
    12996680           2   1.3102638684887069     
    12996680           3  0.93504476329780861     
    12996723           1  0.52796554756351632     
    12996723           2   1.0445348346361425     
    12996723           3   1.4274996178003412     
    12996739           1   1.1041259276247768     
    12996739           2  0.78273771134736325     
    12996739           3   1.1131363610278595     
    12996786           1  0.90076445796329274     
    12996786           2   1.2118409239553030     
    12996786           3  0.88739461808140430     
    12996787           1  0.95507048860301402     
    12996787           2  0.55245538174326725     
    12996787           3   1.4924741296537190     
    12996808           1   1.1240936700625999     
    12996808           2  0.88601141933239513     
    12996808           3  0.98989491060500479     
    12996827           1  0.70343156935127293     
    12996827           2   1.1412124154777368     
    12996827           3   1.1553560151709903     
    12996830           1   1.2861642280902408     
    12996830           2  0.18405425028065417     
    12996830           3   1.5297815216291053     
    12996838           1   1.2071915905530923     
    12996838           2  0.65216020676346309     
    12996838           3   1.1406482026834439     
    12996844           1  0.67591619957566562     
    12996844           2   1.4821648182637384     
    12996844           3  0.84191898216059602     
    12996888           1   1.0459631712419322     
    12996888           2  0.80298906902861589     
    12996888           3   1.1510477597294519     
    12996893           1  0.49561834768137980     
    12996893           2   1.3147371359374700     
    12996893           3   1.1896445163811502     
    12996908           1  0.70474290487900215     
    12996908           2   1.3895568161572769     
    12996908           3  0.90570027896372118     
    12996912           1   1.6531501147672443     
    12996912           2  0.93161570510343472     
    12996912           3  0.41523418012932117     
    12996915           1  0.96091866496320055     
    12996915           2  0.47106313140915290     
    12996915           3   1.5680182036276462     
    12996918           1   1.2259902591541312     
    12996918           2  0.85775518505973758     
    12996918           3  0.91625455578613135     
    12996942           1  0.46107773065784691     
    12996942           2   1.2185240774514885     
    12996942           3   1.3203981918906647     
    12996958           1  0.54954386527938703     
    12996958           2  0.96688312307041091     
    12996958           3   1.4835730116502017     
    12996963           1  0.96406305387513380     
    12996963           2  0.81549899384322166     
    12996963           3   1.2204379522816442     
    12996967           1  0.61616787394083550     
    12996967           2   1.1183997716731018     
    12996967           3   1.2654323543860633     
    12996982           1   1.2280515432177017     
    12996982           2  0.78413913225674370     
    12996982           3  0.98780932452555514     
    12996984           1   1.2031417994414215     
    12996984           2  0.67905859337266572     
    12996984           3   1.1177996071859122     
    12996999           1   1.1939106572160543     
    12996999           2  0.70985872973970909     
    12996999           3   1.0962306130442367     
    12997003           1   1.0513825546303424     
    12997003           2  0.77403030129453188     
    12997003           3   1.1745871440751254     
    12997004           1  0.56209112548804019     
    12997004           2   1.0446571727042686     
    12997004           3   1.3932517018076911     
    12997005           1   1.0244629615189780     
    12997005           2  0.61480932223896356     
    12997005           3   1.3607277162420583     
    12997006           1  0.81979368070914105     
    12997006           2   1.3654015608823535     
    12997006           3  0.81480475840850530     
    12997016           1  0.87452898967392945     
    12997016           2   1.4306088361951810     
    12997016           3  0.69486217413088947     
    12997021           1  0.92733897667095933     
    12997021           2   1.2056608408376928     
    12997021           3  0.86700018249134780     
    12997031           1  0.51473199203495545     
    12997031           2   1.1843682590662687     
    12997031           3   1.3008997488987757     
    12997044           1  0.88605569658097338     
    12997044           2   1.2897543454885179     
    12997044           3  0.82418995793050842     
    12997053           1  0.29196295868901212     
    12997053           2   1.7095263261531122     
    12997053           3  0.99851071515787571     
    12997070           1   1.0381817839801171     
    12997070           2  0.91264904406696834     
    12997070           3   1.0491691719529144     
    12997074           1  0.94393266299732659     
    12997074           2   1.1960083421494552     
    12997074           3  0.86005899485321824     
    12997085           1  0.53290354386553618     
    12997085           2   1.5001756543203637     
    12997085           3  0.96692080181409990     
    12997086           1   1.3746638965223359     
    12997086           2  0.64491048225376812     
    12997086           3  0.98042562122389587     
    12997089           1  0.37927334564660925     
    12997089           2   1.6544091313829958     
    12997089           3  0.96631752297039508     
    12997104           1  0.85694193470818369     
    12997104           2   1.3367568211090866     
    12997104           3  0.80630124418272975     
    12997109           1   1.4501981522320413     
    12997109           2  0.40607211656262165     
    12997109           3   1.1437297312053369     
    12997115           1  0.39090140405351254     
    12997115           2   1.3459122644892951     
    12997115           3   1.2631863314571923     
    12997121           1   1.7741514512146257     
    12997121           2  0.82945003693462016     
    12997121           3  0.39639851185075420     
    12997125           1   1.0840960343331527     
    12997125           2  0.62694246682624244     
    12997125           3   1.2889614988406051     
    12997128           1   1.0373368202395217     
    12997128           2   1.1874345235673462     
    12997128           3  0.77522865619313241     
    12997131           1   1.1410184132089065     
    12997131           2   1.0044172003915088     
    12997131           3  0.85456438639958487     
    12997132           1  0.67089057733424995     
    12997132           2   1.1071593842682055     
    12997132           3   1.2219500383975443     
    12997135           1   1.2535992804145057     
    12997135           2  0.62382493760551405     
    12997135           3   1.1225757819799804     
    12997140           1   1.3833417020995513     
    12997140           2  0.62617496250746718     
    12997140           3  0.99048333539298161     
    12997144           1   1.4405261422966464     
    12997144           2  0.24306137421075966     
    12997144           3   1.3164124834925941     
    12997146           1   1.3528532374179008     
    12997146           2  0.56832362390372670     
    12997146           3   1.0788231386783724     
    12997153           1  0.54434441061953387     
    12997153           2   1.2588799566484892     
    12997153           3   1.1967756327319772     
    12997160           1   1.1115186124197691     
    12997160           2  0.86361082133597722     
    12997160           3   1.0248705662442539     
    12997167           1  0.58157634214083032     
    12997167           2   1.4691142199393137     
    12997167           3  0.94930943791985578     
    12997173           1   1.2688937140573560     
    12997173           2  0.97263163536309871     
    12997173           3  0.75847465057954533     
    12997178           1  0.96790591662467873     
    12997178           2  0.46754699670946465     
    12997178           3   1.5645470866658571     
    12997186           1   1.6228125508338294     
    12997186           2  0.93990250617425719     
    12997186           3  0.43728494299191406     
    12997189           1  0.92911190515810815     
    12997189           2   1.2297928752960754     
    12997189           3  0.84109521954581667     
    12997191           1   1.5556244387756575     
    12997191           2   1.1319044102908828     
    12997191           3  0.31247115093345978     
    12997198           1  0.48822834500674889     
    12997198           2   1.6409497778655067     
    12997198           3  0.87082187712774450     
    12997202           1   1.0282854703047535     
    12997202           2  0.68230668996944610     
    12997202           3   1.2894078397258004     
    12997203           1  0.78084260945388329     
    12997203           2  0.81152456522505079     
    12997203           3   1.4076328253210662     
    12997206           1   1.3721644506451371     
    12997206           2  0.62538781554224299     
    12997206           3   1.0024477338126196     
    12997207           1   1.6014823119854518     
    12997207           2  0.97055576478090888     
    12997207           3  0.42796192323363896     
    12997211           1  0.70458190835625867     
    12997211           2   1.3913203834473951     
    12997211           3  0.90409770819634661     
    12997218           1  0.99537160065250729     
    12997218           2   1.0747391712364818     
    12997218           3  0.92988922811101093     
    12997220           1   1.8190207782211139     
    12997220           2  0.79871499652678946     
    12997220           3  0.38226422525209691     
    12997221           1   1.1798147364193403     
    12997221           2  0.27045202947448638     
    12997221           3   1.5497332341061729     
    12997224           1   1.0309176142763501     
    12997224           2  0.97859337530040191     
    12997224           3  0.99048901042324788     
    12997226           1   1.1761634631112448     
    12997226           2  0.74931629958440771     
    12997226           3   1.0745202373043472     
    12997227           1  0.54773635412730448     
    12997227           2   1.5419314675364844     
    12997227           3  0.91033217833621149     
    12997228           1   1.2110511485525328     
    12997228           2   1.0019240727814105     
    12997228           3  0.78702477866605636     
    12997232           1  0.99565208542125250     
    12997232           2   1.1894727993401992     
    12997232           3  0.81487511523854861     
    12997236           1   1.2272319921608577     
    12997236           2  0.77721189856987927     
    12997236           3  0.99555610926926330     
    12997237           1  0.74506809501302185     
    12997237           2   1.1357465850856518     
    12997237           3   1.1191853199013264     
    12997238           1  0.86875114216348681     
    12997238           2   1.3397284010620039     
    12997238           3  0.79152045677450933     
    12997239           1  0.54411667819163378     
    12997239           2   1.2733566952107578     
    12997239           3   1.1825266265976082     
    12997241           1  0.82903579967375951     
    12997241           2   1.1259915968607739     
    12997241           3   1.0449726034654665     
    12997244           1   1.2060509236004751     
    12997244           2  0.76997081668185219     
    12997244           3   1.0239782597176728     
    12997245           1   1.4450671595849094     
    12997245           2  0.48132569118218160     
    12997245           3   1.0736071492329091     
    12997246           1   1.1979428962003775     
    12997246           2  0.23981586215118789     
    12997246           3   1.5622412416484344     
    12997248           1   1.0829298939913068     
    12997248           2  0.87801593653637500     
    12997248           3   1.0390541694723183     
    12997249           1  0.98629002500135210     
    12997249           2  0.82351850783767033     
    12997249           3   1.1901914671609777     
    12997254           1  0.58859691628256250     
    12997254           2   1.4619934212941770     
    12997254           3  0.94940966242326041     
    12997255           1   1.1685110412981317     
    12997255           2  0.49605242462127658     
    12997255           3   1.3354365340805916     
    12997256           1  0.90561673673105492     
    12997256           2  0.89906027974849911     
    12997256           3   1.1953229835204460     
    12997257           1   1.2328770688739064     
    12997257           2   1.0431175151156167     
    12997257           3  0.72400541601047685     
    12997258           1   1.1180093210767994     
    12997258           2  0.51133568876608382     
    12997258           3   1.3706549901571166     
    12997259           1  0.76832798895196308     
    12997259           2   1.3152287039489650     
    12997259           3  0.91644330709907240     
    12997260           1   1.1069477854183727     
    12997260           2  0.87041865433059329     
    12997260           3   1.0226335602510341     
    12997261           1   1.0854219648263783     
    12997261           2   1.1583424402481239     
    12997261           3  0.75623559492549763     
    12997263           1  0.99174903729375508     
    12997263           2  0.80921250054943761     
    12997263           3   1.1990384621568071     
    12997264           1  0.79669458386024694     
    12997264           2   1.5647848071975092     
    12997264           3  0.63852060894224438     
    12997265           1   1.0782428498290200     
    12997265           2  0.81899387974271942     
    12997265           3   1.1027632704282606     
    12997266           1  0.61618112452153595     
    12997266           2   1.1077257360352544     
    12997266           3   1.2760931394432096     
    12997267           1  0.63337485388187376     
    12997267           2   1.1103269370859383     
    12997267           3   1.2562982090321877     
    12997269           1  0.21438856566886591     
    12997269           2   1.2438510588530194     
    12997269           3   1.5417603754781144     
    12997271           1  0.98025600155058068     
    12997271           2   1.0160194738626012     
    12997271           3   1.0037245245868178     
    12997272           1  0.67375785971552371     
    12997272           2   1.3042939937765636     
    12997272           3   1.0219481465079125     
    12997273           1  0.78170629443846884     
    12997273           2  0.95248386092709736     
    12997273           3   1.2658098446344339     
    12997274           1  0.81790038533284182     
    12997274           2  0.78976309266466371     
    12997274           3   1.3923365220024944     
    12997275           1   1.1473930892479096     
    12997275           2  0.64460495082512337     
    12997275           3   1.2080019599269669     
    12997276           1   1.2244061449541295     
    12997276           2  0.40694608060636411     
    12997276           3   1.3686477744395062     
    12997277           1   1.5880994911001947     
    12997277           2   1.0378063376329092     
    12997277           3  0.37409417126689581     
    12997278           1   1.1349462199579108     
    12997278           2  0.88088563933865693     
    12997278           3  0.98416814070343228     
