    11334357           1   1.3965081708710929     
    11334357           2  0.42578902390920453     
    11334357           3   1.1777028052197025     
    11416533           1   1.4085743662987620     
    11416533           2  0.52610196078219318     
    11416533           3   1.0653236729190445     
    11590067           1  0.74156513094780518     
    11590067           2  0.74237704638300661     
    11590067           3   1.5160578226691885     
    11668480           1  0.93635837062242366     
    11668480           2  0.98011745682794105     
    11668480           3   1.0835241725496354     
    11675897           1  0.96389897071350783     
    11675897           2   1.1028928395025985     
    11675897           3  0.93320818978389364     
    11800741           1   1.1019327385455704     
    11800741           2   1.1233364404096271     
    11800741           3  0.77473082104480218     
    11802951           1   1.0158839974324294     
    11802951           2  0.77388717846430743     
    11802951           3   1.2102288241032630     
    11830990           1   1.4286848701071213     
    11830990           2  0.73343742406912626     
    11830990           3  0.83787770582375265     
    11914794           1  0.68110488376122258     
    11914794           2   1.0545158323857247     
    11914794           3   1.2643792838530525     
    11948343           1   1.4929692949844777     
    11948343           2  0.91936759799891599     
    11948343           3  0.58766310701660596     
    12051169           1   1.1948591271458038     
    12051169           2  0.81765738344680250     
    12051169           3  0.98748348940739339     
    12052599           1   1.1831816032843465     
    12052599           2  0.83580315214420908     
    12052599           3  0.98101524457144429     
    12054341           1  0.98212850892146719     
    12054341           2   1.3053805310315254     
    12054341           3  0.71249096004700718     
    12075740           1   1.0610777633927826     
    12075740           2  0.46233699600492401     
    12075740           3   1.4765852406022935     
    12078899           1  0.77575020482275847     
    12078899           2   1.3368927496122700     
    12078899           3  0.88735704556497108     
    12080495           1  0.85158099274859755     
    12080495           2   1.2191450505578270     
    12080495           3  0.92927395669357560     
    12081111           1   2.3339789781943350     
    12081111           2  0.45285571498388322     
    12081111           3  0.21316530682178225     
    12091800           1   1.1131349179442460     
    12091800           2  0.64034447841400732     
    12091800           3   1.2465206036417469     
    12105099           1   1.6753993593766412     
    12105099           2  0.88858929185786562     
    12105099           3  0.43601134876549330     
    12114460           1  0.90078924546626504     
    12114460           2  0.77172772722696359     
    12114460           3   1.3274830273067715     
    12116568           1   1.3452284284839089     
    12116568           2  0.93525502430983298     
    12116568           3  0.71951654720625791     
    12138654           1  0.68591762699936831     
    12138654           2  0.93692587548857975     
    12138654           3   1.3771564975120518     
    12184714           1   1.0228367169986321     
    12184714           2  0.96124013174828360     
    12184714           3   1.0159231512530842     
    12194711           1   1.4701271569411136     
    12194711           2  0.82822247975770047     
    12194711           3  0.70165036330118569     
    12197002           1   1.3363327469763604     
    12197002           2  0.72919152232211404     
    12197002           3  0.93447573070152545     
    12210095           1   1.2827208821761102     
    12210095           2  0.85832529799677004     
    12210095           3  0.85895381982711949     
    12238980           1   1.4443255299955757     
    12238980           2  0.53932330918278892     
    12238980           3   1.0163511608216356     
    12253442           1  0.91186047867386033     
    12253442           2   1.0246780203433743     
    12253442           3   1.0634615009827655     
    12261250           1  0.85960224840446464     
    12261250           2   1.3287732217440773     
    12261250           3  0.81162452985145817     
    12273257           1   1.0182336836994221     
    12273257           2  0.48375007237046230     
    12273257           3   1.4980162439301161     
    12274491           1   1.2123627206450638     
    12274491           2  0.81092516480546217     
    12274491           3  0.97671211454947426     
    12276897           1   1.7510044496574513     
    12276897           2  0.40860775488921447     
    12276897           3  0.84038779545333442     
    12292340           1  0.94633521576892032     
    12292340           2   1.3349846020772222     
    12292340           3  0.71868018215385721     
    12292414           1  0.93959703215342982     
    12292414           2  0.81636960345036025     
    12292414           3   1.2440333643962100     
    12292698           1  0.86305198100094038     
    12292698           2  0.95455286065279576     
    12292698           3   1.1823951583462644     
    12301802           1   1.3537772263190799     
    12301802           2  0.32643479856787094     
    12301802           3   1.3197879751130488     
    12303147           1   1.4913442934842045     
    12303147           2  0.46856747045968294     
    12303147           3   1.0400882360561126     
    12304841           1  0.15735186758137359     
    12304841           2  0.86763260503094908     
    12304841           3   1.9750155273876775     
    12310386           1  0.79818007076768061     
    12310386           2   1.2682047660301434     
    12310386           3  0.93361516320217597     
    12311281           1  0.65034253325918490     
    12311281           2   1.2167591978159575     
    12311281           3   1.1328982689248575     
    12342445           1   1.0982497463387293     
    12342445           2  0.56804059887653846     
    12342445           3   1.3337096547847320     
    12354653           1   1.1138488192136637     
    12354653           2   1.1388877490548110     
    12354653           3  0.74726343173152532     
    12355597           1  0.60832098596791173     
    12355597           2  0.78224674146896922     
    12355597           3   1.6094322725631192     
    12363310           1   1.3979596691607257     
    12363310           2   5.2416701991404727E-003
    12363310           3   1.5967986606401336     
    12369374           1   1.3116499674667386     
    12369374           2  0.60334352860635998     
    12369374           3   1.0850065039269019     
    12372332           1   2.0991531429752732     
    12372332           2  0.51716443085310504     
    12372332           3  0.38368242617162202     
    12386829           1  0.91436579283866515     
    12386829           2   1.0218128555475736     
    12386829           3   1.0638213516137616     
    12393259           1   1.0749866695697694     
    12393259           2  0.60050028275853207     
    12393259           3   1.3245130476716982     
    12399415           1   1.2701005076114258     
    12399415           2  0.96167431920643343     
    12399415           3  0.76822517318214067     
    12411698           1   2.0552446123647052     
    12411698           2  0.67650810432961994     
    12411698           3  0.26824728330567432     
    12432096           1   1.1230345187606550     
    12432096           2  0.49528575836839189     
    12432096           3   1.3816797228709534     
    12432285           1  0.12988057179674112     
    12432285           2   1.1018724600931087     
    12432285           3   1.7682469681101503     
    12432968           1   2.1143328925639158     
    12432968           2  0.34910794672187279     
    12432968           3  0.53655916071421161     
    12436163           1  0.69440812279290454     
    12436163           2  0.29141155519688694     
    12436163           3   2.0141803220102088     
    12449270           1   1.6011506468488135     
    12449270           2  0.62559896016343319     
    12449270           3  0.77325039298775311     
    12453715           1   1.9902608774569126     
    12453715           2  0.83607436531127444     
    12453715           3  0.17366475723181285     
    12463762           1  0.81527614398497406     
    12463762           2   1.5702420515767503     
    12463762           3  0.61448180443827582     
    12464978           1  0.55766085442946767     
    12464978           2  0.97834864567672253     
    12464978           3   1.4639904998938098     
    12470972           1  0.40977873239605866     
    12470972           2   1.0680877023818174     
    12470972           3   1.5221335652221242     
    12474922           1   1.0685987917806368     
    12474922           2  0.92662028200605595     
    12474922           3   1.0047809262133074     
    12480821           1   2.0783606810400306     
    12480821           2  0.75242730492508469     
    12480821           3  0.16921201403488456     
    12488822           1   1.0049200586639369     
    12488822           2   1.1711139373372952     
    12488822           3  0.82396600399876774     
    12492614           1  0.61411915446917342     
    12492614           2   1.0458857098763883     
    12492614           3   1.3399951356544386     
    12494769           1   1.2810950886154684     
    12494769           2  0.49701420160624388     
    12494769           3   1.2218907097782878     
    12495032           1  0.91581890054030368     
    12495032           2   1.2547687120743614     
    12495032           3  0.82941238738533496     
    12500085           1   1.2679168618302497     
    12500085           2  0.15229862144073383     
    12500085           3   1.5797845167290165     
    12508114           1  0.83215893262639185     
    12508114           2   1.3177531320376141     
    12508114           3  0.85008793533599369     
    12518167           1  0.95599321226451439     
    12518167           2   1.5471732652192929     
    12518167           3  0.49683352251619273     
    12524534           1   1.6201057970924373     
    12524534           2   1.0050389706886385     
    12524534           3  0.37485523221892408     
    12527177           1   1.3196707342567875     
    12527177           2  0.55520326327091574     
    12527177           3   1.1251260024722969     
    12536396           1  0.53495569167038470     
    12536396           2   1.0342329524741201     
    12536396           3   1.4308113558554953     
    12536799           1   1.0358802575151889     
    12536799           2  0.63679703985291869     
    12536799           3   1.3273227026318926     
    12537458           1   1.0890997082796692     
    12537458           2   1.2505000404246789     
    12537458           3  0.66040025129565150     
    12538051           1   1.4758468818592267     
    12538051           2   7.5770406089042716E-002
    12538051           3   1.4483827120517307     
    12538321           1   1.4585077201263523     
    12538321           2   3.6820990213753478E-002
    12538321           3   1.5046712896598942     
    12544743           1   1.0769438960240743     
    12544743           2   1.0950794917353466     
    12544743           3  0.82797661224057906     
    12546126           1  0.99372577503551129     
    12546126           2   1.1752616451976476     
    12546126           3  0.83101257976684106     
    12557957           1  0.93590760558623010     
    12557957           2   1.4306081562022628     
    12557957           3  0.63348423821150712     
    12559324           1   1.1204008477039094     
    12559324           2  0.77225668820202953     
    12559324           3   1.1073424640940608     
    12560041           1   1.3465973795859711     
    12560041           2  0.32122150172959668     
    12560041           3   1.3321811186844326     
    12560858           1  0.91040331699749244     
    12560858           2   1.1825595111478044     
    12560858           3  0.90703717185470301     
    12561731           1   2.2215548336122084     
    12561731           2  0.62007688759965329     
    12561731           3  0.15836827878813814     
    12563092           1  0.97225895211726421     
    12563092           2  0.74318086591685151     
    12563092           3   1.2845601819658845     
    12566459           1  0.91676178477132275     
    12566459           2   1.3092631661665124     
    12566459           3  0.77397504906216497     
    12567920           1   5.6144967379020035E-003
    12567920           2  0.91762786076691660     
    12567920           3   2.0767576424951812     
    12575041           1  0.47119599971399162     
    12575041           2  0.68206678511670427     
    12575041           3   1.8467372151693042     
    12583105           1   1.3739389123809860     
    12583105           2  0.74099999479613698     
    12583105           3  0.88506109282287704     
    12584481           1  0.98985662555235110     
    12584481           2  0.99369035936414740     
    12584481           3   1.0164530150835018     
    12595403           1  0.87463809506534174     
    12595403           2   1.5345926987095619     
    12595403           3  0.59076920622509599     
    12598369           1   1.4475349942017983     
    12598369           2  0.62240715761652998     
    12598369           3  0.93005784818167159     
    12598740           1   1.3866604361040027     
    12598740           2  0.61077776040647835     
    12598740           3   1.0025618034895190     
    12600638           1   1.4931544720758734     
    12600638           2  0.21772537288558858     
    12600638           3   1.2891201550385376     
    12600956           1  0.84293763876441685     
    12600956           2  0.84166662420510729     
    12600956           3   1.3153957370304761     
    12602990           1   1.9080989340385073     
    12602990           2  0.41750538999285131     
    12602990           3  0.67439567596864203     
    12604056           1  0.96905486439717436     
    12604056           2  0.64175707959586581     
    12604056           3   1.3891880560069596     
    12604224           1  0.84098335273664127     
    12604224           2   1.2285057500672265     
    12604224           3  0.93051089719613178     
    12605303           1  0.59082871817125493     
    12605303           2  0.88397136820079292     
    12605303           3   1.5251999136279519     
    12608427           1  0.77440155164145208     
    12608427           2   1.4905545735671781     
    12608427           3  0.73504387479136968     
    12610511           1   1.3834584999827015     
    12610511           2   1.0970482288034109     
    12610511           3  0.51949327121388700     
    12619833           1   1.2035125064006034     
    12619833           2  0.45740702914799619     
    12619833           3   1.3390804644514005     
    12620033           1   1.5980415222309865     
    12620033           2  0.68843330592060026     
    12620033           3  0.71352517184841324     
    12620852           1  0.31123548977403465     
    12620852           2  0.86027506107932017     
    12620852           3   1.8284894491466448     
    12629113           1   1.0414984061130550     
    12629113           2  0.82778253200923058     
    12629113           3   1.1307190618777139     
    12634162           1   1.3031881693879248     
    12634162           2  0.88710233733686017     
    12634162           3  0.80970949327521480     
    12635235           1   1.1148292752653417     
    12635235           2  0.25408027220462415     
    12635235           3   1.6310904525300340     
    12639604           1   1.2600508413765710     
    12639604           2  0.69285544385742415     
    12639604           3   1.0470937147660049     
    12642434           1  0.84192512635172290     
    12642434           2  0.94537153245224181     
    12642434           3   1.2127033411960355     
    12644121           1   1.2128917563466846     
    12644121           2  0.46407686595222386     
    12644121           3   1.3230313777010916     
    12645005           1   1.8318902253829317     
    12645005           2  0.87471640149658658     
    12645005           3  0.29339337312048208     
    12645210           1   1.0215179953516618     
    12645210           2  0.85183830628343948     
    12645210           3   1.1266436983648984     
    12648189           1   1.3776882938714774     
    12648189           2  0.73095292230795583     
    12648189           3  0.89135878382056699     
    12650652           1   2.0931858325128765     
    12650652           2  0.44993445918665537     
    12650652           3  0.45687970830046798     
    12651207           1   1.2242929066301724     
    12651207           2  0.24128147316034082     
    12651207           3   1.5344256202094866     
    12656282           1   1.1260817100877671     
    12656282           2  0.71689220903061923     
    12656282           3   1.1570260808816135     
    12657009           1   1.4369373526061047     
    12657009           2  0.89080544508443138     
    12657009           3  0.67225720230946417     
    12657468           1   1.3007017715538483     
    12657468           2  0.87097828475927996     
    12657468           3  0.82831994368687167     
    12658918           1   1.1905555655268454     
    12658918           2  0.78597443242420317     
    12658918           3   1.0234700020489518     
    12662410           1  0.99760184509097738     
    12662410           2   1.0850022204812317     
    12662410           3  0.91739593442779088     
    12663188           1   1.1065909524806536     
    12663188           2  0.50266980692494634     
    12663188           3   1.3907392405943999     
    12669149           1   1.1951587859767823     
    12669149           2   1.4397519908343288     
    12669149           3  0.36508922318888953     
    12670153           1  0.15108582437158591     
    12670153           2  0.71927678763567671     
    12670153           3   2.1296373879927373     
    12670797           1  0.86184206418499487     
    12670797           2   1.2744651438201284     
    12670797           3  0.86369279199487659     
    12672850           1   1.3770638263652220     
    12672850           2  0.54495244804715792     
    12672850           3   1.0779837255876203     
    12673894           1   1.9073348850960079     
    12673894           2  0.77977048190492637     
    12673894           3  0.31289463299906539     
    12674466           1   1.3803003253081658     
    12674466           2  0.45340822607197645     
    12674466           3   1.1662914486198577     
    12675867           1   1.1392459722104500     
    12675867           2   1.1760183362803271     
    12675867           3  0.68473569150922320     
    12676421           1   1.4933063400572617     
    12676421           2  0.30091148341152207     
    12676421           3   1.2057821765312164     
    12681222           1   1.3251055088439805     
    12681222           2   1.2344764317088797     
    12681222           3  0.44041805944713974     
    12683688           1  0.84186000404616002     
    12683688           2   1.0701143260606019     
    12683688           3   1.0880256698932380     
    12685494           1   1.4353784470895381     
    12685494           2  0.13266982614129760     
    12685494           3   1.4319517267691644     
    12688121           1   1.1409798726006934     
    12688121           2  0.95960542483008993     
    12688121           3  0.89941470256921707     
    12696801           1   2.0649439963022393     
    12696801           2  0.92988881835604920     
    12696801           3   5.1671853417114347E-003
    12701435           1  0.36136871752700844     
    12701435           2   1.0855543387858249     
    12701435           3   1.5530769436871668     
    12702933           1   1.3516804173787569     
    12702933           2  0.57769973096214577     
    12702933           3   1.0706198516590975     
    12703523           1   1.8714266595263729     
    12703523           2  0.56069184596629207     
    12703523           3  0.56788149450733549     
    12704152           1   1.2150712203383391     
    12704152           2   1.0229994721248461     
    12704152           3  0.76192930753681443     
    12706994           1   1.4547704387411127     
    12706994           2   9.3932137898506393E-002
    12706994           3   1.4512974233603808     
    12707333           1   1.2363957109506278     
    12707333           2   1.3918596568557209     
    12707333           3  0.37174463219365156     
    12712603           1  0.38776040317930199     
    12712603           2   1.1754941018459499     
    12712603           3   1.4367454949747480     
    12723176           1  0.83125195794279838     
    12723176           2   1.0318045063388197     
    12723176           3   1.1369435357183819     
    12724204           1   1.1722938935621399     
    12724204           2  0.96389130053401573     
    12724204           3  0.86381480590384485     
    12727610           1   1.0431660510357268     
    12727610           2   1.3171102402995585     
    12727610           3  0.63972370866471440     
    12729281           1   1.1514313417084945     
    12729281           2   1.4555864292056389     
    12729281           3  0.39298222908586694     
    12729964           1   1.2417677002368126     
    12729964           2  0.10567336173001877     
    12729964           3   1.6525589380331684     
    12739917           1  0.37249927633164376     
    12739917           2  0.44676782067726478     
    12739917           3   2.1807329029910916     
    12741447           1   1.0225668875344491     
    12741447           2   1.1640981737714553     
    12741447           3  0.81333493869409568     
    12742675           1   1.9513509394140693     
    12742675           2  0.74536487408062058     
    12742675           3  0.30328418650531003     
    12745354           1  0.71675445587320752     
    12745354           2   1.0608346099186612     
    12745354           3   1.2224109342081313     
    12748574           1   1.6452287654407232     
    12748574           2  0.32341690903304421     
    12748574           3   1.0313543255262323     
    12749628           1   1.3885667114121267     
    12749628           2  0.44042767231231345     
    12749628           3   1.1710056162755598     
    12755402           1   1.9996553696396142     
    12755402           2  0.63005698812483724     
    12755402           3  0.37028764223554844     
    12756813           1   1.0270697346419557     
    12756813           2  0.82633411554130420     
    12756813           3   1.1465961498167401     
    12757821           1  0.20052934522851207     
    12757821           2  0.85617541303654421     
    12757821           3   1.9432952417349438     
    12758710           1   1.2105655901425083     
    12758710           2  0.27111970952986464     
    12758710           3   1.5183147003276272     
    12759843           1   1.0151456942734334     
    12759843           2   1.0755461494891934     
    12759843           3  0.90930815623737360     
    12759930           1  0.89412908838533678     
    12759930           2  0.62046693030117461     
    12759930           3   1.4854039813134889     
    12760996           1   1.1625303674462106     
    12760996           2  0.49610129850442231     
    12760996           3   1.3413683340493670     
    12761745           1  0.98069642747973096     
    12761745           2  0.74607902804783444     
    12761745           3   1.2732245444724348     
    12764170           1   1.1425022140825221     
    12764170           2  0.64717164620246215     
    12764170           3   1.2103261397150158     
    12768491           1   1.0927965531473154     
    12768491           2   1.2001211028944880     
    12768491           3  0.70708234395819636     
    12768778           1   1.3091534636225013     
    12768778           2   1.0416805028123211     
    12768778           3  0.64916603356517755     
    12772530           1  0.94401480280909367     
    12772530           2  0.63204043651382003     
    12772530           3   1.4239447606770865     
    12778689           1   2.3953956096404458     
    12778689           2  0.59167845643222639     
    12778689           3   1.2925933927327464E-002
    12778759           1   1.5746983209880414     
    12778759           2   1.0557723981335601     
    12778759           3  0.36952928087839837     
    12779798           1   1.3403661438289378     
    12779798           2   1.0925347341333149     
    12779798           3  0.56709912203774704     
    12785502           1   1.4220294356122394     
    12785502           2  0.41691559518681143     
    12785502           3   1.1610549692009491     
    12786073           1   1.7622991424337577     
    12786073           2  0.77146999202850020     
    12786073           3  0.46623086553774185     
    12786788           1   1.3275624917866142     
    12786788           2  0.92965166896850682     
    12786788           3  0.74278583924487884     
    12787185           1  0.64876998701702260     
    12787185           2  0.86125040764842298     
    12787185           3   1.4899796053345549     
    12787296           1  0.80069418451279284     
    12787296           2  0.90441069257742268     
    12787296           3   1.2948951229097840     
    12794271           1   1.4147728334663048     
    12794271           2  0.67127915157531026     
    12794271           3  0.91394801495838440     
    12797599           1  0.86146142904869982     
    12797599           2  0.95279367818238736     
    12797599           3   1.1857448927689125     
    12797730           1   1.4391856208976783     
    12797730           2  0.54970260223781098     
    12797730           3   1.0111117768645104     
    12798095           1   1.7386041614629617     
    12798095           2  0.94141125779036927     
    12798095           3  0.31998458074666875     
    12798535           1   1.3442141401506793     
    12798535           2  0.46986090271635794     
    12798535           3   1.1859249571329624     
    12800785           1  0.80242124439189144     
    12800785           2   1.1039357173361204     
    12800785           3   1.0936430382719884     
    12803375           1   1.8695862632471683     
    12803375           2  0.91907518043484415     
    12803375           3  0.21133855631798820     
    12803437           1   1.2026983129979771     
    12803437           2  0.32328264929508654     
    12803437           3   1.4740190377069364     
    12808986           1  0.77413679948883085     
    12808986           2   1.2272768228235025     
    12808986           3  0.99858637768766689     
    12810226           1   1.2755047341924348     
    12810226           2  0.87468380158088710     
    12810226           3  0.84981146422667819     
    12811552           1  0.84050935183830322     
    12811552           2   1.4518053686949768     
    12811552           3  0.70768527946671955     
    12811874           1   1.5136468178133933     
    12811874           2  0.43112758317081312     
    12811874           3   1.0552255990157933     
    12811956           1   1.4340179196027967     
    12811956           2  0.55920940667569075     
    12811956           3   1.0067726737215124     
    12813437           1   1.5907952329447643     
    12813437           2   1.1036156261706598     
    12813437           3  0.30558914088457589     
    12814049           1   1.3807145999349264     
    12814049           2  0.79024208286692754     
    12814049           3  0.82904331719814606     
    12814222           1  0.78346647597013486     
    12814222           2   1.2970666131818085     
    12814222           3  0.91946691084805632     
    12815382           1   1.4163107711767029     
    12815382           2   1.0201973913809870     
    12815382           3  0.56349183744231013     
    12817758           1  0.94920518794987163     
    12817758           2   1.3006228471333137     
    12817758           3  0.75017196491681448     
    12819150           1   1.2384919910159962     
    12819150           2  0.49102952287556839     
    12819150           3   1.2704784861084357     
    12822100           1   1.0282800166871460     
    12822100           2  0.31838724108886690     
    12822100           3   1.6533327422239872     
    12822874           1  0.85647330686425405     
    12822874           2  0.97014442464871642     
    12822874           3   1.1733822684870299     
    12825126           1  0.81409097866142299     
    12825126           2   1.4548429815698571     
    12825126           3  0.73106603976871942     
    12826580           1   1.7371349329814703     
    12826580           2   1.1976160117203700     
    12826580           3   6.5249055298159539E-002
    12828171           1   1.8151231056508477     
    12828171           2  0.82366578523569844     
    12828171           3  0.36121110911345344     
    12833867           1  0.53096340095882877     
    12833867           2   1.0265146336039068     
    12833867           3   1.4425219654372643     
    12834369           1   1.1170710580914249     
    12834369           2  0.16372186047963794     
    12834369           3   1.7192070814289373     
    12834909           1   1.1273121038772893     
    12834909           2   1.1798927371107415     
    12834909           3  0.69279515901196964     
    12835067           1   1.0903193474137010     
    12835067           2  0.62721954236575050     
    12835067           3   1.2824611102205488     
    12835732           1  0.78241712200153457     
    12835732           2  0.92522388365323360     
    12835732           3   1.2923589943452320     
    12836149           1   2.0320699949567507     
    12836149           2  0.61486725205341974     
    12836149           3  0.35306275298982959     
    12836629           1  0.93207785940494259     
    12836629           2   1.2463199981379887     
    12836629           3  0.82160214245706931     
    12837095           1   1.1630680487710050     
    12837095           2  0.68791540876211787     
    12837095           3   1.1490165424668772     
    12837778           1  0.80347769260874824     
    12837778           2   1.1007921989348375     
    12837778           3   1.0957301084564144     
    12838568           1  0.93674339799446604     
    12838568           2  0.76732040382682909     
    12838568           3   1.2959361981787045     
    12839810           1   1.3514013977276831     
    12839810           2  0.85142006455890462     
    12839810           3  0.79717853771341229     
    12843821           1   1.0587078863487422     
    12843821           2   1.1355388600956418     
    12843821           3  0.80575325355561589     
    12845922           1   1.0796784939279538     
    12845922           2   1.2590833588379369     
    12845922           3  0.66123814723410956     
    12846908           1   1.0822774203620604     
    12846908           2  0.72119962757598044     
    12846908           3   1.1965229520619591     
    12847917           1  0.65156942398353612     
    12847917           2  0.71181487081547856     
    12847917           3   1.6366157052009853     
    12849909           1   1.5601118132687297     
    12849909           2  0.22303008013742645     
    12849909           3   1.2168581065938435     
    12850454           1  0.39633473413214515     
    12850454           2   1.1626123551311587     
    12850454           3   1.4410529107366963     
    12852053           1  0.39627420238646072     
    12852053           2   1.1250011172841883     
    12852053           3   1.4787246803293510     
    12855476           1   1.6942942487618293     
    12855476           2  0.44414763793882978     
    12855476           3  0.86155811329934084     
    12856106           1  0.86610282482511947     
    12856106           2  0.51242281818787727     
    12856106           3   1.6214743569870038     
    12858949           1   1.0000427059862449     
    12858949           2  0.81944885352770291     
    12858949           3   1.1805084404860522     
    12859020           1   1.4329976896888246     
    12859020           2  0.57727128572288511     
    12859020           3  0.98973102458829088     
    12859867           1   1.1980684704305224     
    12859867           2  0.70301947329506576     
    12859867           3   1.0989120562744117     
    12860002           1  0.81827278177269502     
    12860002           2   1.0175213706178527     
    12860002           3   1.1642058476094521     
    12860137           1  0.44565589629940905     
    12860137           2  0.94712530591369970     
    12860137           3   1.6072187977868913     
    12860373           1   1.5237202988783938     
    12860373           2   1.1831752018987056     
    12860373           3  0.29310449922290055     
    12862121           1   1.2081350764275665     
    12862121           2   1.1328007386893464     
    12862121           3  0.65906418488308716     
    12865823           1  0.98594023341684423     
    12865823           2  0.71142371176730335     
    12865823           3   1.3026360548158527     
    12865846           1   1.2795045557153881     
    12865846           2  0.34019108048530089     
    12865846           3   1.3803043637993109     
    12868548           1   1.5169152773865848     
    12868548           2  0.42516285842901164     
    12868548           3   1.0579218641844035     
    12869558           1   1.3292139742760078     
    12869558           2  0.55921823296245221     
    12869558           3   1.1115677927615397     
    12870471           1   1.4136300635118153     
    12870471           2  0.60056760440722790     
    12870471           3  0.98580233208095691     
    12870512           1   1.1116522425101558     
    12870512           2  0.65652978995467881     
    12870512           3   1.2318179675351655     
    12872025           1   1.9755725198932104     
    12872025           2  0.75524365645923996     
    12872025           3  0.26918382364754939     
    12873878           1   1.6259051558589395     
    12873878           2  0.58734439510662462     
    12873878           3  0.78675044903443569     
    12874318           1  0.33443991674272022     
    12874318           2  0.98198653093293997     
    12874318           3   1.6835735523243398     
    12874725           1   2.0119987701394102     
    12874725           2  0.68849506320541631     
    12874725           3  0.29950616665517399     
    12874955           1   1.1690000655006199     
    12874955           2  0.99100388707502840     
    12874955           3  0.83999604742435174     
    12875932           1   1.2021326286239986     
    12875932           2  0.45688259272458764     
    12875932           3   1.3409847786514140     
    12877324           1  0.61242777496137224     
    12877324           2   1.0430051782331178     
    12877324           3   1.3445670468055102     
    12878546           1  0.81661557975728050     
    12878546           2  0.83434899183671474     
    12878546           3   1.3490354284060049     
    12878894           1  0.79141301786308882     
    12878894           2  0.93545037118482366     
    12878894           3   1.2731366109520879     
    12879837           1  0.87083115575211423     
    12879837           2   1.3197439927908250     
    12879837           3  0.80942485145706056     
    12881035           1   1.1513732720520840     
    12881035           2  0.65056676830667381     
    12881035           3   1.1980599596412422     
    12881345           1   1.2039587270427887     
    12881345           2   1.1354409888588004     
    12881345           3  0.66060028409841076     
    12883124           1   1.6706770597356835     
    12883124           2  0.50041646185861566     
    12883124           3  0.82890647840570086     
    12885851           1   1.3035928326381914     
    12885851           2  0.85621881827943891     
    12885851           3  0.84018834908236983     
    12886590           1   1.2252866962001834     
    12886590           2  0.83847935813186925     
    12886590           3  0.93623394566794771     
    12888283           1   1.3365133371204510     
    12888283           2  0.46716913943597882     
    12888283           3   1.1963175234435701     
    12888391           1  0.93595065449418191     
    12888391           2   1.0310048886494441     
    12888391           3   1.0330444568563737     
    12892158           1   1.0154158259751389     
    12892158           2   1.0668657251177707     
    12892158           3  0.91771844890709076     
    12892869           1  0.81383405496881811     
    12892869           2  0.67613372762194068     
    12892869           3   1.5100322174092411     
    12896423           1   1.1157057296413817     
    12896423           2   1.3670196761624123     
    12896423           3  0.51727459419620592     
    12896860           1  0.17093897755602938     
    12896860           2   1.2567418221075877     
    12896860           3   1.5723192003363828     
    12897276           1   1.3852930730590189     
    12897276           2  0.42236959132008434     
    12897276           3   1.1923373356208964     
    12897345           1   1.8880163893947877     
    12897345           2  0.31402551969838088     
    12897345           3  0.79795809090683156     
    12897467           1  0.89801687170709887     
    12897467           2   1.0695739317602286     
    12897467           3   1.0324091965326725     
    12898504           1   1.4024445640552112     
    12898504           2  0.81395079277922522     
    12898504           3  0.78360464316556355     
    12900870           1   1.2650716999553702     
    12900870           2  0.68366228580629074     
    12900870           3   1.0512660142383390     
    12901648           1   1.3972003431011100     
    12901648           2  0.46817942732999940     
    12901648           3   1.1346202295688905     
    12902044           1   1.8912875463999599     
    12902044           2  0.30434899449792191     
    12902044           3  0.80436345910211804     
    12902984           1   1.0015484115601674     
    12902984           2  0.97686982461719807     
    12902984           3   1.0215817638226348     
    12903120           1  0.86014567162943889     
    12903120           2   1.2012343046567242     
    12903120           3  0.93862002371383713     
    12903810           1  0.37165338996336944     
    12903810           2  0.57975783580205342     
    12903810           3   2.0485887742345770     
    12905480           1   1.2639198734768169     
    12905480           2  0.88971610582014460     
    12905480           3  0.84636402070303862     
    12906679           1   1.7708594074616537     
    12906679           2  0.77635949251720893     
    12906679           3  0.45278110002113720     
    12906836           1   1.0743605001716501     
    12906836           2   1.3554063802376630     
    12906836           3  0.57023311959068690     
    12907593           1  0.47799385892284452     
    12907593           2  0.99048801756940619     
    12907593           3   1.5315181235077493     
    12908017           1   1.1088088542099515     
    12908017           2  0.57350201781040733     
    12908017           3   1.3176891279796410     
    12908099           1   1.5484542929807015     
    12908099           2  0.76836642125924448     
    12908099           3  0.68317928576005438     
    12908111           1  0.77887803235618747     
    12908111           2  0.92103883941763642     
    12908111           3   1.3000831282261762     
    12909312           1   1.0275929884532160     
    12909312           2  0.96413888762131905     
    12909312           3   1.0082681239254649     
    12910030           1   1.3927568478463273     
    12910030           2  0.18374701928769882     
    12910030           3   1.4234961328659737     
    12911758           1  0.96231836638836366     
    12911758           2   1.2771461151024162     
    12911758           3  0.76053551850922063     
    12911947           1   2.1186565387747791     
    12911947           2  0.80162727046923288     
    12911947           3   7.9716190755988015E-002
    12915446           1  0.98778999542054213     
    12915446           2  0.48394280050780514     
    12915446           3   1.5282672040716527     
    12915612           1  0.22796958290018079     
    12915612           2  0.90299518021343672     
    12915612           3   1.8690352368863823     
    12915949           1   1.2857077725066379     
    12915949           2  0.85768293751432123     
    12915949           3  0.85660928997904084     
    12916550           1  0.39427935475642661     
    12916550           2   1.1193378523048256     
    12916550           3   1.4863827929387479     
    12917216           1  0.90282381285328805     
    12917216           2  0.76669484065731386     
    12917216           3   1.3304813464893979     
    12917803           1   1.1862339100277874     
    12917803           2  0.81175503705286045     
    12917803           3   1.0020110529193524     
    12918799           1  0.25688944809034353     
    12918799           2  0.89143758094794290     
    12918799           3   1.8516729709617139     
    12918858           1  0.86955171609029824     
    12918858           2  0.96174169847440216     
    12918858           3   1.1687065854352996     
    12919153           1   1.5587711128709285     
    12919153           2  0.44398020376994701     
    12919153           3  0.99724868335912464     
    12920353           1  0.81290331986242337     
    12920353           2   1.5609927168319846     
    12920353           3  0.62610396330559182     
    12920494           1   1.2386739065129102     
    12920494           2  0.50265391564405737     
    12920494           3   1.2586721778430323     
    12921200           1   9.6117815782594943E-002
    12921200           2  0.94134895863788526     
    12921200           3   1.9625332255795196     
    12922683           1  0.93087944827026270     
    12922683           2  0.75643813878486788     
    12922683           3   1.3126824129448695     
    12923032           1   1.1391272251264419     
    12923032           2  0.86585455000869160     
    12923032           3  0.99501822486486624     
    12925373           1   1.4588373736380431     
    12925373           2  0.95430506842554608     
    12925373           3  0.58685755793641070     
    12926723           1  0.83408153897800086     
    12926723           2   1.2430441155981877     
    12926723           3  0.92287434542381119     
    12926796           1   1.5572115218165794     
    12926796           2   1.1417623555925447     
    12926796           3  0.30102612259087608     
    12927661           1   2.1155267676154237     
    12927661           2  0.45473668763525005     
    12927661           3  0.42973654474932665     
    12928191           1   1.9676175972413656     
    12928191           2  0.72657000875017153     
    12928191           3  0.30581239400846327     
    12930189           1   1.1520278197716920     
    12930189           2   1.1679400589373417     
    12930189           3  0.68003212129096613     
    12931155           1   1.3503860744184442     
    12931155           2  0.33313196080257790     
    12931155           3   1.3164819647789778     
    12931440           1   1.3656573343882756     
    12931440           2  0.83006642244118878     
    12931440           3  0.80427624317053592     
    12931827           1  0.91738301513426901     
    12931827           2   1.1715837459465259     
    12931827           3  0.91103323891920474     
    12932231           1   1.7823135721171390     
    12932231           2   1.0547580094978677     
    12932231           3  0.16292841838499328     
    12932383           1   1.0267433706841687     
    12932383           2  0.32239460237241041     
    12932383           3   1.6508620269434209     
    12935225           1   2.1151098159471591     
    12935225           2  0.34880170284671103     
    12935225           3  0.53608848120612940     
    12936676           1   1.0951538190094419     
    12936676           2   1.0628694055119035     
    12936676           3  0.84197677547865490     
    12936778           1   1.8750969250469836     
    12936778           2  0.91459477443541781     
    12936778           3  0.21030830051759850     
    12936881           1   7.6344602835726555E-002
    12936881           2  0.95256042853952971     
    12936881           3   1.9710949686247436     
    12936959           1   1.6067867156313882     
    12936959           2  0.68413896874940672     
    12936959           3  0.70907431561920531     
    12937665           1   1.1442022264353162     
    12937665           2  0.91294476987121254     
    12937665           3  0.94285300369347091     
    12938055           1  0.12821362111109127     
    12938055           2   1.0064457972820160     
    12938055           3   1.8653405816068926     
    12938466           1   2.3930800792909870     
    12938466           2  0.59394448268813116     
    12938466           3   1.2975438020881983E-002
    12939166           1   1.2886913816841918     
    12939166           2   1.3660442937075823     
    12939166           3  0.34526432460822537     
    12940113           1   1.8906478711505226     
    12940113           2  0.61767724077664987     
    12940113           3  0.49167488807282755     
    12942534           1  0.98522617972085003     
    12942534           2   1.3000356365524377     
    12942534           3  0.71473818372671227     
    12942618           1  0.60535698862044929     
    12942618           2  0.79305257412515007     
    12942618           3   1.6015904372544008     
    12942854           1   1.1110400690864526     
    12942854           2  0.95523462763643618     
    12942854           3  0.93372530327711123     
    12943122           1   1.0904670892448083     
    12943122           2   1.1088304137782432     
    12943122           3  0.80070249697694851     
    12943596           1   1.0128311560857184     
    12943596           2  0.64426990377464044     
    12943596           3   1.3428989401396407     
    12943633           1   1.1700416772751765     
    12943633           2   1.1565550900404025     
    12943633           3  0.67340323268442104     
    12944222           1   2.3240538268981417     
    12944222           2  0.46368734313401211     
    12944222           3  0.21225882996784654     
    12944563           1   1.6711791557709446     
    12944563           2  0.89142035475975023     
    12944563           3  0.43740048946930465     
    12944671           1  0.13128675460478809     
    12944671           2   1.1138021435600720     
    12944671           3   1.7549111018351398     
    12944845           1  0.96692827150718574     
    12944845           2  0.75555450564761728     
    12944845           3   1.2775172228451970     
    12944882           1   1.1815296937606574     
    12944882           2   1.2043149980792009     
    12944882           3  0.61415530816014141     
    12946969           1   1.3320000666455971     
    12946969           2  0.53236217813676212     
    12946969           3   1.1356377552176407     
    12948031           1   1.1432965936461614     
    12948031           2  0.78803799805333308     
    12948031           3   1.0686654083005056     
    12948291           1   2.1123958284451616     
    12948291           2  0.73042678873729106     
    12948291           3  0.15717738281754759     
    12948405           1   1.5956604580136775     
    12948405           2  0.63448219137355455     
    12948405           3  0.76985735061276761     
    12949049           1   1.1284472419436646     
    12949049           2   1.1648710466588905     
    12949049           3  0.70668171139744507     
    12949214           1   1.7115105516623292     
    12949214           2  0.84581675918504218     
    12949214           3  0.44267268915262825     
    12949235           1  0.85665125005662790     
    12949235           2   1.3242115682708635     
    12949235           3  0.81913718167250849     
    12950459           1  0.80263896111218191     
    12950459           2   1.1012125311505925     
    12950459           3   1.0961485077372257     
    12950474           1   1.0850557994891221     
    12950474           2   1.3390343886983680     
    12950474           3  0.57590981181250989     
    12950638           1   1.9225049319357628     
    12950638           2  0.78597241048453204     
    12950638           3  0.29152265757970497     
    12950811           1  0.46758430316148653     
    12950811           2  0.71043530895700124     
    12950811           3   1.8219803878815122     
    12951109           1   1.3238114126058766     
    12951109           2   1.2332708437042716     
    12951109           3  0.44291774368985193     
    12951266           1   1.7468097422013729     
    12951266           2   1.1884410755100829     
    12951266           3   6.4749182288544260E-002
    12951421           1  0.77290424954019077     
    12951421           2   1.2300992824487582     
    12951421           3  0.99699646801105113     
    12952611           1  0.45786813359418588     
    12952611           2  0.89087070879336649     
    12952611           3   1.6512611576124476     
    12952680           1  0.98690399255799999     
    12952680           2  0.84809726669809460     
    12952680           3   1.1649987407439055     
    12952973           1  0.93286869080395740     
    12952973           2  0.13838845980767644     
    12952973           3   1.9287428493883665     
    12953450           1   1.9419506861482572     
    12953450           2  0.76818029574846813     
    12953450           3  0.28986901810327481     
    12953599           1  0.90257302613776214     
    12953599           2   1.1869908853965052     
    12953599           3  0.91043608846573265     
    12953786           1  0.97225760617693213     
    12953786           2  0.88736697011824617     
    12953786           3   1.1403754237048218     
    12953921           1  0.63942708929435499     
    12953921           2   1.1963369339115939     
    12953921           3   1.1642359767940507     
    12954003           1   2.3381981447328339     
    12954003           2  0.44998692613657598     
    12954003           3  0.21181492913059000     
    12954025           1   1.6411718684533239     
    12954025           2  0.56701291785109997     
    12954025           3  0.79181521369557639     
    12954625           1   1.3148990485707039     
    12954625           2  0.93669085044030675     
    12954625           3  0.74841010098898919     
    12954856           1   1.4215670599734336     
    12954856           2  0.41913492082161286     
    12954856           3   1.1592980192049533     
    12955111           1   1.4310875356568369     
    12955111           2  0.45391449112554394     
    12955111           3   1.1149979732176192     
    12955803           1  0.84921940515688443     
    12955803           2   1.2073679026005835     
    12955803           3  0.94341269224253155     
    12956308           1  0.13096580331828611     
    12956308           2   1.0860124449289987     
    12956308           3   1.7830217517527154     
    12956380           1  0.99086591074250741     
    12956380           2  0.99470355353532114     
    12956380           3   1.0144305357221715     
    12956828           1  0.71303759707505365     
    12956828           2  0.29922949956543310     
    12956828           3   1.9877329033595137     
    12957336           1   1.1099647911274311     
    12957336           2   1.3754222857256491     
    12957336           3  0.51461292314691975     
    12957859           1   1.1770748803262312     
    12957859           2  0.51326031016104534     
    12957859           3   1.3096648095127232     
    12958145           1  0.88110186903217702     
    12958145           2   1.2629851920619553     
    12958145           3  0.85591293890586784     
    12959037           1  0.39289778933556946     
    12959037           2   1.1154156624859948     
    12959037           3   1.4916865481784358     
    12960648           1   1.2150671486750486     
    12960648           2  0.27043767210225572     
    12960648           3   1.5144951792226957     
    12961028           1   1.7434906509035946     
    12961028           2  0.41972777221748342     
    12961028           3  0.83678157687892196     
    12961339           1  0.86676399489170808     
    12961339           2   1.5412545756568081     
    12961339           3  0.59198142945148369     
    12961395           1   1.2434442788739610     
    12961395           2  0.68800792104383868     
    12961395           3   1.0685478000822004     
    12961515           1   1.1266453152256648     
    12961515           2  0.76969107105858459     
    12961515           3   1.1036636137157509     
    12961524           1   1.3298980023492419     
    12961524           2  0.83787233380168280     
    12961524           3  0.83222966384907493     
    12962077           1   1.5830646755617472     
    12962077           2   1.1213032528439946     
    12962077           3  0.29563207159425853     
    12963469           1   1.3582020104707424     
    12963469           2  0.57857954219525820     
    12963469           3   1.0632184473339992     
    12964599           1   1.3147112087943973     
    12964599           2   1.2421375223047804     
    12964599           3  0.44315126890082257     
    12964662           1  0.90599495014022946     
    12964662           2   1.1913599452702626     
    12964662           3  0.90264510458950775     
    12964891           1   1.6713024256853823     
    12964891           2  0.89133766091028521     
    12964891           3  0.43735991340433261     
    12966141           1  0.91128358770561257     
    12966141           2  0.20460161577631711     
    12966141           3   1.8841147965180700     
    12966269           1  0.47571096556995707     
    12966269           2   1.0000854244431605     
    12966269           3   1.5242036099868823     
    12966404           1  0.93441043674450908     
    12966404           2   1.2435757893746582     
    12966404           3  0.82201377388083274     
    12966486           1  0.99002941663789790     
    12966486           2  0.99386381967290283     
    12966486           3   1.0161067636891994     
    12966491           1   1.3410365096155106     
    12966491           2  0.57315059155600001     
    12966491           3   1.0858128988284892     
    12966676           1   1.5111709154700130     
    12966676           2  0.42680962162133745     
    12966676           3   1.0620194629086497     
    12966976           1   2.0542427650634014     
    12966976           2  0.67764071115961755     
    12966976           3  0.26811652377698125     
    12967787           1  0.22328847849708283     
    12967787           2  0.94605486550276208     
    12967787           3   1.8306566560001551     
    12968204           1   1.1497853237634001     
    12968204           2  0.65129717175816715     
    12968204           3   1.1989175044784333     
    12969324           1   1.3453730203733674     
    12969324           2  0.57500398904990357     
    12969324           3   1.0796229905767294     
    12969469           1  0.88842963833281141     
    12969469           2   1.0744523034068971     
    12969469           3   1.0371180582602915     
    12970125           1  0.23685945731276067     
    12970125           2  0.90009928350979929     
    12970125           3   1.8630412591774401     
    12970330           1  0.61646488173301228     
    12970330           2   1.0384216548413974     
    12970330           3   1.3451134634255908     
    12970350           1   1.4262544968093933     
    12970350           2  0.42051696499132862     
    12970350           3   1.1532285381992780     
    12970379           1   1.8624239886084799     
    12970379           2  0.35043438552592210     
    12970379           3  0.78714162586559810     
    12970784           1   1.8246938774347212     
    12970784           2  0.81701267444058423     
    12970784           3  0.35829344812469427     
    12970810           1   1.0673735155777586     
    12970810           2   1.2161187270269602     
    12970810           3  0.71650775739528116     
    12971029           1  0.96763590500679753     
    12971029           2   1.3147559362928636     
    12971029           3  0.71760815870033934     
    12971394           1  0.69447255748481662     
    12971394           2  0.29140341107824891     
    12971394           3   2.0141240314369346     
    12972144           1   1.0880221663298828     
    12972144           2   1.2492628109575115     
    12972144           3  0.66271502271260541     
    12972368           1  0.86175104658220592     
    12972368           2   1.1847595211887783     
    12972368           3  0.95348943222901561     
    12972855           1  0.80885627778145208     
    12972855           2   1.3648605013046677     
    12972855           3  0.82628322091388007     
    12972961           1  0.69273995744923111     
    12972961           2  0.93416364973370247     
    12972961           3   1.3730963928170665     
    12973044           1   1.1861535482605678     
    12973044           2   1.0055455185031696     
    12973044           3  0.80830093323626273     
    12973496           1   1.9720366302736916     
    12973496           2  0.75389191756927709     
    12973496           3  0.27407145215703138     
    12973574           1  0.98164030112775202     
    12973574           2  0.98544221295650336     
    12973574           3   1.0329174859157446     
    12974300           1   1.0178965919952101     
    12974300           2   1.0784607236916810     
    12974300           3  0.90364268431310901     
    12974660           1  0.98550902233179705     
    12974660           2   1.2995476040894647     
    12974660           3  0.71494337357873794     
    12975093           1   1.5676680504255354     
    12975093           2   1.0609799732880709     
    12975093           3  0.37135197628639405     
    12975348           1   1.0505308151201185     
    12975348           2   1.3721794611600160     
    12975348           3  0.57728972371986564     
    12975368           1   1.8398002283922330     
    12975368           2  0.79407789316555888     
    12975368           3  0.36612187844220839     
    12975519           1   1.1914688588569291     
    12975519           2  0.27401308198911467     
    12975519           3   1.5345180591539560     
    12975833           1   1.4509594214349171     
    12975833           2  0.53037388255610463     
    12975833           3   1.0186666960089785     
    12976103           1   1.4731475570483961     
    12976103           2  0.13616076698823137     
    12976103           3   1.3906916759633727     
    12976393           1  0.86308092101326372     
    12976393           2  0.95207213790873346     
    12976393           3   1.1848469410780025     
    12976765           1  0.98067179627969125     
    12976765           2   1.3063228924902655     
    12976765           3  0.71300531123004374     
    12976814           1  0.60459868827946428     
    12976814           2  0.79205915693713913     
    12976814           3   1.6033421547833961     
    12976854           1  0.12940683953166851     
    12976854           2   1.0978534407038352     
    12976854           3   1.7727397197644963     
    12977006           1   1.0883517500946516     
    12977006           2   1.0666648358284629     
    12977006           3  0.84498341407688571     
    12977108           1  0.85596800943788542     
    12977108           2   1.3231554148698250     
    12977108           3  0.82087657569228967     
    12977262           1   1.6148788831596059     
    12977262           2   1.0088459670423164     
    12977262           3  0.37627514979807697     
    12977441           1  0.78418644033281337     
    12977441           2  0.84674132162256532     
    12977441           3   1.3690722380446210     
    12977748           1  0.92912613700363023     
    12977748           2  0.99571860153179226     
    12977748           3   1.0751552614645774     
    12977757           1  0.80598485712156165     
    12977757           2   1.5865362745121989     
    12977757           3  0.60747886836623921     
    12977954           1   1.3780115760138507     
    12977954           2  0.44331254117243096     
    12977954           3   1.1786758828137180     
    12978154           1   1.3446882967613898     
    12978154           2  0.92013201092505781     
    12978154           3  0.73517969231355218     
    12978166           1   1.1055388778142330     
    12978166           2   1.1936110247914913     
    12978166           3  0.70085009739427540     
    12978223           1   1.1315563960923840     
    12978223           2  0.88003843568827755     
    12978223           3  0.98840516821933866     
    12978374           1   1.3075601585076309     
    12978374           2  0.55010818083748736     
    12978374           3   1.1423316606548821     
    12978540           1   1.0582862627483023     
    12978540           2   1.1362813697423755     
    12978540           3  0.80543236750932234     
    12978814           1  0.90589843056035679     
    12978814           2  0.62863408167322765     
    12978814           3   1.4654674877664156     
    12979099           1   1.1564312502952989     
    12979099           2   1.1474535515025515     
    12979099           3  0.69611519820214984     
    12979132           1  0.37019059415155464     
    12979132           2  0.96881605921567737     
    12979132           3   1.6609933466327678     
    12979342           1   1.7306792693175002     
    12979342           2   1.2037381275126025     
    12979342           3   6.5582603169897891E-002
    12979384           1  0.90462205011194308     
    12979384           2   1.1552868024059253     
    12979384           3  0.94009114748213207     
    12979396           1  0.90867034044257300     
    12979396           2   1.1835402496435563     
    12979396           3  0.90778940991387036     
    12979487           1   1.0209009146173744     
    12979487           2  0.96741006268112983     
    12979487           3   1.0116890227014954     
    12979574           1  0.13745095531696189     
    12979574           2   1.0835576272813163     
    12979574           3   1.7789914174017216     
    12979715           1   1.3961256279148533     
    12979715           2  0.43836171275688174     
    12979715           3   1.1655126593282652     
    12979740           1   1.0091741398956569     
    12979740           2  0.77650429999868875     
    12979740           3   1.2143215601056538     
    12979840           1  0.97295630905536878     
    12979840           2  0.75668956580871416     
    12979840           3   1.2703541251359174     
    12979902           1   1.1488651099781180     
    12979902           2  0.70817611827866522     
    12979902           3   1.1429587717432168     
    12980294           1   1.1163413970364533     
    12980294           2   1.2067397372894968     
    12980294           3  0.67691886567405002     
    12980391           1  0.81494018109569111     
    12980391           2   1.2948344108629579     
    12980391           3  0.89022540804135097     
    12980476           1   1.1040048230677959     
    12980476           2   1.0472135675320990     
    12980476           3  0.84878160940010527     
    12980484           1  0.80876474011192556     
    12980484           2  0.85516928869897257     
    12980484           3   1.3360659711891021     
    12980561           1   2.0664026542409433     
    12980561           2  0.92843822106386231     
    12980561           3   5.1591246951943961E-003
    12980565           1   1.8155625027573996     
    12980565           2  0.82313894771493790     
    12980565           3  0.36129854952766272     
    12980780           1  0.95646532437066623     
    12980780           2  0.89427788212579107     
    12980780           3   1.1492567935035429     
    12980797           1   1.4332703073957025     
    12980797           2  0.64583706942167951     
    12980797           3  0.92089262318261811     
    12980940           1  0.37601296099636872     
    12980940           2  0.45098206038174321     
    12980940           3   2.1730049786218881     
    12980946           1  0.77784067637608156     
    12980946           2   1.4971741407560666     
    12980946           3  0.72498518286785196     
    12980963           1   1.3730897830007189     
    12980963           2  0.33109161390472130     
    12980963           3   1.2958186030945595     
    12981034           1   1.3886326815054719     
    12981034           2  0.79477393997404655     
    12981034           3  0.81659337852048142     
    12981099           1   1.9806051612801854     
    12981099           2  0.84406939748725984     
    12981099           3  0.17532544123255495     
    12981109           1   1.7530464511838499     
    12981109           2  0.94923140134741313     
    12981109           3  0.29772214746873699     
    12981132           1  0.79168291183698114     
    12981132           2   1.4789806930695952     
    12981132           3  0.72933639509342341     
    12981133           1   1.6641591255569663     
    12981133           2  0.31889777074644676     
    12981133           3   1.0169431036965866     
    12981144           1   1.0981705988851229     
    12981144           2   1.1483545050821371     
    12981144           3  0.75347489603274009     
    12981162           1   1.9636233404244972     
    12981162           2  0.76405300818875277     
    12981162           3  0.27232365138675052     
    12981201           1   1.3692874626945357     
    12981201           2  0.86268877762549501     
    12981201           3  0.76802375967996939     
    12981255           1   1.2706473267984453     
    12981255           2  0.69868206002973721     
    12981255           3   1.0306706131718173     
    12981444           1   7.7861279256711324E-002
    12981444           2  0.97148417544325938     
    12981444           3   1.9506545453000297     
    12981467           1   1.2972085652570409     
    12981467           2  0.86671785749483921     
    12981467           3  0.83607357724812026     
    12981534           1   1.4971314013123436     
    12981534           2  0.92193061500812112     
    12981534           3  0.58093798367953486     
    12981655           1   1.0811103461114171     
    12981655           2   1.2193687454410727     
    12981655           3  0.69952090844751003     
    12981685           1   1.8115264257637980     
    12981685           2  0.89834164319179111     
    12981685           3  0.29013193104441098     
    12981736           1   1.0622064609098989     
    12981736           2  0.78459245308660308     
    12981736           3   1.1532010860034980     
    12981778           1  0.95585854596680031     
    12981778           2  0.74730617102479791     
    12981778           3   1.2968352830084020     
    12981847           1   1.2024006679251353     
    12981847           2  0.45975594756588822     
    12981847           3   1.3378433845089763     
    12981931           1  0.94706667406359746     
    12981931           2  0.76348120110503392     
    12981931           3   1.2894521248313686     
    12981957           1  0.85551928041734404     
    12981957           2   1.3224617695153351     
    12981957           3  0.82201895006732095     
    12982010           1   1.4851408787838096     
    12982010           2  0.21888326369478903     
    12982010           3   1.2959758575214015     
    12982037           1   1.0269171388648168     
    12982037           2  0.63970301717240041     
    12982037           3   1.3333798439627824     
    12982051           1  0.30537676596970875     
    12982051           2  0.84408116885233608     
    12982051           3   1.8505420651779554     
    12982056           1   1.3061755507513166     
    12982056           2  0.60082536142756349     
    12982056           3   1.0929990878211200     
    12982076           1  0.89289744702467999     
    12982076           2   1.1988116181284358     
    12982076           3  0.90829093484688384     
    12982079           1   1.3808501970473313     
    12982079           2  0.18510823933152573     
    12982079           3   1.4340415636211434     
    12982101           1  0.82594204954083217     
    12982101           2   1.5907848499224642     
    12982101           3  0.58327310053670400     
    12982248           1  0.86607045309965869     
    12982248           2   1.2398885312398400     
    12982248           3  0.89404101566050065     
    12982291           1   1.2819753876904070     
    12982291           2  0.85519310052214237     
    12982291           3  0.86283151178745077     
    12982309           1  0.98065300629987739     
    12982309           2   1.0941859723129235     
    12982309           3  0.92516102138719891     
    12982357           1   1.8183207971026445     
    12982357           2  0.81983175034674927     
    12982357           3  0.36184745255060669     
    12982385           1  0.91062361388233948     
    12982385           2  0.57657028338636873     
    12982385           3   1.5128061027312920     
    12982445           1   1.3973352273902295     
    12982445           2  0.42556940845398122     
    12982445           3   1.1770953641557891     
    12982489           1   1.3650251477963808     
    12982489           2  0.90486971883302136     
    12982489           3  0.73010513337059768     
    12982525           1  0.60316334291181739     
    12982525           2  0.79017877170996087     
    12982525           3   1.6066578853782216     
    12982571           1   1.2717285454138645     
    12982571           2  0.93810875952857886     
    12982571           3  0.79016269505755665     
    12982628           1  0.59332492492515998     
    12982628           2  0.88770608053229805     
    12982628           3   1.5189689945425420     
    12982658           1   1.6286001320011232     
    12982658           2  0.99457924198255065     
    12982658           3  0.37682062601632627     
    12982688           1  0.36222269749735797     
    12982688           2   1.1869859353057670     
    12982688           3   1.4507913671968751     
    12982722           1   1.1871990112894801     
    12982722           2   1.2005603895461894     
    12982722           3  0.61224059916433038     
    12982778           1   1.9226211608165691     
    12982778           2  0.78601992801860854     
    12982778           3  0.29135891116482210     
    12982782           1   1.1948019238995342     
    12982782           2   1.1496220396128722     
    12982782           3  0.65557603648759366     
    12982785           1   1.6156434653098328     
    12982785           2   1.0093236162498036     
    12982785           3  0.37503291844036363     
    12982794           1   1.2610582849802170     
    12982794           2  0.10731497387630395     
    12982794           3   1.6316267411434784     
    12982811           1   1.7586777214605216     
    12982811           2  0.77604948997866618     
    12982811           3  0.46527278856081233     
    12982915           1  0.87460444732510334     
    12982915           2  0.94989792748971080     
    12982915           3   1.1754976251851863     
    12982933           1  0.89327652083452536     
    12982933           2   1.5220993805336542     
    12982933           3  0.58462409863182052     
    12982960           1  0.53154456713734599     
    12982960           2   1.0276382055595752     
    12982960           3   1.4408172273030784     
    12982973           1   1.3086241478472624     
    12982973           2  0.87628328077463280     
    12982973           3  0.81509257137810498     
    12982991           1  0.52796470014320263     
    12982991           2  0.99024428776249340     
    12982991           3   1.4817910120943041     
    12983150           1   2.1242368137897700     
    12983150           2  0.34520406729062408     
    12983150           3  0.53055911891960572     
    12983184           1   1.3299911302238725     
    12983184           2  0.94386694392454484     
    12983184           3  0.72614192585158288     
    12983201           1   1.0308990838942782     
    12983201           2  0.83211070956530797     
    12983201           3   1.1369902065404138     
    12983281           1   1.1955238690362229     
    12983281           2  0.81322750309636849     
    12983281           3  0.99124862786740897     
    12983309           1   1.3952228024550439     
    12983309           2  0.42613033887775703     
    12983309           3   1.1786468586671992     
    12983321           1   1.3422022370543747     
    12983321           2  0.33111305832747945     
    12983321           3   1.3266847046181460     
    12983323           1   1.9358029516727695     
    12983323           2  0.71482201089654041     
    12983323           3  0.34937503743069004     
    12983378           1   1.8963923843344443     
    12983378           2  0.54828850643441052     
    12983378           3  0.55531910923114536     
    12983386           1   1.4785016513105573     
    12983386           2   7.5906702721079966E-002
    12983386           3   1.4455916459683629     
    12983419           1   1.3987248862143038     
    12983419           2  0.60621040336410159     
    12983419           3  0.99506471042159461     
    12983434           1   2.0127232336986420     
    12983434           2  0.81165200488729994     
    12983434           3  0.17562476141405800     
    12983480           1   1.4381761515355826     
    12983480           2  0.98327783680872327     
    12983480           3  0.57854601165569397     
    12983555           1   1.1415553522721253     
    12983555           2  0.25047817461645944     
    12983555           3   1.6079664731114147     
    12983556           1   1.8868705347018329     
    12983556           2  0.31565566257250949     
    12983556           3  0.79747380272565749     
    12983570           1   1.3480090082243663     
    12983570           2  0.33782641224882276     
    12983570           3   1.3141645795268107     
    12983579           1   1.2513824270403475     
    12983579           2   1.3723669147330568     
    12983579           3  0.37625065822659531     
    12983598           1   1.0608070759755110     
    12983598           2  0.46298436933434056     
    12983598           3   1.4762085546901489     
    12983599           1   1.1453390394779390     
    12983599           2  0.64715721270879578     
    12983599           3   1.2075037478132655     
    12983604           1   1.0420649402546132     
    12983604           2   1.3157199685551233     
    12983604           3  0.64221509119026343     
    12983606           1  0.82080255769721155     
    12983606           2   1.2551746606329737     
    12983606           3  0.92402278166981466     
    12983608           1   1.2562850313902427     
    12983608           2  0.89362885262603220     
    12983608           3  0.85008611598372519     
    12983629           1  0.85126555890780320     
    12983629           2  0.94151684060587215     
    12983629           3   1.2072176004863246     
    12983631           1   1.4563638183587733     
    12983631           2   9.3835278792440094E-002
    12983631           3   1.4498009028487866     
    12983665           1   1.1882801422544433     
    12983665           2  0.51010537189691130     
    12983665           3   1.3016144858486451     
    12983671           1   1.0758434360184910     
    12983671           2  0.46877075322921441     
    12983671           3   1.4553858107522946     
    12983677           1  0.83677094318246914     
    12983677           2   1.2373790045487754     
    12983677           3  0.92585005226875572     
    12983706           1   1.9422863972073188     
    12983706           2  0.76831309346700727     
    12983706           3  0.28940050932567474     
    12983718           1  0.82068373198533418     
    12983718           2   1.2995817455480303     
    12983718           3  0.87973452246663542     
    12983736           1   1.1252074049416132     
    12983736           2  0.87510067362903066     
    12983736           3  0.99969192142935615     
    12983764           1  0.94284265809244505     
    12983764           2   1.5671582153562380     
    12983764           3  0.48999912655131694     
    12983770           1  0.70908827029924115     
    12983770           2  0.92754454338361370     
    12983770           3   1.3633671863171453     
    12983782           1  0.80185606274001542     
    12983782           2  0.90393289859135084     
    12983782           3   1.2942110386686339     
    12983786           1  0.55801756351735088     
    12983786           2   1.0245571232286694     
    12983786           3   1.4174253132539800     
    12983791           1   1.6817384112432863     
    12983791           2  0.49625247565394787     
    12983791           3  0.82200911310276592     
    12983800           1   1.1240350292565024     
    12983800           2   1.3548286637641771     
    12983800           3  0.52113630697932045     
    12983807           1  0.78897850321090146     
    12983807           2  0.94180126030096378     
    12983807           3   1.2692202364881349     
    12983813           1   1.1026627318381657     
    12983813           2   1.1838711186045585     
    12983813           3  0.71346614955727605     
    12983866           1   1.8298970835817938     
    12983866           2  0.80595177258322825     
    12983866           3  0.36415114383497788     
    12983900           1   1.1345330518379597     
    12983900           2   1.1610831845690732     
    12983900           3  0.70438376359296717     
    12983914           1  0.90116720265662043     
    12983914           2   1.1851420603039449     
    12983914           3  0.91369073703943471     
    12983938           1  0.78208125445230248     
    12983938           2   1.2090845350352455     
    12983938           3   1.0088342105124521     
    12983944           1   1.0108135762549302     
    12983944           2   1.0837587255249341     
    12983944           3  0.90542769822013569     
    12983949           1  0.13080951049040643     
    12983949           2   1.0882965719295528     
    12983949           3   1.7808939175800409     
    12983988           1  0.54075213501406061     
    12983988           2   1.0129331373767796     
    12983988           3   1.4463147276091595     
    12984006           1   2.1122999280981318     
    12984006           2  0.80822305383856907     
    12984006           3   7.9477018063299376E-002
    12984007           1   1.1131642149472094     
    12984007           2  0.65334240614061501     
    12984007           3   1.2334933789121756     
    12984008           1   1.1840702112534642     
    12984008           2  0.63906009594920199     
    12984008           3   1.1768696927973337     
    12984027           1  0.82279051541156389     
    12984027           2   1.0231391677958910     
    12984027           3   1.1540703167925452     
    12984055           1   1.1263215417173376     
    12984055           2  0.77033201363103188     
    12984055           3   1.1033464446516303     
    12984058           1  0.16848034060200923     
    12984058           2   1.2818153251660653     
    12984058           3   1.5497043342319254     
    12984059           1   1.4130581417580363     
    12984059           2  0.41928590069265093     
    12984059           3   1.1676559575493128     
    12984067           1   1.4782705999584678     
    12984067           2  0.32808795239879407     
    12984067           3   1.1936414476427377     
    12984077           1   1.0824897049034521     
    12984077           2  0.64425860783097288     
    12984077           3   1.2732516872655750     
    12984088           1  0.97116888619330544     
    12984088           2   1.3242908771613695     
    12984088           3  0.70454023664532506     
    12984098           1   1.6151104311576403     
    12984098           2  0.59195850240573922     
    12984098           3  0.79293106643662015     
    12984106           1   1.8633691433214437     
    12984106           2  0.92599508534320718     
    12984106           3  0.21063577133534911     
    12984108           1   1.2751037725547640     
    12984108           2  0.87104308501115713     
    12984108           3  0.85385314243407850     
    12984123           1  0.94677949339535805     
    12984123           2   1.5541474199007450     
    12984123           3  0.49907308670389705     
    12984125           1  0.96064731142473359     
    12984125           2   1.5547054293622935     
    12984125           3  0.48464725921297297     
    12984133           1   1.0071669586865957     
    12984133           2  0.82528656493002406     
    12984133           3   1.1675464763833800     
    12984139           1   1.3056768364283013     
    12984139           2  0.87100410253329918     
    12984139           3  0.82331906103839947     
    12984152           1   2.0105947853895803     
    12984152           2  0.64007367985108221     
    12984152           3  0.34933153475933743     
    12984163           1   1.2614447401613629     
    12984163           2  0.97556556086385204     
    12984163           3  0.76298969897478508     
    12984165           1   1.3432984141337383     
    12984165           2  0.84631496194004052     
    12984165           3  0.81038662392622118     
    12984174           1   1.0568219376241537     
    12984174           2   1.1388601521670312     
    12984174           3  0.80431791020881505     
    12984197           1   1.3913693634572348     
    12984197           2  0.78504235555635882     
    12984197           3  0.82358828098640635     
    12984198           1   1.3537595198461008     
    12984198           2  0.59628600206095128     
    12984198           3   1.0499544780929480     
    12984201           1  0.41092562856275749     
    12984201           2   1.1650698720626922     
    12984201           3   1.4240044993745506     
    12984214           1   1.3541591181109367     
    12984214           2  0.83590625239276928     
    12984214           3  0.80993462949629380     
    12984215           1   1.3179900285891362     
    12984215           2  0.53056640050611681     
    12984215           3   1.1514435709047470     
    12984238           1   7.7012457010561516E-002
    12984238           2  0.96089332222621993     
    12984238           3   1.9620942207632184     
    12984241           1  0.93094210356008933     
    12984241           2  0.76256835369481357     
    12984241           3   1.3064895427450969     
    12984243           1   1.4179713139748098     
    12984243           2  0.56493962091295025     
    12984243           3   1.0170890651122397     
    12984248           1   1.3475257197587047     
    12984248           2  0.58514522253946688     
    12984248           3   1.0673290577018286     
    12984250           1   1.3475658890530602     
    12984250           2  0.56133449220903542     
    12984250           3   1.0910996187379043     
    12984256           1   1.0347834296846128     
    12984256           2   1.3306335212932505     
    12984256           3  0.63458304902213658     
    12984259           1  0.91058619187126233     
    12984259           2   1.0436745881501546     
    12984259           3   1.0457392199785835     
    12984260           1   1.2219451822223675     
    12984260           2  0.24546761368872749     
    12984260           3   1.5325872040889046     
    12984268           1   1.1763728015648236     
    12984268           2   1.1818900312017597     
    12984268           3  0.64173716723341689     
    12984271           1   1.0066067520121509     
    12984271           2  0.80513622667526186     
    12984271           3   1.1882570213125871     
    12984274           1   1.8923892735471020     
    12984274           2  0.89369451144580370     
    12984274           3  0.21391621500709415     
    12984275           1  0.79880812917983168     
    12984275           2  0.94419139448120437     
    12984275           3   1.2570004763389642     
    12984279           1   1.3844659691863910     
    12984279           2  0.44798665110512942     
    12984279           3   1.1675473797084801     
    12984281           1   1.1126579455860941     
    12984281           2  0.57549285839810027     
    12984281           3   1.3118491960158059     
    12984282           1   1.3811301950257058     
    12984282           2  0.79003926455574314     
    12984282           3  0.82883054041855109     
    12984283           1   1.6135685280677790     
    12984283           2  0.58288789334725422     
    12984283           3  0.80354357858496672     
    12984289           1  0.95971461961130988     
    12984289           2   1.3150231128532843     
    12984289           3  0.72526226753540557     
    12984291           1  0.60479256792888203     
    12984291           2  0.79511028026513153     
    12984291           3   1.6000971518059868     
    12984296           1   1.8680942172983610     
    12984296           2  0.30061668715810597     
    12984296           3  0.83128909554353259     
    12984300           1   1.0241432660941996     
    12984300           2   1.0502505481680346     
    12984300           3  0.92560618573776532     
    12984301           1  0.86285390409816243     
    12984301           2   1.5139167945607932     
    12984301           3  0.62322930134104459     
    12984305           1  0.44202346381807556     
    12984305           2  0.93940551862116839     
    12984305           3   1.6185710175607559     
    12984322           1   1.5991915649781827     
    12984322           2  0.62647510853379251     
    12984322           3  0.77433332648802455     
    12984325           1   1.6593663408791495     
    12984325           2  0.88008578582911134     
    12984325           3  0.46054787329173935     
    12984326           1   1.2904938176066065     
    12984326           2  0.15031347467422188     
    12984326           3   1.5591927077191716     
    12984330           1   1.6088450030710733     
    12984330           2  0.62860528643338554     
    12984330           3  0.76254971049554121     
    12984334           1  0.99696756495893768     
    12984334           2  0.82070884082683448     
    12984334           3   1.1823235942142278     
    12984344           1  0.87927444693385071     
    12984344           2   1.3325397945290580     
    12984344           3  0.78818575853709127     
    12984349           1   1.4973851383466774     
    12984349           2  0.91321358879563297     
    12984349           3  0.58940127285768973     
    12984352           1  0.72719982934249594     
    12984352           2   1.0325748529654366     
    12984352           3   1.2402253176920679     
    12984353           1  0.38272963238141700     
    12984353           2   1.1602433404165573     
    12984353           3   1.4570270272020256     
    12984354           1   1.5642393454889401     
    12984354           2   1.1244128112556353     
    12984354           3  0.31134784325542508     
    12984355           1   1.1812737319835533     
    12984355           2  0.95915553469939174     
    12984355           3  0.85957073331705491     
    12984356           1   1.4796062063891946     
    12984356           2   6.8321714643627296E-002
    12984356           3   1.4520720789671779     
    12984358           1   1.4520602251639869     
    12984358           2  0.55462010791964067     
    12984358           3  0.99331966691637208     
    12984360           1  0.85888650612036388     
    12984360           2   1.4394505797215942     
    12984360           3  0.70166291415804183     
    12984363           1   1.0968103383193468     
    12984363           2  0.62508762761873471     
    12984363           3   1.2781020340619187     
    12984369           1   1.1874225474706852     
    12984369           2  0.79180077289991646     
    12984369           3   1.0207766796293982     
    12984370           1  0.87989680521285607     
    12984370           2   1.0641328343068712     
    12984370           3   1.0559703604802728     
    12984371           1   1.4342816750125091     
    12984371           2  0.93824184706822733     
    12984371           3  0.62747647791926375     
    12984372           1   1.4319465636509707     
    12984372           2  0.13296082774375217     
    12984372           3   1.4350926086052769     
    12984376           1  0.81380765313099002     
    12984376           2  0.91922279120942740     
    12984376           3   1.2669695556595826     
    12984378           1   1.8193757372400998     
    12984378           2  0.88408763378377253     
    12984378           3  0.29653662897612731     
    12984379           1   1.2214785580729908     
    12984379           2   1.0283939732952789     
    12984379           3  0.75012746863173019     
    12984383           1  0.46895982643047224     
    12984383           2  0.99403602674681690     
    12984383           3   1.5370041468227114     
    12984384           1   1.9217118194933418     
    12984384           2  0.41230029108057564     
    12984384           3  0.66598788942608289     
    12984387           1   1.3788209316898377     
    12984387           2  0.73044259810816137     
    12984387           3  0.89073647020200075     
    12984389           1   1.0973778063849355     
    12984389           2  0.87078096640569380     
    12984389           3   1.0318412272093709     
    12984391           1   1.5497489283391315     
    12984391           2  0.22463522911885539     
    12984391           3   1.2256158425420129     
    12984392           1  0.85827479547846497     
    12984392           2   1.3275269270035037     
    12984392           3  0.81419827751803142     
    12984394           1   1.0489157904992790     
    12984394           2  0.46523702464295486     
    12984394           3   1.4858471848577663     
    12984395           1  0.91883768047076586     
    12984395           2   1.0179125332559282     
    12984395           3   1.0632497862733059     
    12984396           1  0.89052117099283878     
    12984396           2  0.63006862971987210     
    12984396           3   1.4794101992872890     
    12984397           1   1.2832301517875013     
    12984397           2  0.65527242492235471     
    12984397           3   1.0614974232901442     
    12984399           1   1.9844532149299805     
    12984399           2  0.84238878869264944     
    12984399           3  0.17315799637737014     
    12984400           1  0.81863041522832802     
    12984400           2   1.2755912246324819     
    12984400           3  0.90577836013919055     
    12984402           1   1.3750420184115326     
    12984402           2  0.73531132734476012     
    12984402           3  0.88964665424370748     
    12984403           1  0.19670467852041337     
    12984403           2  0.83984570530822156     
    12984403           3   1.9634496161713648     
    12984404           1   1.5551628607649413     
    12984404           2  0.76481528387843378     
    12984404           3  0.68002185535662507     
