    10691831           1  0.81174488288158397     
    10691831           2   1.1523625784398970     
    10691831           3   1.0358925386785189     
    11561397           1  0.85036111023912186     
    11561397           2  0.77616458582967895     
    11561397           3   1.3734743039311990     
    11666900           1   1.0717152699281152     
    11666900           2  0.90560953138660538     
    11666900           3   1.0226751986852793     
    11732876           1  0.97234431039927616     
    11732876           2   1.0113211060879315     
    11732876           3   1.0163345835127924     
    11782635           1   1.2007241064089822     
    11782635           2  0.77357685042489388     
    11782635           3   1.0256990431661239     
    11854332           1  0.90367601020173627     
    11854332           2   1.1271156690972328     
    11854332           3  0.96920832070103080     
    11861810           1   1.1442093674064697     
    11861810           2   1.1898325362925546     
    11861810           3  0.66595809630097547     
    11863041           1  0.94226960873341392     
    11863041           2  0.79507630132395091     
    11863041           3   1.2626540899426351     
    12039925           1   1.1173826998834460     
    12039925           2   1.0755870116564852     
    12039925           3  0.80703028846006897     
    12052618           1  0.83754713125991787     
    12052618           2   1.1287850351496340     
    12052618           3   1.0336678335904486     
    12070733           1  0.85754501997883048     
    12070733           2   1.0283009285153031     
    12070733           3   1.1141540515058665     
    12076318           1   1.2051607144794574     
    12076318           2  0.66717824537247050     
    12076318           3   1.1276610401480724     
    12092045           1   1.0355183847750542     
    12092045           2  0.92336421012190206     
    12092045           3   1.0411174051030434     
    12109784           1  0.68969890324151584     
    12109784           2   1.2191451826734945     
    12109784           3   1.0911559140849900     
    12113294           1   1.0481925345588714     
    12113294           2  0.97011411503707468     
    12113294           3  0.98169335040405425     
    12133095           1   1.5177762721811621     
    12133095           2  0.72679870231925658     
    12133095           3  0.75542502549958102     
    12134073           1   1.0296939904742344     
    12134073           2   1.0212229094749394     
    12134073           3  0.94908310005082641     
    12193629           1  0.99424396891295563     
    12193629           2  0.83222563485913670     
    12193629           3   1.1735303962279078     
    12200477           1   1.4576875172646280     
    12200477           2  0.78544493027601925     
    12200477           3  0.75686755245935255     
    12212310           1  0.82078132266129666     
    12212310           2  0.97523931376605733     
    12212310           3   1.2039793635726457     
    12232520           1   1.0456572956303185     
    12232520           2  0.81009057467117929     
    12232520           3   1.1442521296985018     
    12237797           1  0.49493029844366793     
    12237797           2   1.0982813572323027     
    12237797           3   1.4067883443240290     
    12238461           1   1.1974664605713050     
    12238461           2  0.95770104907334930     
    12238461           3  0.84483249035534569     
    12283914           1   1.1779145307738674     
    12283914           2  0.89475765474004609     
    12283914           3  0.92732781448608625     
    12307311           1   1.2466100840625376     
    12307311           2  0.87872754731210168     
    12307311           3  0.87466236862536073     
    12307622           1  0.82625523261959244     
    12307622           2  0.93485040939657238     
    12307622           3   1.2388943579838347     
    12335334           1  0.76243807576718903     
    12335334           2   1.0908280469562923     
    12335334           3   1.1467338772765190     
    12337732           1   1.3121268208062435     
    12337732           2  0.74031526888406218     
    12337732           3  0.94755791030969438     
    12338199           1   1.4664519472995006     
    12338199           2  0.81317411157270125     
    12338199           3  0.72037394112779840     
    12350323           1  0.98427867191185547     
    12350323           2   1.2393275692453403     
    12350323           3  0.77639375884280426     
    12350907           1   1.1786780635473826     
    12350907           2  0.82411806292365386     
    12350907           3  0.99720387352896356     
    12355041           1  0.91060119388261740     
    12355041           2   1.3561202069521869     
    12355041           3  0.73327859916519578     
    12359042           1  0.85556374059781026     
    12359042           2   1.0204291565577643     
    12359042           3   1.1240071028444256     
    12370963           1  0.52170315483115470     
    12370963           2   1.0490125939434054     
    12370963           3   1.4292842512254398     
    12374763           1  0.83445614512449584     
    12374763           2  0.87052442751003267     
    12374763           3   1.2950194273654716     
    12387093           1  0.88633050213819309     
    12387093           2  0.94459728795130493     
    12387093           3   1.1690722099105024     
    12397142           1   1.1366878199737773     
    12397142           2  0.83024521408156604     
    12397142           3   1.0330669659446563     
    12408362           1   1.0143573025318460     
    12408362           2  0.81676762656802382     
    12408362           3   1.1688750709001305     
    12409808           1   1.1594926723091667     
    12409808           2  0.69066652637812187     
    12409808           3   1.1498408013127115     
    12411064           1  0.79500776463299327     
    12411064           2  0.98654129360972465     
    12411064           3   1.2184509417572822     
    12418982           1  0.95793409451078537     
    12418982           2   1.0285864085541176     
    12418982           3   1.0134794969350966     
    12423963           1   1.0917021799655726     
    12423963           2   1.1528741184634481     
    12423963           3  0.75542370157097882     
    12425535           1   1.1089184466305382     
    12425535           2  0.89416898514909149     
    12425535           3  0.99691256822037044     
    12438194           1  0.74071206043136051     
    12438194           2   1.1181288201905362     
    12438194           3   1.1411591193781025     
    12440094           1   1.1822392955320637     
    12440094           2   1.1468770761259992     
    12440094           3  0.67088362834193715     
    12444710           1   1.3690657573273739     
    12444710           2   1.1445539297330840     
    12444710           3  0.48638031293954154     
    12460383           1   1.0623806081183609     
    12460383           2  0.97125839525559865     
    12460383           3  0.96636099662604058     
    12466988           1  0.99531415818901880     
    12466988           2   1.1677391922878304     
    12466988           3  0.83694664952315012     
    12472273           1  0.89890696791395175     
    12472273           2   1.2227329983448076     
    12472273           3  0.87836003374124094     
    12475912           1   1.2392921505850159     
    12475912           2  0.86243742467268292     
    12475912           3  0.89827042474230134     
    12484351           1  0.98189251242414310     
    12484351           2   1.1603715653616016     
    12484351           3  0.85773592221425521     
    12484948           1  0.77875295032198633     
    12484948           2   1.0446863149422805     
    12484948           3   1.1765607347357336     
    12500485           1   1.0375042390425853     
    12500485           2  0.64801536499918566     
    12500485           3   1.3144803959582290     
    12505748           1   1.0007537496453052     
    12505748           2  0.79209278196101707     
    12505748           3   1.2071534683936784     
    12513468           1  0.64799470006823567     
    12513468           2  0.94016497316654923     
    12513468           3   1.4118403267652151     
    12520733           1   1.0108086252598818     
    12520733           2  0.87676086010606780     
    12520733           3   1.1124305146340503     
    12543088           1   1.0422816545918447     
    12543088           2  0.95785858728308548     
    12543088           3  0.99985975812507011     
    12549570           1   1.0311385032554090     
    12549570           2  0.77470581783621884     
    12549570           3   1.1941556789083720     
    12551122           1   1.0046007766551355     
    12551122           2   1.0149272068148187     
    12551122           3  0.98047201653004601     
    12580869           1   1.0037904973455487     
    12580869           2  0.90339837510518939     
    12580869           3   1.0928111275492620     
    12588470           1   1.0317388392041822     
    12588470           2   1.0565943902147878     
    12588470           3  0.91166677058103007     
    12606712           1   1.0807231422537888     
    12606712           2   1.1011283445200675     
    12606712           3  0.81814851322614401     
    12607619           1   1.0743795378124925     
    12607619           2  0.90756415053396167     
    12607619           3   1.0180563116535462     
    12611086           1   1.2187875796433183     
    12611086           2  0.50949360637971786     
    12611086           3   1.2717188139769637     
    12617255           1   1.2590058055282458     
    12617255           2  0.69117119782935887     
    12617255           3   1.0498229966423955     
    12619020           1   1.0989031680015018     
    12619020           2   1.0457361607475828     
    12619020           3  0.85536067125091542     
    12619109           1   1.1975248161695182     
    12619109           2  0.86283256499501637     
    12619109           3  0.93964261883546540     
    12621481           1   1.0592486063676554     
    12621481           2  0.92157869253730662     
    12621481           3   1.0191727010950380     
    12621639           1   1.0231781265710445     
    12621639           2  0.84667114887124195     
    12621639           3   1.1301507245577138     
    12622481           1  0.86048574420530355     
    12622481           2  0.98744726564647478     
    12622481           3   1.1520669901482214     
    12627592           1   1.0849726952074774     
    12627592           2  0.96000826984939869     
    12627592           3  0.95501903494312401     
    12629017           1  0.81914747281998879     
    12629017           2  0.98296586762378035     
    12629017           3   1.1978866595562310     
    12629205           1   1.0727649023859873     
    12629205           2   1.0469880308232060     
    12629205           3  0.88024706679080644     
    12641427           1   1.0130787969692407     
    12641427           2  0.87686104441822244     
    12641427           3   1.1100601586125367     
    12644449           1   1.1285767933993556     
    12644449           2   1.0741583087141251     
    12644449           3  0.79726489788651900     
    12649233           1   1.4266954391998450     
    12649233           2  0.87955603435913177     
    12649233           3  0.69374852644102336     
    12649572           1  0.81873865399255175     
    12649572           2   1.0151730305226048     
    12649572           3   1.1660883154848436     
    12652651           1  0.91212848761831600     
    12652651           2  0.79429946837673748     
    12652651           3   1.2935720440049465     
    12654174           1   1.0861799624062021     
    12654174           2  0.91572030360132550     
    12654174           3  0.99809973399247209     
    12655861           1  0.57790833414673404     
    12655861           2   1.1546948035428581     
    12655861           3   1.2673968623104077     
    12662410           1   1.1847749769061664     
    12662410           2   1.1081932971119195     
    12662410           3  0.70703172598191399     
    12675692           1   1.0100502628388104     
    12675692           2  0.88672267394056237     
    12675692           3   1.1032270632206274     
    12676604           1  0.90827790918224793     
    12676604           2  0.87387157984951402     
    12676604           3   1.2178505109682380     
    12677131           1  0.67720296232186494     
    12677131           2   1.1955762786916240     
    12677131           3   1.1272207589865109     
    12679268           1  0.83707962071458153     
    12679268           2   1.0832483446116654     
    12679268           3   1.0796720346737529     
    12689266           1   1.2115527877829504     
    12689266           2  0.91339679045287658     
    12689266           3  0.87505042176417269     
    12691367           1   1.1199416067529824     
    12691367           2  0.52634635402071162     
    12691367           3   1.3537120392263060     
    12696234           1   1.1916214158733360     
    12696234           2  0.80497674880758519     
    12696234           3   1.0034018353190786     
    12700114           1  0.77546025975148636     
    12700114           2   1.0422574433682070     
    12700114           3   1.1822822968803068     
    12704223           1   1.3298152353540371     
    12704223           2  0.82032891797983443     
    12704223           3  0.84985584666612846     
    12704677           1  0.96181482652814421     
    12704677           2  0.97785028866713963     
    12704677           3   1.0603348848047163     
    12704934           1  0.86537074665936808     
    12704934           2   1.2564876480887723     
    12704934           3  0.87814160525185969     
    12708238           1   1.0418651996686086     
    12708238           2  0.95698945880644426     
    12708238           3   1.0011453415249472     
    12710336           1  0.93506429799548296     
    12710336           2   1.0969543596910742     
    12710336           3  0.96798134231344279     
    12715865           1  0.81334563935357074     
    12715865           2  0.96436110204905701     
    12715865           3   1.2222932585973723     
    12722333           1  0.75447522314407345     
    12722333           2   1.1238409018883941     
    12722333           3   1.1216838749675324     
    12726239           1   1.1611992473432928     
    12726239           2  0.68726758221428708     
    12726239           3   1.1515331704424203     
    12729924           1  0.78842241961018311     
    12729924           2  0.92991077281154244     
    12729924           3   1.2816668075782744     
    12731505           1   1.4255098463970086     
    12731505           2  0.68735744385003916     
    12731505           3  0.88713270975295233     
    12734981           1   1.1562680378959234     
    12734981           2  0.88271781476999356     
    12734981           3  0.96101414733408286     
    12735119           1  0.75597612887527010     
    12735119           2   1.1411704253596986     
    12735119           3   1.1028534457650316     
    12737845           1  0.88109718881394927     
    12737845           2   1.2251499734738054     
    12737845           3  0.89375283771224534     
    12737961           1   1.1404283204072951     
    12737961           2   1.0765010833903252     
    12737961           3  0.78307059620237962     
    12738402           1  0.87456074171437892     
    12738402           2  0.92420861361651985     
    12738402           3   1.2012306446691010     
    12740119           1  0.72723690116365514     
    12740119           2  0.95703626717266355     
    12740119           3   1.3157268316636817     
    12741108           1   1.1976666068518307     
    12741108           2   1.1020504704311382     
    12741108           3  0.70028292271703096     
    12741220           1   1.0589100566848992     
    12741220           2   1.0012972791286447     
    12741220           3  0.93979266418645624     
    12748111           1  0.76524364889978513     
    12748111           2   1.0961204000204066     
    12748111           3   1.1386359510798085     
    12750323           1  0.84673172730391411     
    12750323           2  0.72695363993961659     
    12750323           3   1.4263146327564695     
    12752283           1   1.1776602825806142     
    12752283           2  0.88819893530493865     
    12752283           3  0.93414078211444695     
    12755794           1   1.1530065238236551     
    12755794           2  0.88639886357098963     
    12755794           3  0.96059461260535528     
    12756400           1  0.71320791841704012     
    12756400           2   1.1579011567578308     
    12756400           3   1.1288909248251291     
    12756431           1  0.77697930351081557     
    12756431           2  0.77747101708028121     
    12756431           3   1.4455496794089031     
    12764604           1  0.79768409413815966     
    12764604           2   1.0167291951160780     
    12764604           3   1.1855867107457625     
    12766046           1   1.0722745901935482     
    12766046           2   1.0022389878461395     
    12766046           3  0.92548642196031250     
    12767112           1  0.96566557613307902     
    12767112           2  0.75019878326678879     
    12767112           3   1.2841356406001325     
    12767611           1   1.0623260772368117     
    12767611           2  0.68525760231856603     
    12767611           3   1.2524163204446228     
    12768052           1   1.1240558247796619     
    12768052           2   1.0099317515281330     
    12768052           3  0.86601242369220477     
    12772397           1   1.1514685553251249     
    12772397           2  0.90774427878676522     
    12772397           3  0.94078716588810951     
    12774160           1  0.96285054761313027     
    12774160           2  0.96336474063306443     
    12774160           3   1.0737847117538051     
    12775382           1   1.2114792396879230     
    12775382           2  0.95794523434938272     
    12775382           3  0.83057552596269468     
    12776478           1   1.0211631118966615     
    12776478           2  0.98354864939058806     
    12776478           3  0.99528823871275074     
    12778027           1   1.2194220220009819     
    12778027           2  0.97526050890503779     
    12778027           3  0.80531746909398050     
    12782074           1   1.0219413110942266     
    12782074           2  0.89845602528984814     
    12782074           3   1.0796026636159255     
    12784181           1  0.89247711239917638     
    12784181           2   1.0472156478307098     
    12784181           3   1.0603072397701134     
    12790812           1  0.86910073206981542     
    12790812           2   1.2458214279204385     
    12790812           3  0.88507784000974576     
    12791172           1   1.0586788131012397     
    12791172           2   1.0209843643349712     
    12791172           3  0.92033682256378935     
    12792979           1  0.47882238510403169     
    12792979           2   1.1889255412650366     
    12792979           3   1.3322520736309311     
    12794345           1  0.85065671487050853     
    12794345           2  0.80944664215745055     
    12794345           3   1.3398966429720407     
    12794472           1   1.2969781135960228     
    12794472           2  0.67736999348864402     
    12794472           3   1.0256518929153333     
    12795440           1  0.78662037433110765     
    12795440           2  0.99603683214128136     
    12795440           3   1.2173427935276111     
    12796678           1  0.94684209429576316     
    12796678           2  0.82607671349839062     
    12796678           3   1.2270811922058460     
    12797227           1  0.92786047492388235     
    12797227           2   1.0399981572582029     
    12797227           3   1.0321413678179152     
    12797982           1   1.1845177795343442     
    12797982           2   1.1260636333050049     
    12797982           3  0.68941858716065085     
    12799163           1  0.89440305114179852     
    12799163           2  0.90475619455786671     
    12799163           3   1.2008407543003350     
    12802314           1   1.1785154403167843     
    12802314           2  0.89446257066061519     
    12802314           3  0.92702198902260047     
    12802487           1  0.88366515243315036     
    12802487           2   1.1645785442407168     
    12802487           3  0.95175630332613315     
    12811621           1  0.93217127311410775     
    12811621           2  0.97296175760352088     
    12811621           3   1.0948669692823714     
    12814197           1   1.1914987940465525     
    12814197           2  0.76418505031285133     
    12814197           3   1.0443161556405964     
    12815147           1  0.77079845771979749     
    12815147           2   1.0949831210931049     
    12815147           3   1.1342184211870978     
    12816274           1  0.93378879393985736     
    12816274           2   1.0617398069490622     
    12816274           3   1.0044713991110805     
    12816310           1   1.1189366724541292     
    12816310           2  0.99006036164653588     
    12816310           3  0.89100296589933536     
    12816995           1  0.79818934052632606     
    12816995           2  0.74082812057921688     
    12816995           3   1.4609825388944568     
    12819524           1  0.96957016693224174     
    12819524           2   1.0676388092840172     
    12819524           3  0.96279102378374071     
    12825085           1  0.93779299408072680     
    12825085           2  0.97252483559308589     
    12825085           3   1.0896821703261870     
    12825108           1  0.85274260467263319     
    12825108           2  0.98659692763860929     
    12825108           3   1.1606604676887573     
    12826131           1   1.1628085659281355     
    12826131           2  0.70688601662646855     
    12826131           3   1.1303054174453961     
    12827035           1   1.1421266931098437     
    12827035           2  0.91430789848004268     
    12827035           3  0.94356540841011327     
    12828543           1  0.87242483545214033     
    12828543           2  0.95952344366996056     
    12828543           3   1.1680517208778993     
    12828547           1  0.73993781882898357     
    12828547           2   1.1200958773448026     
    12828547           3   1.1399663038262136     
    12828617           1  0.91255663300799128     
    12828617           2   1.1054184128720759     
    12828617           3  0.98202495411993296     
    12829672           1  0.83608791554655792     
    12829672           2  0.94597540721425333     
    12829672           3   1.2179366772391889     
    12830343           1   1.0140349505542250     
    12830343           2  0.80155120221104592     
    12830343           3   1.1844138472347290     
    12830714           1  0.95686556635237063     
    12830714           2  0.79977810109688940     
    12830714           3   1.2433563325507402     
    12831396           1  0.78146820709777953     
    12831396           2   1.0230048521308808     
    12831396           3   1.1955269407713398     
    12832139           1  0.86476937706739887     
    12832139           2   1.2589242493104151     
    12832139           3  0.87630637362218644     
    12832579           1   1.0671756563010713     
    12832579           2  0.94567862617430243     
    12832579           3  0.98714571752462654     
    12833180           1  0.55872568354829644     
    12833180           2   1.2597084377011831     
    12833180           3   1.1815658787505205     
    12840136           1  0.91547968925348289     
    12840136           2  0.98081553802501520     
    12840136           3   1.1037047727215017     
    12841355           1  0.94171917761880874     
    12841355           2   1.0709013821873270     
    12841355           3  0.98737944019386470     
    12843909           1  0.99914409582997976     
    12843909           2   1.1185265265986002     
    12843909           3  0.88232937757141949     
    12848181           1  0.84876263119090434     
    12848181           2  0.77470557881080404     
    12848181           3   1.3765317899982916     
    12850094           1  0.90222966337426835     
    12850094           2   1.0084024780690490     
    12850094           3   1.0893678585566828     
    12850695           1   1.2487614373380471     
    12850695           2  0.78796875428908408     
    12850695           3  0.96326980837286835     
    12851805           1   1.0024963135403560     
    12851805           2  0.81097904624678185     
    12851805           3   1.1865246402128626     
    12852151           1   1.0108232523189036     
    12852151           2  0.87675441304772461     
    12852151           3   1.1124223346333717     
    12854952           1   1.0361970382762196     
    12854952           2  0.69758465788710711     
    12854952           3   1.2662183038366732     
    12856013           1   1.1018175549102649     
    12856013           2   1.1260717409569128     
    12856013           3  0.77211070413282246     
    12857922           1   1.0108650520061155     
    12857922           2  0.78808672737179220     
    12857922           3   1.2010482206220920     
    12858851           1  0.42449922875572099     
    12858851           2   1.1105494374225759     
    12858851           3   1.4649513338217031     
    12859238           1  0.99642456562750970     
    12859238           2  0.92797526507894734     
    12859238           3   1.0756001692935429     
    12861338           1  0.85701790729253302     
    12861338           2  0.99555803878605076     
    12861338           3   1.1474240539214160     
    12861508           1  0.90605564331492272     
    12861508           2  0.93674752070247791     
    12861508           3   1.1571968359825993     
    12862018           1   1.1877702711429048     
    12862018           2  0.82850725877804743     
    12862018           3  0.98372247007904789     
    12864243           1  0.65102803326980341     
    12864243           2   1.0947745334737957     
    12864243           3   1.2541974332564008     
    12866223           1  0.81971002297504125     
    12866223           2   1.2402404580062258     
    12866223           3  0.94004951901873290     
    12866662           1   1.1903282513578455     
    12866662           2   1.0043910559413360     
    12866662           3  0.80528069270081815     
    12867806           1   1.2129417516213916     
    12867806           2  0.84575235710881258     
    12867806           3  0.94130589126979536     
    12869003           1   1.0199839115752682     
    12869003           2  0.90775087630961737     
    12869003           3   1.0722652121151144     
    12869747           1   1.4703081796652124     
    12869747           2  0.79224531457090963     
    12869747           3  0.73744650576387805     
    12870190           1  0.80547899588499328     
    12870190           2  0.99873207315592571     
    12870190           3   1.1957889309590810     
    12870506           1  0.91985398742024338     
    12870506           2   1.1043921271362231     
    12870506           3  0.97575388544353359     
    12872221           1   1.1490386129497934     
    12872221           2   1.0581915114765414     
    12872221           3  0.79276987557366552     
    12872495           1   1.3644363604320411     
    12872495           2  0.59776056026140445     
    12872495           3   1.0378030793065545     
    12872832           1   1.1243996824616895     
    12872832           2   1.0699991057644138     
    12872832           3  0.80560121177389676     
    12873276           1   1.1559749854574424     
    12873276           2  0.85695546250123500     
    12873276           3  0.98706955204132285     
    12874047           1   1.1905281501350951     
    12874047           2  0.81211086803891241     
    12874047           3  0.99736098182599264     
    12875480           1   1.0273756639591050     
    12875480           2  0.86945873157092912     
    12875480           3   1.1031656044699656     
    12877022           1   1.1379208988394089     
    12877022           2  0.93236081013726124     
    12877022           3  0.92971829102332981     
    12878327           1  0.94376435207562193     
    12878327           2   1.1889189596927801     
    12878327           3  0.86731668823159769     
    12878499           1   1.4794460994660912     
    12878499           2  0.85161321192027595     
    12878499           3  0.66894068861363321     
    12878631           1   1.2091369838955788     
    12878631           2  0.82176878148569943     
    12878631           3  0.96909423461872179     
    12880749           1  0.78327200348617398     
    12880749           2  0.99192693423116540     
    12880749           3   1.2248010622826608     
    12881582           1  0.69396031591389240     
    12881582           2   1.0910401029790879     
    12881582           3   1.2149995811070196     
    12881983           1  0.86729991762812020     
    12881983           2   1.2526008360767500     
    12881983           3  0.88009924629512937     
    12882047           1   1.0069501513737893     
    12882047           2   1.1247140005745568     
    12882047           3  0.86833584805165343     
    12883239           1  0.97833651216128514     
    12883239           2   1.1670339231190558     
    12883239           3  0.85462956471965901     
    12885573           1   1.2240683155749423     
    12885573           2   1.0259688873907298     
    12885573           3  0.74996279703432733     
    12885702           1   1.0927415024994063     
    12885702           2  0.73373502690147441     
    12885702           3   1.1735234705991191     
    12888572           1   1.0424764613801456     
    12888572           2  0.91934139540776716     
    12888572           3   1.0381821432120875     
    12889229           1   1.1718236993709776     
    12889229           2  0.81276192092135202     
    12889229           3   1.0154143797076707     
    12889455           1  0.81782347662231480     
    12889455           2  0.98356262648526094     
    12889455           3   1.1986138968924243     
    12889801           1  0.83569814418082367     
    12889801           2  0.97550605783325051     
    12889801           3   1.1887957979859258     
    12891260           1   1.0116770508104234     
    12891260           2  0.82482342801602315     
    12891260           3   1.1634995211735537     
    12892316           1  0.94057525784891127     
    12892316           2  0.98804029428315310     
    12892316           3   1.0713844478679357     
    12892691           1  0.76868381990594392     
    12892691           2   1.0997638977449760     
    12892691           3   1.1315522823490807     
    12893208           1   1.0393685943530608     
    12893208           2  0.64739975557416629     
    12893208           3   1.3132316500727730     
    12893495           1  0.93047885405781583     
    12893495           2  0.95890882951557321     
    12893495           3   1.1106123164266111     
    12895477           1   1.0973008645252507     
    12895477           2  0.98922763896409938     
    12895477           3  0.91347149651064996     
    12898159           1   1.2056092112215226     
    12898159           2  0.90891589303778875     
    12898159           3  0.88547489574068849     
    12898275           1   1.2409310626967571     
    12898275           2  0.80183932464324159     
    12898275           3  0.95722961266000117     
    12898891           1  0.94045281914354628     
    12898891           2   1.1395091004315219     
    12898891           3  0.92003808042493196     
    12899103           1   1.0840661423057822     
    12899103           2  0.87412949549662367     
    12899103           3   1.0418043621975939     
    12899133           1  0.88092160338305658     
    12899133           2   1.0529575118605259     
    12899133           3   1.0661208847564170     
    12899427           1  0.98602758467616225     
    12899427           2  0.94049949497430885     
    12899427           3   1.0734729203495290     
    12900004           1  0.76671681402733860     
    12900004           2   1.0982305336376297     
    12900004           3   1.1350526523350319     
    12900599           1  0.94178913282896293     
    12900599           2   1.1788489009667140     
    12900599           3  0.87936196620432305     
    12901326           1  0.94768102024632439     
    12901326           2  0.86156409470208850     
    12901326           3   1.1907548850515870     
    12901404           1  0.75600165823183807     
    12901404           2   1.1006534823418630     
    12901404           3   1.1433448594262989     
    12901626           1   1.0676742227153782     
    12901626           2  0.71946810247556447     
    12901626           3   1.2128576748090569     
    12904123           1  0.78729524543389762     
    12904123           2  0.78779348747664757     
    12904123           3   1.4249112670894548     
    12905439           1  0.85838665223780619     
    12905439           2   1.0278969754607727     
    12905439           3   1.1137163723014210     
    12905928           1   1.0393992133259808     
    12905928           2  0.98277813577858464     
    12905928           3  0.97782265089543463     
    12907731           1  0.82333218910762218     
    12907731           2   1.1162833410818895     
    12907731           3   1.0603844698104881     
    12908247           1  0.74734012480054346     
    12908247           2   1.1170152455481011     
    12908247           3   1.1356446296513552     
    12908358           1   1.1865937140482670     
    12908358           2  0.82738056402569549     
    12908358           3  0.98602572192603799     
    12909187           1  0.97251522205398833     
    12909187           2  0.92257045966835560     
    12909187           3   1.1049143182776560     
    12910168           1  0.61636212769921750     
    12910168           2   1.1390944602287141     
    12910168           3   1.2445434120720682     
    12910486           1  0.82678406711622210     
    12910486           2  0.99566893984534444     
    12910486           3   1.1775469930384330     
    12911829           1   1.0417184372798516     
    12911829           2  0.98265158143878839     
    12911829           3  0.97562998128136014     
    12912610           1   1.1624993594457766     
    12912610           2  0.68467818042725614     
    12912610           3   1.1528224601269674     
    12912657           1   1.0361281957974529     
    12912657           2  0.97611049814773931     
    12912657           3  0.98776130605480750     
    12913012           1   1.0323972118052260     
    12913012           2  0.86724542184893028     
    12913012           3   1.1003573663458439     
    12915831           1  0.88820902993019690     
    12915831           2  0.91926641403645359     
    12915831           3   1.1925245560333495     
    12916137           1  0.95567135821759941     
    12916137           2  0.98417208505933285     
    12916137           3   1.0601565567230675     
    12916570           1  0.55367737525259419     
    12916570           2  0.98823308067212179     
    12916570           3   1.4580895440752843     
    12917505           1   1.4147780293716010     
    12917505           2   1.1104784070215312     
    12917505           3  0.47474356360686798     
    12918273           1  0.81962941530129696     
    12918273           2  0.97808091928547736     
    12918273           3   1.2022896654132256     
    12918323           1  0.77176379353741831     
    12918323           2   1.0963544606642923     
    12918323           3   1.1318817457982893     
    12919394           1   1.2171995796888304     
    12919394           2  0.96246844222881689     
    12919394           3  0.82033197808235248     
    12920482           1  0.95615634734281085     
    12920482           2  0.83420297614783523     
    12920482           3   1.2096406765093541     
    12920602           1  0.83701701075423751     
    12920602           2  0.72626114799909436     
    12920602           3   1.4367218412466678     
    12921090           1  0.81436511478577389     
    12921090           2   1.0518710803970481     
    12921090           3   1.1337638048171779     
    12921168           1   1.2694397914630946     
    12921168           2  0.81617421377404309     
    12921168           3  0.91438599476286220     
    12921290           1   1.0259988873967918     
    12921290           2  0.67409758160406319     
    12921290           3   1.2999035309991447     
    12921514           1   1.0417522032714057     
    12921514           2  0.95688566768160332     
    12921514           3   1.0013621290469910     
    12922866           1   1.1195553054747642     
    12922866           2  0.94267191554965091     
    12922866           3  0.93777277897558475     
    12924156           1  0.83586037166759208     
    12924156           2  0.93071958028264934     
    12924156           3   1.2334200480497588     
    12924528           1  0.71746954314531663     
    12924528           2   1.0432299146456989     
    12924528           3   1.2393005422089847     
    12925299           1   1.0280565038465816     
    12925299           2  0.79589199239690978     
    12925299           3   1.1760515037565082     
    12925531           1  0.90188427481093181     
    12925531           2   1.0085685070556758     
    12925531           3   1.0895472181333929     
    12926154           1  0.92299993838956407     
    12926154           2   1.1007823019298912     
    12926154           3  0.97621775968054514     
    12926229           1   1.0479866685074677     
    12926229           2   1.0732336448814637     
    12926229           3  0.87877968661106864     
    12926708           1   1.1269861965718648     
    12926708           2   1.0991731883983358     
    12926708           3  0.77384061502979939     
    12926987           1   1.0716804573532084     
    12926987           2  0.90562588094284890     
    12926987           3   1.0226936617039428     
    12928420           1  0.78685259358394910     
    12928420           2  0.99019001983528132     
    12928420           3   1.2229573865807695     
    12928832           1  0.95185956669356608     
    12928832           2  0.96772905385717300     
    12928832           3   1.0804113794492605     
    12928860           1   1.0148740122988182     
    12928860           2  0.88457320858486976     
    12928860           3   1.1005527791163121     
    12929469           1  0.75910358662493693     
    12929469           2   1.0873254919848638     
    12929469           3   1.1535709213901995     
    12929558           1   1.3524651243534940     
    12929558           2  0.64638583205306854     
    12929558           3   1.0011490435934374     
    12930226           1   1.1853936193652412     
    12930226           2  0.78016800741478054     
    12930226           3   1.0344383732199784     
    12931478           1  0.80483476655361752     
    12931478           2   1.0096608537832923     
    12931478           3   1.1855043796630902     
    12931804           1  0.69912059226115797     
    12931804           2   1.2141733602573337     
    12931804           3   1.0867060474815085     
    12933919           1  0.83256218426236084     
    12933919           2  0.72741165989548917     
    12933919           3   1.4400261558421501     
    12934452           1   1.2288029181074238     
    12934452           2  0.90003979623373609     
    12934452           3  0.87115728565883999     
    12935271           1   1.1794751364489025     
    12935271           2  0.89399129997933269     
    12935271           3  0.92653356357176486     
    12935517           1  0.92669344502643647     
    12935517           2  0.98103060957045563     
    12935517           3   1.0922759454031079     
    12936630           1  0.80405232847187158     
    12936630           2  0.88887273894574259     
    12936630           3   1.3070749325823861     
    12937057           1   1.4255208341738712     
    12937057           2  0.88021269738822627     
    12937057           3  0.69426646843790207     
    12937406           1  0.82623139222701891     
    12937406           2  0.98171499974538556     
    12937406           3   1.1920536080275956     
    12937611           1   1.0871618307365738     
    12937611           2   1.1556171133251225     
    12937611           3  0.75722105593830380     
    12937882           1  0.92499612445282653     
    12937882           2  0.80550486019999290     
    12937882           3   1.2694990153471803     
    12937908           1  0.87262236322518971     
    12937908           2   1.2508695465017552     
    12937908           3  0.87650809027305498     
    12938928           1   1.0698564201354077     
    12938928           2   1.0522830406011048     
    12938928           3  0.87786053926348750     
    12939103           1  0.91783918793589414     
    12939103           2   1.0450277992657699     
    12939103           3   1.0371330127983360     
    12939457           1   1.4305904102679172     
    12939457           2  0.49767650649025541     
    12939457           3   1.0717330832418277     
    12939559           1  0.88443398807176288     
    12939559           2   1.2297897335072028     
    12939559           3  0.88577627842103435     
    12940678           1   1.3820659024338884     
    12940678           2   1.1269352959883698     
    12940678           3  0.49099880157774212     
    12941604           1  0.81917053119822569     
    12941604           2   1.0256773111348916     
    12941604           3   1.1551521576668826     
    12942250           1  0.45168463707479123     
    12942250           2   1.0988271579140900     
    12942250           3   1.4494882050111189     
    12942715           1  0.90468689597302843     
    12942715           2  0.81229465531689427     
    12942715           3   1.2830184487100775     
    12942853           1   1.0206230891968264     
    12942853           2  0.99323707514378567     
    12942853           3  0.98613983565938801     
    12943067           1   1.0472877800849021     
    12943067           2  0.77365619886365200     
    12943067           3   1.1790560210514456     
    12943180           1   1.2090644579816743     
    12943180           2  0.84497195617382437     
    12943180           3  0.94596358584450135     
    12943417           1  0.91110023607000701     
    12943417           2   1.1070889852823440     
    12943417           3  0.98181077864764899     
    12945102           1   1.1656116464058557     
    12945102           2  0.89407137814312210     
    12945102           3  0.94031697545102166     
    12946362           1   1.0112695843272868     
    12946362           2  0.87529509703925801     
    12946362           3   1.1134353186334554     
    12946962           1   1.1481347904376333     
    12946962           2  0.87149028143892826     
    12946962           3  0.98037492812343840     
    12947988           1   1.1267417560748605     
    12947988           2  0.57594714389586332     
    12947988           3   1.2973111000292763     
    12947993           1  0.99828863239986976     
    12947993           2  0.83568954645364268     
    12947993           3   1.1660218211464874     
    12948003           1  0.72773497775487683     
    12948003           2   1.1510987138799380     
    12948003           3   1.1211663083651850     
    12948655           1   1.0383351398118843     
    12948655           2  0.95855539459534567     
    12948655           3   1.0031094655927699     
    12949056           1   1.0805337191124411     
    12949056           2   1.0328445852095782     
    12949056           3  0.88662169567798066     
    12949255           1  0.82348566386247490     
    12949255           2   1.0210589580674578     
    12949255           3   1.1554553780700669     
    12949917           1  0.93181850131037569     
    12949917           2  0.94477861025951826     
    12949917           3   1.1234028884301059     
    12950276           1  0.99137138581532414     
    12950276           2   1.1426123862273161     
    12950276           3  0.86601622795735955     
    12950365           1  0.90028007763154372     
    12950365           2   1.0143398422508143     
    12950365           3   1.0853800801176416     
    12950623           1   1.1001981827236480     
    12950623           2  0.53187377768534427     
    12950623           3   1.3679280395910072     
    12951691           1  0.77071355918474216     
    12951691           2   1.0947462510144779     
    12951691           3   1.1345401898007801     
    12952185           1   1.2409236459389392     
    12952185           2  0.93955901563659805     
    12952185           3  0.81951733842446262     
    12952398           1  0.83370086185923831     
    12952398           2  0.76095799344452664     
    12952398           3   1.4053411446962352     
    12952881           1   1.0509383049031702     
    12952881           2   1.0054094499203299     
    12952881           3  0.94365224517649993     
    12953613           1   1.2345656092627528     
    12953613           2  0.67775397635680357     
    12953613           3   1.0876804143804437     
    12954044           1   1.4056111376273277     
    12954044           2  0.89134321475662837     
    12954044           3  0.70304564761604438     
    12954711           1   1.4088631665953883     
    12954711           2  0.68426654885940341     
    12954711           3  0.90687028454520824     
    12955002           1   1.0304954415218812     
    12955002           2  0.69960998654726669     
    12955002           3   1.2698945719308521     
    12955030           1   1.0446230056170067     
    12955030           2  0.97702671570552568     
    12955030           3  0.97835027867746716     
    12955089           1  0.90279920505892608     
    12955089           2  0.81059974711468541     
    12955089           3   1.2866010478263890     
    12955199           1  0.77340707242928275     
    12955199           2   1.0474409613459079     
    12955199           3   1.1791519662248089     
    12955262           1   1.4192390134709763     
    12955262           2  0.69009503079587364     
    12955262           3  0.89066595573315055     
    12955440           1   1.0060868673802095     
    12955440           2  0.99104205120717270     
    12955440           3   1.0028710814126176     
    12955899           1  0.80429165005830283     
    12955899           2  0.99725985554987795     
    12955899           3   1.1984484943918188     
    12956195           1  0.90645086479919923     
    12956195           2   1.0980222378199258     
    12956195           3  0.99552689738087485     
    12956289           1   1.1023850752566693     
    12956289           2   1.1050289248485841     
    12956289           3  0.79258599989474732     
    12956563           1  0.98316434076048720     
    12956563           2  0.88894542261849718     
    12956563           3   1.1278902366210157     
    12956640           1  0.77485054184167002     
    12956640           2  0.98133825917465223     
    12956640           3   1.2438111989836778     
    12957585           1  0.78569267326497150     
    12957585           2   1.1161415892510895     
    12957585           3   1.0981657374839389     
    12958209           1   1.0351937868652432     
    12958209           2   1.0500865760171567     
    12958209           3  0.91471963711760007     
    12958277           1   1.0509737535469721     
    12958277           2   1.1181961766074544     
    12958277           3  0.83083006984557284     
    12958342           1   1.2500984535312698     
    12958342           2  0.69470739867872788     
    12958342           3   1.0551941477900024     
    12958931           1  0.98482516550410837     
    12958931           2   1.1638372881387928     
    12958931           3  0.85133754635709880     
    12959847           1   1.0645292900916827     
    12959847           2  0.90812325946789174     
    12959847           3   1.0273474504404256     
    12959974           1   1.1506899959108403     
    12959974           2  0.86675322466829541     
    12959974           3  0.98255677942086417     
    12960012           1  0.96720747466386880     
    12960012           2   1.0059783583162178     
    12960012           3   1.0268141670199133     
    12960692           1   1.3124691194908507     
    12960692           2  0.68546044810165108     
    12960692           3   1.0020704324074983     
    12960917           1  0.95055196198606795     
    12960917           2  0.86417415047834711     
    12960917           3   1.1852738875355850     
    12960947           1  0.90701674682928402     
    12960947           2  0.89933620222946353     
    12960947           3   1.1936470509412525     
    12961016           1  0.96564259827994248     
    12961016           2   1.0368634520925799     
    12961016           3  0.99749394962747773     
    12961568           1   1.4503262287912004     
    12961568           2  0.78919377285913739     
    12961568           3  0.76047999834966196     
    12961793           1   1.0109500018837110     
    12961793           2  0.82423066277776258     
    12961793           3   1.1648193353385266     
    12961882           1  0.86458251020092891     
    12961882           2  0.98115686514625644     
    12961882           3   1.1542606246528146     
    12962521           1   1.1466768904873632     
    12962521           2   1.1693144118090879     
    12962521           3  0.68400869770354922     
    12963302           1   1.0575725922513315     
    12963302           2  0.70559993987205771     
    12963302           3   1.2368274678766109     
    12963593           1   1.0901235336168025     
    12963593           2  0.95742614088589251     
    12963593           3  0.95245032549730524     
    12963762           1  0.84680725926078970     
    12963762           2  0.97275648367460021     
    12963762           3   1.1804362570646099     
    12963897           1   1.0059260065801494     
    12963897           2  0.95997870389153217     
    12963897           3   1.0340952895283186     
    12963980           1   1.0335478006547263     
    12963980           2  0.92160705459815861     
    12963980           3   1.0448451447471150     
    12964551           1  0.91039521340818974     
    12964551           2   1.2082098505644505     
    12964551           3  0.88139493602735930     
    12964622           1  0.78080178270666867     
    12964622           2  0.94991958784001396     
    12964622           3   1.2692786294533176     
    12964670           1   1.0434117119890660     
    12964670           2   1.0183401519229009     
    12964670           3  0.93824813608803281     
    12964921           1   1.0144908955871808     
    12964921           2  0.91960767030526713     
    12964921           3   1.0659014341075521     
    12964925           1   1.1731484355857635     
    12964925           2  0.90188339668262596     
    12964925           3  0.92496816773161061     
    12964941           1   1.2268953094346697     
    12964941           2  0.92893753213106178     
    12964941           3  0.84416715843426848     
    12965035           1  0.85829506646611098     
    12965035           2  0.99257094666477141     
    12965035           3   1.1491339868691177     
    12965088           1  0.86880962107096582     
    12965088           2   1.2388722608411598     
    12965088           3  0.89231811808787420     
    12965137           1   1.0230494437316586     
    12965137           2  0.78325932367568629     
    12965137           3   1.1936912325926550     
    12965242           1   1.2747152146813809     
    12965242           2  0.69199493195608341     
    12965242           3   1.0332898533625359     
    12965936           1  0.93170213378524569     
    12965936           2   1.0004197127170777     
    12965936           3   1.0678781534976762     
    12965950           1   1.0653986473334993     
    12965950           2  0.94654806855515350     
    12965950           3  0.98805328411134707     
    12966014           1  0.95929854678059423     
    12966014           2   1.0257783868279950     
    12966014           3   1.0149230663914111     
    12966278           1   1.0158643670291609     
    12966278           2  0.88112690800048565     
    12966278           3   1.1030087249703537     
    12966464           1  0.88358949661250064     
    12966464           2   1.2165775447215896     
    12966464           3  0.89983295866591029     
    12966604           1  0.99915215266668478     
    12966604           2  0.86480696540194713     
    12966604           3   1.1360408819313681     
    12966743           1  0.92775566667429843     
    12966743           2  0.97871636746116386     
    12966743           3   1.0935279658645378     
    12966811           1   1.0528474936011472     
    12966811           2  0.79503221628540821     
    12966811           3   1.1521202901134444     
    12966995           1  0.99060241783088221     
    12966995           2   1.1764129734485831     
    12966995           3  0.83298460872053492     
    12967034           1   1.1646820445458503     
    12967034           2  0.90320782190622451     
    12967034           3  0.93211013354792538     
    12967183           1  0.46797024327410552     
    12967183           2   1.0918048455915057     
    12967183           3   1.4402249111343888     
    12967208           1  0.95889742530662470     
    12967208           2   1.2549327415582772     
    12967208           3  0.78616983313509836     
    12967355           1   1.0774563043805625     
    12967355           2   1.1030025961501242     
    12967355           3  0.81954109946931342     
    12967469           1  0.83253284705215569     
    12967469           2   1.0322767701636300     
    12967469           3   1.1351903827842142     
    12967564           1  0.95922748723236906     
    12967564           2   1.2006767010618089     
    12967564           3  0.84009581170582226     
    12967713           1   1.0889276385695414     
    12967713           2   1.1575685555691480     
    12967713           3  0.75350380586131027     
    12967762           1   1.1906606945151110     
    12967762           2   1.0987951917831054     
    12967762           3  0.71054411370178383     
    12968036           1   1.1775882615403708     
    12968036           2  0.81122342914853884     
    12968036           3   1.0111883093110905     
    12968578           1   1.1544116071097523     
    12968578           2  0.83509823324562993     
    12968578           3   1.0104901596446176     
    12968594           1  0.74324935061562702     
    12968594           2   1.1432393425161971     
    12968594           3   1.1135113068681757     
    12969235           1  0.82654960924520071     
    12969235           2  0.99623732427832623     
    12969235           3   1.1772130664764731     
    12969412           1   1.0086323839351907     
    12969412           2  0.88968923060448091     
    12969412           3   1.1016783854603283     
    12969588           1  0.95951595930362987     
    12969588           2  0.77790301403964912     
    12969588           3   1.2625810266567212     
    12969658           1   1.0945366276508586     
    12969658           2  0.92276551553653674     
    12969658           3  0.98269785681260446     
    12969773           1  0.93968791672063079     
    12969773           2  0.93870790135096482     
    12969773           3   1.1216041819284048     
    12969894           1   1.1350561667468084     
    12969894           2  0.92721972435534705     
    12969894           3  0.93772410889784430     
    12970062           1  0.93881887768542294     
    12970062           2  0.98619528043750404     
    12970062           3   1.0749858418770732     
    12970636           1   1.1517426433258080     
    12970636           2  0.90724625199750319     
    12970636           3  0.94101110467668880     
    12970761           1   1.0306313693966458     
    12970761           2   1.0426127295344645     
    12970761           3  0.92675590106888972     
    12970891           1   1.2613389479571770     
    12970891           2  0.76568920140500174     
    12970891           3  0.97297185063782110     
    12970907           1  0.88426836391130725     
    12970907           2   1.2369537348092139     
    12970907           3  0.87877790127947919     
    12971250           1   1.0668196368638412     
    12971250           2  0.89939829086211309     
    12971250           3   1.0337820722740456     
    12971414           1   1.2086377657076151     
    12971414           2  0.91841720267067684     
    12971414           3  0.87294503162170778     
    12971467           1   1.2140726694183339     
    12971467           2  0.87479053844803223     
    12971467           3  0.91113679213363341     
    12971551           1   1.0971347018549020     
    12971551           2  0.89469916364061286     
    12971551           3   1.0081661345044852     
    12971624           1   1.2063625861893714     
    12971624           2  0.75790433138985136     
    12971624           3   1.0357330824207771     
    12971988           1  0.81176340267072067     
    12971988           2   1.0320827817294644     
    12971988           3   1.1561538155998150     
    12972116           1  0.89882037463323072     
    12972116           2  0.95790823647130818     
    12972116           3   1.1432713888954611     
    12972131           1  0.83225110149727122     
    12972131           2  0.91986428202429271     
    12972131           3   1.2478846164784361     
    12972410           1  0.95471356450045419     
    12972410           2  0.86795758311677340     
    12972410           3   1.1773288523827723     
    12972447           1   1.2115842514378612     
    12972447           2  0.82647414765104443     
    12972447           3  0.96194160091109415     
    12972508           1  0.86726721814674401     
    12972508           2   1.0343878707450984     
    12972508           3   1.0983449111081580     
    12972552           1   1.0925962939649621     
    12972552           2  0.90188666536146644     
    12972552           3   1.0055170406735716     
    12972584           1  0.93372669621288451     
    12972584           2  0.94929387055073278     
    12972584           3   1.1169794332363825     
    12972751           1   1.2309312726432222     
    12972751           2  0.81955275443662212     
    12972751           3  0.94951597292015566     
    12972835           1   1.1557472388463170     
    12972835           2  0.88508355482042012     
    12972835           3  0.95916920633326275     
    12972884           1   1.0801707766939541     
    12972884           2  0.95002932768541948     
    12972884           3  0.96979989562062641     
    12973039           1   1.0171904937583267     
    12973039           2  0.82189029016425619     
    12973039           3   1.1609192160774169     
    12973170           1  0.96344103472538600     
    12973170           2   1.1437461568247373     
    12973170           3  0.89281280844987676     
    12973189           1   1.0440241749016090     
    12973189           2  0.84322612143795350     
    12973189           3   1.1127497036604375     
    12973241           1   1.0089432499628590     
    12973241           2  0.89966735574874068     
    12973241           3   1.0913893942884005     
    12973317           1   1.0275704443501263     
    12973317           2  0.69177709489438166     
    12973317           3   1.2806524607554917     
    12973331           1   1.2375608759105372     
    12973331           2  0.86123261104503790     
    12973331           3  0.90120651304442467     
    12973349           1   1.1733376909799185     
    12973349           2   1.0974952963542413     
    12973349           3  0.72916701266584094     
    12973428           1  0.66039285084108901     
    12973428           2   1.1105224940280880     
    12973428           3   1.2290846551308232     
    12973644           1  0.79351736474306944     
    12973644           2  0.98744042230427409     
    12973644           3   1.2190422129526564     
    12973671           1   1.1835228751161428     
    12973671           2   1.1070221288833084     
    12973671           3  0.70945499600054895     
    12973720           1  0.94502284175323414     
    12973720           2   1.0473728502521731     
    12973720           3   1.0076043079945929     
    12973739           1   1.3416931336573241     
    12973739           2  0.65061206256990634     
    12973739           3   1.0076948037727695     
    12973798           1  0.72851421191414290     
    12973798           2   1.1257574627278613     
    12973798           3   1.1457283253579962     
    12973864           1   1.1840858253315742     
    12973864           2  0.96481029177316568     
    12973864           3  0.85110388289525973     
    12973923           1   1.0145528444116427     
    12973923           2  0.91948063332563090     
    12973923           3   1.0659665222627268     
    12974129           1  0.73809682551891953     
    12974129           2  0.80530969460874691     
    12974129           3   1.4565934798723332     
    12974184           1  0.88358352763014436     
    12974184           2   1.1647480834766437     
    12974184           3  0.95166838889321159     
    12974190           1  0.86945940932135046     
    12974190           2   1.0975795280566414     
    12974190           3   1.0329610626220078     
    12974420           1   1.0599422690741678     
    12974420           2   1.0414543334077966     
    12974420           3  0.89860339751803553     
    12974429           1  0.95280160780929835     
    12974429           2  0.84180182221278244     
    12974429           3   1.2053965699779190     
    12974478           1  0.91669917007995205     
    12974478           2  0.87691157107632145     
    12974478           3   1.2063892588437271     
    12974498           1   1.0334858926664112     
    12974498           2  0.84225634130584304     
    12974498           3   1.1242577660277460     
    12974559           1  0.97457467257435171     
    12974559           2   1.0136408731886901     
    12974559           3   1.0117844542369585     
    12974595           1  0.81943237854289086     
    12974595           2  0.97363651981836208     
    12974595           3   1.2069311016387472     
    12974603           1   1.1990689471588054     
    12974603           2  0.99281821933909442     
    12974603           3  0.80811283350210050     
    12974627           1  0.82119144817180534     
    12974627           2  0.73157487043981362     
    12974627           3   1.4472336813883815     
    12974769           1  0.97795495158243384     
    12974769           2  0.99984599014090858     
    12974769           3   1.0221990582766574     
    12974873           1  0.77339505784313400     
    12974873           2   1.0474246897470119     
    12974873           3   1.1791802524098545     
    12974970           1  0.88715056670276604     
    12974970           2   1.2093899396310490     
    12974970           3  0.90345949366618483     
    12974971           1   1.0864770672079260     
    12974971           2  0.96425855641975111     
    12974971           3  0.94926437637232275     
    12974988           1   1.1923517039398004     
    12974988           2  0.76818285800146435     
    12974988           3   1.0394654380587349     
    12975112           1   1.1149409046700618     
    12975112           2   1.0611799245572491     
    12975112           3  0.82387917077268913     
    12975122           1   1.0416867668619820     
    12975122           2  0.84893977873298598     
    12975122           3   1.1093734544050320     
    12975129           1   1.1367897962735136     
    12975129           2   1.0788912999155977     
    12975129           3  0.78431890381088876     
    12975166           1  0.87373163911045637     
    12975166           2  0.92556844834386764     
    12975166           3   1.2006999125456759     
    12975192           1  0.65901524728497196     
    12975192           2   1.1075734139791624     
    12975192           3   1.2334113387358658     
    12975217           1  0.94373880835642132     
    12975217           2   1.3346123031156649     
    12975217           3  0.72164888852791409     
    12975299           1   1.2072080220540011     
    12975299           2  0.84367455942465863     
    12975299           3  0.94911741852134013     
    12975301           1   1.0143896960353385     
    12975301           2  0.87799568106017389     
    12975301           3   1.1076146229044872     
    12975315           1  0.89027048148978327     
    12975315           2   1.1732836792976142     
    12975315           3  0.93644583921260227     
    12975317           1   1.0087744793557805     
    12975317           2  0.88105788365214432     
    12975317           3   1.1101676369920752     
    12975425           1  0.96163553269748070     
    12975425           2  0.97822724165010466     
    12975425           3   1.0601372256524146     
    12975479           1   1.5227647302488410     
    12975479           2  0.72918746337489804     
    12975479           3  0.74804780637626089     
    12975510           1  0.94402710162850523     
    12975510           2  0.97218056497482552     
    12975510           3   1.0837923333966692     
    12975569           1  0.81200236603020881     
    12975569           2  0.96480829711874361     
    12975569           3   1.2231893368510480     
    12975603           1   1.0296135254041732     
    12975603           2  0.83728523353053252     
    12975603           3   1.1331012410652943     
    12975618           1  0.97864330731316229     
    12975618           2   1.2427923650048482     
    12975618           3  0.77856432768198935     
    12975625           1  0.94814460081647467     
    12975625           2  0.75665996988878914     
    12975625           3   1.2951954292947361     
    12975662           1   1.2451210882132593     
    12975662           2  0.94739464568489706     
    12975662           3  0.80748426610184387     
    12975677           1   1.0207585149614682     
    12975677           2  0.79024209777289767     
    12975677           3   1.1889993872656344     
    12975761           1   1.0580122134179015     
    12975761           2  0.70544024449942189     
    12975761           3   1.2365475420826766     
    12975780           1   1.1545545837784881     
    12975780           2  0.89946053317242469     
    12975780           3  0.94598488304908745     
    12975832           1   1.0295824918855880     
    12975832           2  0.82902705600325899     
    12975832           3   1.1413904521111529     
    12975833           1  0.77454430608393410     
    12975833           2   1.0405212636552026     
    12975833           3   1.1849344302608635     
    12975919           1  0.90505268410976059     
    12975919           2  0.88142129851895801     
    12975919           3   1.2135260173712810     
    12976007           1  0.93311445220524425     
    12976007           2  0.98782811593082742     
    12976007           3   1.0790574318639283     
    12976035           1   1.1796186102276351     
    12976035           2  0.82238178005233309     
    12976035           3  0.99799960972003154     
    12976058           1   1.2090537436432056     
    12976058           2  0.76999562391050302     
    12976058           3   1.0209506324462914     
    12976109           1  0.89983942131274841     
    12976109           2  0.89221965372606449     
    12976109           3   1.2079409249611870     
    12976116           1   1.0917987501983957     
    12976116           2  0.92045730689821992     
    12976116           3  0.98774394290338441     
    12976156           1  0.87327701828498916     
    12976156           2   1.2490902996717521     
    12976156           3  0.87763268204325873     
    12976203           1   1.0379628930281279     
    12976203           2  0.77983305772049838     
    12976203           3   1.1822040492513732     
    12976231           1  0.94293994980706008     
    12976231           2   1.0324298319108298     
    12976231           3   1.0246302182821099     
    12976240           1  0.70216206776076928     
    12976240           2   1.0684785601905982     
    12976240           3   1.2293593720486324     
    12976326           1  0.81071676640911106     
    12976326           2  0.96124412116515989     
    12976326           3   1.2280391124257291     
    12976363           1  0.96436657828751848     
    12976363           2  0.93997711088595881     
    12976363           3   1.0956563108265225     
    12976399           1  0.89924951816673793     
    12976399           2  0.89500555055633135     
    12976399           3   1.2057449312769304     
    12976410           1   1.3800813008473733     
    12976410           2   1.1296249558495097     
    12976410           3  0.49029374330311709     
    12976431           1   1.3155699020072340     
    12976431           2  0.74225789024099365     
    12976431           3  0.94217220775177246     
    12976472           1  0.76988668317073494     
    12976472           2   1.1027709937100101     
    12976472           3   1.1273423231192552     
    12976501           1  0.87729251288478027     
    12976501           2   1.2198596392486192     
    12976501           3  0.90284784786660055     
    12976536           1   1.0175130957776137     
    12976536           2  0.86756795431613787     
    12976536           3   1.1149189499062482     
    12976554           1   1.2362469884524041     
    12976554           2   1.0063285790317082     
    12976554           3  0.75742443251588731     
    12976599           1   1.1393719876004782     
    12976599           2  0.93354976649989729     
    12976599           3  0.92707824589962418     
    12976617           1  0.94154889507646566     
    12976617           2   1.1793134521403672     
    12976617           3  0.87913765278316702     
    12976665           1  0.86505684235947067     
    12976665           2   1.2574610620706754     
    12976665           3  0.87748209556985379     
    12976721           1   1.1886551393215421     
    12976721           2   1.0053196546035588     
    12976721           3  0.80602520607489925     
    12976773           1  0.76113404516252503     
    12976773           2   1.0877590909897672     
    12976773           3   1.1511068638477073     
    12976805           1   1.0035582272195385     
    12976805           2   1.0138739408695545     
    12976805           3  0.98256783191090658     
    12976813           1  0.98747081937013037     
    12976813           2  0.91078395790380251     
    12976813           3   1.1017452227260671     
    12976841           1  0.81197135224372996     
    12976841           2  0.96780066348811267     
    12976841           3   1.2202279842681576     
    12976842           1   1.2371214296958459     
    12976842           2  0.50424943714120729     
    12976842           3   1.2586291331629464     
    12976863           1  0.72968692462669005     
    12976863           2   1.0099091878880040     
    12976863           3   1.2604038874853059     
    12976864           1  0.81432900422790511     
    12976864           2  0.99115634347700932     
    12976864           3   1.1945146522950858     
    12976869           1   1.3661491229498812     
    12976869           2  0.59474505452542459     
    12976869           3   1.0391058225246936     
    12976894           1   1.0867604522992753     
    12976894           2   1.1612353668326796     
    12976894           3  0.75200418086804532     
    12976909           1  0.84420039366163158     
    12976909           2  0.82607252173516987     
    12976909           3   1.3297270846031983     
    12976919           1   1.0326751615852692     
    12976919           2   1.0154939519865749     
    12976919           3  0.95183088642815572     
    12976921           1   1.1704148882983942     
    12976921           2   1.0377762044349528     
    12976921           3  0.79180890726665309     
    12976927           1  0.74731917538576553     
    12976927           2   1.1494994001812531     
    12976927           3   1.1031814244329816     
    12976960           1   1.0529150656130808     
    12976960           2   1.0308154128841958     
    12976960           3  0.91626952150272367     
    12976985           1   1.0157620775489817     
    12976985           2  0.99287268002588125     
    12976985           3  0.99136524242513691     
    12976996           1  0.97851934120222073     
    12976996           2  0.82071360758475365     
    12976996           3   1.2007670512130257     
    12977039           1  0.70284706201386671     
    12977039           2   1.0868355802005012     
    12977039           3   1.2103173577856319     
    12977046           1   1.2410909904045349     
    12977046           2  0.71131796086611376     
    12977046           3   1.0475910487293514     
    12977051           1   1.2108499421324617     
    12977051           2   1.0665577165551019     
    12977051           3  0.72259234131243677     
    12977063           1   1.2070790427922966     
    12977063           2  0.86971651241069026     
    12977063           3  0.92320444479701336     
    12977070           1  0.97003496487030638     
    12977070           2   1.1671894187718395     
    12977070           3  0.86277561635785449     
    12977095           1  0.99938092381425825     
    12977095           2   1.0044325039282720     
    12977095           3  0.99618657225746932     
    12977108           1  0.89121994518922143     
    12977108           2   1.2192969939793354     
    12977108           3  0.88948306083144302     
    12977117           1  0.82141757368607038     
    12977117           2   1.1206638244550804     
    12977117           3   1.0579186018588491     
    12977129           1   1.0582370815772395     
    12977129           2  0.96512163651949168     
    12977129           3  0.97664128190326860     
    12977132           1   1.0272921381365125     
    12977132           2  0.67365595206774365     
    12977132           3   1.2990519097957438     
    12977151           1   1.0247298887891414     
    12977151           2  0.98516223022904048     
    12977151           3  0.99010788098181801     
    12977162           1   1.1544907402831543     
    12977162           2  0.88597228557610130     
    12977162           3  0.95953697414074424     
    12977163           1   1.0386242970494670     
    12977163           2  0.64871494266917151     
    12977163           3   1.3126607602813616     
    12977170           1  0.91565891671478061     
    12977170           2   1.0425453992266882     
    12977170           3   1.0417956840585314     
    12977171           1  0.79204895185575219     
    12977171           2   1.0645534767290337     
    12977171           3   1.1433975714152140     
    12977179           1  0.98028916675231492     
    12977179           2   1.0272929098997781     
    12977179           3  0.99241792334790702     
    12977183           1   1.0020953702355888     
    12977183           2   1.0198778441574181     
    12977183           3  0.97802678560699297     
    12977188           1  0.87998763462031782     
    12977188           2  0.97844658321910283     
    12977188           3   1.1415657821605791     
    12977190           1   1.0214662837536377     
    12977190           2  0.76743897182498499     
    12977190           3   1.2110947444213773     
    12977193           1  0.87114581483314779     
    12977193           2  0.99968019067045011     
    12977193           3   1.1291739944964021     
    12977206           1  0.79959157538087666     
    12977206           2   1.0911055786947921     
    12977206           3   1.1093028459243317     
    12977219           1   1.1426845913897081     
    12977219           2  0.72414277406957905     
    12977219           3   1.1331726345407129     
    12977227           1  0.88650194214846800     
    12977227           2   1.2326651868787324     
    12977227           3  0.88083287097280016     
    12977257           1  0.76370213077801630     
    12977257           2   1.1057081739468333     
    12977257           3   1.1305896952751504     
    12977288           1  0.79791724790507346     
    12977288           2  0.90498106345982898     
    12977288           3   1.2971016886350977     
    12977295           1   1.5457369764233366     
    12977295           2  0.69493025766790872     
    12977295           3  0.75933276590875465     
    12977303           1   1.0118659438993007     
    12977303           2   1.0362427383251878     
    12977303           3  0.95189131777551172     
    12977323           1   1.1014530473745787     
    12977323           2  0.90834574389921652     
    12977323           3  0.99020120872620498     
    12977324           1   1.2024197078237064     
    12977324           2  0.67186108090020891     
    12977324           3   1.1257192112760848     
    12977342           1  0.97972994354570975     
    12977342           2  0.81888886107977887     
    12977342           3   1.2013811953745108     
    12977344           1   1.0146097622631947     
    12977344           2   1.0098362998487387     
    12977344           3  0.97555393788806699     
    12977364           1   1.1059951163145176     
    12977364           2   1.0331240047892194     
    12977364           3  0.86088087889626252     
    12977367           1  0.81507780620227210     
    12977367           2   1.0942674414666251     
    12977367           3   1.0906547523311028     
    12977374           1  0.89606132780787839     
    12977374           2   1.0454346724101005     
    12977374           3   1.0585039997820207     
    12977379           1   1.2079414503639572     
    12977379           2  0.73333085474781190     
    12977379           3   1.0587276948882314     
    12977382           1  0.84861713943216088     
    12977382           2   1.2237968767706060     
    12977382           3  0.92758598379723289     
    12977410           1   1.1071635773606994     
    12977410           2   1.0931869012147348     
    12977410           3  0.79964952142456602     
    12977418           1  0.80310057583524574     
    12977418           2  0.88782058482223636     
    12977418           3   1.3090788393425177     
    12977419           1  0.94540526207355036     
    12977419           2  0.96116714249777957     
    12977419           3   1.0934275954286701     
    12977421           1   1.0166821788894924     
    12977421           2   1.1381601422198373     
    12977421           3  0.84515767889066973     
    12977426           1   1.4173581923105409     
    12977426           2  0.69091611971930511     
    12977426           3  0.89172568797015361     
    12977440           1   1.0600150195748321     
    12977440           2  0.96909570731206385     
    12977440           3  0.97088927311310358     
    12977446           1   1.1702400150253893     
    12977446           2  0.90847402813637912     
    12977446           3  0.92128595683823156     
    12977452           1   1.1400715381181787     
    12977452           2  0.91806091516319532     
    12977452           3  0.94186754671862571     
    12977467           1   1.1295372162128274     
    12977467           2   1.0662204850792676     
    12977467           3  0.80424229870790465     
    12977478           1  0.91605641245741243     
    12977478           2  0.81575270711006831     
    12977478           3   1.2681908804325193     
    12977479           1   1.1933045940684031     
    12977479           2  0.76879676567646715     
    12977479           3   1.0378986402551300     
    12977490           1  0.95619839718520405     
    12977490           2  0.78969442542263024     
    12977490           3   1.2541071773921659     
    12977494           1  0.83216751922611421     
    12977494           2  0.97014378726394490     
    12977494           3   1.1976886935099409     
    12977508           1   1.1217401129131326     
    12977508           2  0.94157666578291743     
    12977508           3  0.93668322130394976     
    12977515           1   1.0897709657711685     
    12977515           2   1.0046323037157674     
    12977515           3  0.90559673051306433     
    12977516           1  0.77312999735491372     
    12977516           2   1.1074166550573010     
    12977516           3   1.1194533475877850     
    12977517           1  0.76604320931901648     
    12977517           2   1.0508830974392094     
    12977517           3   1.1830736932417740     
    12977520           1   1.4380374109521534     
    12977520           2  0.50026718321908037     
    12977520           3   1.0616954058287658     
    12977522           1   1.1366763943457459     
    12977522           2  0.87332126048646797     
    12977522           3  0.99000234516778629     
    12977523           1  0.82792366709940912     
    12977523           2  0.86370959161214134     
    12977523           3   1.3083667412884499     
    12977529           1  0.93397616513299453     
    12977529           2   1.0975324077563342     
    12977529           3  0.96849142711067127     
    12977533           1  0.78541243815219786     
    12977533           2   1.0171319737632158     
    12977533           3   1.1974555880845865     
    12977534           1   1.0454927431549657     
    12977534           2  0.86147340339181033     
    12977534           3   1.0930338534532240     
    12977537           1  0.76671798470772734     
    12977537           2  0.93903692240382708     
    12977537           3   1.2942450928884455     
    12977542           1   1.0000754154003666     
    12977542           2  0.81951118991166405     
    12977542           3   1.1804133946879691     
    12977545           1   1.0857401064141583     
    12977545           2   1.0300430830489899     
    12977545           3  0.88421681053685142     
    12977547           1  0.90964921429546752     
    12977547           2   1.0172519641709887     
    12977547           3   1.0730988215335435     
    12977551           1  0.73510244195321117     
    12977551           2   1.1335365971263280     
    12977551           3   1.1313609609204602     
    12977556           1   1.2333623036517025     
    12977556           2  0.88536679479603542     
    12977556           3  0.88127090155226229     
    12977557           1  0.90228777783890446     
    12977557           2  0.86810835970775524     
    12977557           3   1.2296038624533403     
    12977558           1   1.2240207906549856     
    12977558           2  0.87698169679987326     
    12977558           3  0.89899751254514104     
    12977559           1  0.94113957944964899     
    12977559           2  0.95683034203463735     
    12977559           3   1.1020300785157131     
    12977562           1   1.3990203379164639     
    12977562           2   1.1039575533040809     
    12977562           3  0.49702210877945491     
    12977563           1  0.55623315309150845     
    12977563           2   1.2674720502402974     
    12977563           3   1.1762947966681940     
    12977568           1   1.0135850049081894     
    12977568           2  0.88294073924872241     
    12977568           3   1.1034742558430881     
    12977572           1   1.0459896447478625     
    12977572           2  0.64521348721444660     
    12977572           3   1.3087968680376911     
    12977577           1  0.67462285430576763     
    12977577           2   1.1910211953382792     
    12977577           3   1.1343559503559533     
    12977578           1   1.0007171877535714     
    12977578           2   1.1645919014515178     
    12977578           3  0.83469091079491065     
    12977579           1   1.0380381281273561     
    12977579           2   1.0447289132493214     
    12977579           3  0.91723295862332233     
    12977580           1  0.94430905659616826     
    12977580           2   1.0737015928628095     
    12977580           3  0.98198935054102177     
    12977581           1   1.0858115656096623     
    12977581           2  0.91589657327127727     
    12977581           3  0.99829186111906076     
    12977582           1   1.2403115202735044     
    12977582           2  0.88188413071640781     
    12977582           3  0.87780434901008775     
    12977585           1  0.73322458488064501     
    12977585           2  0.96491599723634602     
    12977585           3   1.3018594178830090     
    12977586           1  0.71166686981721639     
    12977586           2   1.0826627274606162     
    12977586           3   1.2056704027221674     
    12977587           1   1.2078362428865741     
    12977587           2  0.95219149755335741     
    12977587           3  0.83997225956006816     
    12977588           1  0.88317668388795112     
    12977588           2   1.1639347936235185     
    12977588           3  0.95288852248852995     
    12977590           1   1.0883808561089656     
    12977590           2   1.0286221234570796     
    12977590           3  0.88299702043395434     
    12977591           1   1.2720978670130760     
    12977591           2  0.86595410953025187     
    12977591           3  0.86194802345667187     
    12977592           1   1.0376166739101831     
    12977592           2  0.87673983319566573     
    12977592           3   1.0856434928941512     
