    11105497           1  0.97619196381978535     
    11105497           2   1.0121746039221684     
    11105497           3   1.0116334322580465     
    11489394           1  0.91847638598361958     
    11489394           2   1.0160601819027739     
    11489394           3   1.0654634321136065     
    11783444           1  0.87880454775455075     
    11783444           2   1.0192054773654653     
    11783444           3   1.1019899748799842     
    11813562           1   1.1105814638015745     
    11813562           2  0.80731350815993186     
    11813562           3   1.0821050280384934     
    11879095           1   1.0358734839806647     
    11879095           2   1.1541069657460350     
    11879095           3  0.81001955027330019     
    11949707           1   1.1318805064733313     
    11949707           2   1.0149763670069853     
    11949707           3  0.85314312651968338     
    12003649           1   1.2701351296195689     
    12003649           2  0.94087965168095888     
    12003649           3  0.78898521869947247     
    12022667           1   1.0670501468788227     
    12022667           2  0.83379751114902478     
    12022667           3   1.0991523419721525     
    12031475           1   1.1669642153096811     
    12031475           2  0.82969413670637715     
    12031475           3   1.0033416479839419     
    12054668           1   1.0493351306989962     
    12054668           2   1.0294152143838282     
    12054668           3  0.92124965491717525     
    12063948           1   1.2273272518722311     
    12063948           2  0.84687898381899662     
    12063948           3  0.92579376430877203     
    12065356           1   1.2125653146995503     
    12065356           2  0.77890568242600422     
    12065356           3   1.0085290028744451     
    12076583           1   1.1245169040087528     
    12076583           2  0.99838553066153202     
    12076583           3  0.87709756532971506     
    12083193           1   1.1923437039788387     
    12083193           2   1.0114522830986488     
    12083193           3  0.79620401292251264     
    12087097           1  0.92970228283168543     
    12087097           2   1.0228825128310759     
    12087097           3   1.0474152043372387     
    12110442           1   1.1491645253977443     
    12110442           2  0.93668138208463814     
    12110442           3  0.91415409251761770     
    12115916           1  0.87080670070536959     
    12115916           2   1.1355937721622149     
    12115916           3  0.99359952713241562     
    12155337           1  0.77015343430236005     
    12155337           2   1.1309052602868641     
    12155337           3   1.0989413054107757     
    12163231           1   1.1192784168163936     
    12163231           2   1.0923777438803171     
    12163231           3  0.78834383930328966     
    12171307           1   1.3626736179047076     
    12171307           2  0.95194751356490437     
    12171307           3  0.68537886853038810     
    12184033           1  0.49900893257970408     
    12184033           2   1.3183487890529442     
    12184033           3   1.1826422783673523     
    12237797           1   1.0864822332459572     
    12237797           2  0.90009497539484518     
    12237797           3   1.0134227913591980     
    12239376           1   1.3677820065260029     
    12239376           2  0.60804276732738971     
    12239376           3   1.0241752261466075     
    12263846           1   1.1817294599469312     
    12263846           2  0.53804477431484377     
    12263846           3   1.2802257657382248     
    12265632           1   1.2623169581366838     
    12265632           2   1.0111227071804190     
    12265632           3  0.72656033468289694     
    12265897           1  0.99567640366187860     
    12265897           2   1.0959345598904406     
    12265897           3  0.90838903644768043     
    12288204           1   1.1218491368565238     
    12288204           2  0.77238703579220158     
    12288204           3   1.1057638273512742     
    12291840           1   1.2202280298306607     
    12291840           2  0.86266262027982332     
    12291840           3  0.91710934988951587     
    12301308           1   1.2913848467978752     
    12301308           2  0.82420443611583472     
    12301308           3  0.88441071708628982     
    12309411           1   1.0825033452735811     
    12309411           2  0.83718951687007503     
    12309411           3   1.0803071378563440     
    12313164           1  0.82490003341885187     
    12313164           2   1.0951697864346470     
    12313164           3   1.0799301801465011     
    12317080           1  0.81843708916959235     
    12317080           2   1.0993110355364868     
    12317080           3   1.0822518752939205     
    12330472           1   1.3528588302796518     
    12330472           2  0.74292293962519640     
    12330472           3  0.90421823009515179     
    12345801           1   1.0908203339242351     
    12345801           2  0.80920053981150453     
    12345801           3   1.0999791262642606     
    12366995           1   1.1965310256081565     
    12366995           2   1.3888939453661426     
    12366995           3  0.41457502902570059     
    12381834           1   1.0461624901564801     
    12381834           2   1.0583582995166732     
    12381834           3  0.89547921032684630     
    12386543           1  0.93314195175248027     
    12386543           2   1.0996146468015064     
    12386543           3  0.96724340144601317     
    12400549           1   1.0540895293956443     
    12400549           2  0.97648356685754067     
    12400549           3  0.96942690374681506     
    12420413           1   1.3305152724642229     
    12420413           2  0.92969911166759600     
    12420413           3  0.73978561586818137     
    12427176           1   1.1403714073923359     
    12427176           2  0.76583484843152816     
    12427176           3   1.0937937441761363     
    12431275           1   1.0232761918618496     
    12431275           2  0.95442540427094191     
    12431275           3   1.0222984038672085     
    12446780           1   1.2148936291752244     
    12446780           2  0.55735509474510492     
    12446780           3   1.2277512760796703     
    12450770           1   1.1505305419593459     
    12450770           2  0.59068911932847079     
    12450770           3   1.2587803387121832     
    12464069           1  0.73208124225650462     
    12464069           2   1.2309267428735253     
    12464069           3   1.0369920148699705     
    12466930           1   1.0217461163179717     
    12466930           2   1.1383671155815980     
    12466930           3  0.83988676810043028     
    12469595           1   1.2496685496247377     
    12469595           2  0.68919446578201315     
    12469595           3   1.0611369845932495     
    12472574           1  0.87966013157051914     
    12472574           2   1.0989336908350944     
    12472574           3   1.0214061775943863     
    12479429           1   1.0929058695688858     
    12479429           2  0.65312206491829861     
    12479429           3   1.2539720655128157     
    12484779           1  0.98083934642808068     
    12484779           2  0.88425122060431471     
    12484779           3   1.1349094329676044     
    12491167           1  0.81087576105314962     
    12491167           2  0.98278708989727004     
    12491167           3   1.2063371490495802     
    12506337           1   1.1943386396604898     
    12506337           2  0.78224050840027537     
    12506337           3   1.0234208519392349     
    12510925           1   1.3821304335878262     
    12510925           2  0.75440547985752582     
    12510925           3  0.86346408655464835     
    12524263           1   1.4776366904085936     
    12524263           2  0.84384598621024964     
    12524263           3  0.67851732338115645     
    12531491           1   1.3220239410780010     
    12531491           2  0.82870561950463639     
    12531491           3  0.84927043941736269     
    12533695           1   1.1083815914917579     
    12533695           2   1.0242947868831525     
    12533695           3  0.86732362162508947     
    12541064           1   1.1719518991642375     
    12541064           2  0.84674359675741462     
    12541064           3  0.98130450407834813     
    12545852           1   1.1531384205863733     
    12545852           2   1.0506353501019980     
    12545852           3  0.79622622931162867     
    12548489           1   1.1707256412302931     
    12548489           2  0.78311684472657350     
    12548489           3   1.0461575140431334     
    12550752           1   1.1183531601747152     
    12550752           2   1.1034754325339193     
    12550752           3  0.77817140729136558     
    12570913           1   1.0787452367362407     
    12570913           2  0.91424572904414692     
    12570913           3   1.0070090342196130     
    12578276           1   1.1842642140698638     
    12578276           2  0.72168056959567439     
    12578276           3   1.0940552163344621     
    12579346           1   1.0564634364610646     
    12579346           2   1.1475061608736541     
    12579346           3  0.79603040266528180     
    12581227           1   1.3329049449897448     
    12581227           2   1.1088156208869875     
    12581227           3  0.55827943412326764     
    12591087           1   1.0251784521845915     
    12591087           2   1.1321133611335805     
    12591087           3  0.84270818668182790     
    12594032           1   1.0582690344123451     
    12594032           2  0.81651052073472641     
    12594032           3   1.1252204448529284     
    12606497           1   1.3299120054669289     
    12606497           2  0.72405643985834200     
    12606497           3  0.94603155467472944     
    12608474           1   1.3453284489486625     
    12608474           2  0.73884027043278955     
    12608474           3  0.91583128061854768     
    12617343           1   1.3161106651147285     
    12617343           2   1.0799397142220848     
    12617343           3  0.60394962066318636     
    12617753           1   1.3773823742626592     
    12617753           2  0.80040340819494848     
    12617753           3  0.82221421754239232     
    12630703           1   1.1032010871876581     
    12630703           2  0.74449504610899975     
    12630703           3   1.1523038667033423     
    12635469           1   1.2747652443779707     
    12635469           2  0.97712116493108492     
    12635469           3  0.74811359069094463     
    12636403           1   1.0940457742264678     
    12636403           2  0.96896540332144643     
    12636403           3  0.93698882245208581     
    12639461           1   1.0676120262851863     
    12639461           2   1.0169683330818051     
    12639461           3  0.91541964063300829     
    12641361           1   1.0308602775359883     
    12641361           2   1.0886947125258630     
    12641361           3  0.88044500993814834     
    12659423           1  0.95602352372231580     
    12659423           2   1.1568232526088809     
    12659423           3  0.88715322366880289     
    12667415           1   1.1619039713297989     
    12667415           2  0.92909887441599881     
    12667415           3  0.90899715425420202     
    12669687           1   1.0038043083343082     
    12669687           2  0.75744938354231983     
    12669687           3   1.2387463081233721     
    12670950           1   1.0112462534988236     
    12670950           2   1.1486388428308374     
    12670950           3  0.84011490367033881     
    12671424           1   1.3285237346171994     
    12671424           2  0.92567232814263545     
    12671424           3  0.74580393724016503     
    12673674           1   1.1376379932269518     
    12673674           2  0.93519440627929873     
    12673674           3  0.92716760049374913     
    12675288           1  0.87269239802401133     
    12675288           2   1.0911891617784775     
    12675288           3   1.0361184401975116     
    12680384           1  0.77460171791833776     
    12680384           2   1.0376855643138641     
    12680384           3   1.1877127177677980     
    12691094           1   1.0094480870411151     
    12691094           2  0.88068018410485172     
    12691094           3   1.1098717288540334     
    12694798           1   1.0863178553731847     
    12694798           2  0.84582861723517822     
    12694798           3   1.0678535273916372     
    12696765           1   1.1034374018081983     
    12696765           2  0.70141671297373631     
    12696765           3   1.1951458852180659     
    12697397           1   1.1576239834860300     
    12697397           2  0.91867090987956734     
    12697397           3  0.92370510663440275     
    12703749           1   1.1454800215985947     
    12703749           2  0.99112635919564340     
    12703749           3  0.86339361920576130     
    12706818           1   1.2959650671444920     
    12706818           2  0.49183288976324813     
    12706818           3   1.2122020430922600     
    12707897           1  0.84840025288430954     
    12707897           2   1.2192089829471526     
    12707897           3  0.93239076416853783     
    12708824           1   1.2293188719261459     
    12708824           2  0.69802250623491491     
    12708824           3   1.0726586218389391     
    12712043           1  0.70550977398132486     
    12712043           2  0.88731468863879048     
    12712043           3   1.4071755373798849     
    12714746           1   1.0967877994908362     
    12714746           2  0.83874685010769945     
    12714746           3   1.0644653504014645     
    12722107           1   1.2786104915543119     
    12722107           2  0.97279272686152318     
    12722107           3  0.74859678158416476     
    12731288           1   1.1678661478556824     
    12731288           2   1.0187855352310553     
    12731288           3  0.81334831691326259     
    12733387           1  0.93899782415540833     
    12733387           2   1.0766249055178652     
    12733387           3  0.98437727032672662     
    12734632           1   1.4629757607620781     
    12734632           2  0.58718384650340394     
    12734632           3  0.94984039273451815     
    12747111           1   1.2024868825255919     
    12747111           2  0.83259993082953199     
    12747111           3  0.96491318664487602     
    12748065           1   1.3815983389746391     
    12748065           2  0.84710105751905473     
    12748065           3  0.77130060350630614     
    12749635           1   1.1337899716210793     
    12749635           2  0.76141497887528620     
    12749635           3   1.1047950495036347     
    12756705           1  0.89533674096836113     
    12756705           2   1.2155193831060549     
    12756705           3  0.88914387592558397     
    12757563           1  0.98716443354945549     
    12757563           2   1.0547252951686696     
    12757563           3  0.95811027128187498     
    12757947           1   1.2944575003765884     
    12757947           2  0.74762154093801492     
    12757947           3  0.95792095868539651     
    12761180           1   1.1996181801630323     
    12761180           2  0.95649885933458323     
    12761180           3  0.84388296050238409     
    12764840           1   1.0794533014460284     
    12764840           2   1.1391317239713048     
    12764840           3  0.78141497458266695     
    12765749           1   1.1674703765864725     
    12765749           2  0.89960144315742763     
    12765749           3  0.93292818025609980     
    12766804           1   1.2791813251139441     
    12766804           2  0.53298825491307245     
    12766804           3   1.1878304199729837     
    12770052           1  0.98668883650471029     
    12770052           2  0.87921766068695273     
    12770052           3   1.1340935028083368     
    12771557           1   1.2955029445330082     
    12771557           2  0.58158082192020233     
    12771557           3   1.1229162335467897     
    12772478           1  0.94621191237522106     
    12772478           2   1.0017740595066649     
    12772478           3   1.0520140281181143     
    12773801           1   1.0872088684765147     
    12773801           2  0.82778801713674721     
    12773801           3   1.0850031143867382     
    12775072           1   1.0569947803999360     
    12775072           2  0.85138122492394042     
    12775072           3   1.0916239946761233     
    12777040           1   1.1096056375893473     
    12777040           2   1.0249272451656393     
    12777040           3  0.86546711724501335     
    12778082           1   1.1695781521675908     
    12778082           2   1.0684343046207403     
    12778082           3  0.76198754321166895     
    12784204           1   1.3104852706690984     
    12784204           2   1.0049101023754241     
    12784204           3  0.68460462695547741     
    12784826           1   1.3480014227872577     
    12784826           2  0.94191757977409307     
    12784826           3  0.71008099743864939     
    12785104           1  0.90975150460660203     
    12785104           2   1.3260017818515590     
    12785104           3  0.76424671354183860     
    12785561           1   1.0183400167076775     
    12785561           2  0.99832047064591367     
    12785561           3  0.98333951264640884     
    12786247           1   1.0135444245171539     
    12786247           2   1.1070456609272485     
    12786247           3  0.87940991455559758     
    12786274           1  0.99511653077303097     
    12786274           2   1.2385827971091228     
    12786274           3  0.76630067211784647     
    12787143           1   1.6043117713095749     
    12787143           2  0.44019402488450643     
    12787143           3  0.95549420380591832     
    12787590           1  0.97157158319318471     
    12787590           2  0.77598738796506372     
    12787590           3   1.2524410288417520     
    12788940           1   1.0908664964668502     
    12788940           2   1.0081084656166381     
    12788940           3  0.90102503791651178     
    12790100           1   1.1925265612479348     
    12790100           2  0.91984977392138922     
    12790100           3  0.88762366483067567     
    12796976           1   1.1595859627731087     
    12796976           2  0.93422196794760703     
    12796976           3  0.90619206927928397     
    12797182           1  0.81878764818782224     
    12797182           2   1.0475735179466692     
    12797182           3   1.1336388338655086     
    12801843           1   1.3100217072214071     
    12801843           2  0.63338385493070637     
    12801843           3   1.0565944378478866     
    12806532           1   1.1431371785374922     
    12806532           2  0.78572322783495663     
    12806532           3   1.0711395936275510     
    12807746           1   1.0428052251266866     
    12807746           2  0.87515931577578776     
    12807746           3   1.0820354590975252     
    12809206           1   1.3771985641219260     
    12809206           2  0.76114127067901294     
    12809206           3  0.86166016519906130     
    12811613           1  0.92056030893280993     
    12811613           2   1.3708453949305242     
    12811613           3  0.70859429613666614     
    12811839           1   1.2390928528488512     
    12811839           2  0.59471561170686837     
    12811839           3   1.1661915354442804     
    12811922           1   1.0692375952831699     
    12811922           2  0.79402346204620755     
    12811922           3   1.1367389426706227     
    12813291           1   1.0265694079712455     
    12813291           2   1.1204345471659738     
    12813291           3  0.85299604486278102     
    12814044           1   1.0424678535231966     
    12814044           2   1.1506006405868974     
    12814044           3  0.80693150588990636     
    12815513           1  0.89956854367047556     
    12815513           2   1.0324864159265355     
    12815513           3   1.0679450404029891     
    12815719           1   1.4031964914414630     
    12815719           2  0.70424705028829271     
    12815719           3  0.89255645827024443     
    12815803           1   1.1368089649039292     
    12815803           2  0.93561070700252980     
    12815803           3  0.92758032809354052     
    12816773           1   1.1973482357891718     
    12816773           2  0.91229629488335273     
    12816773           3  0.89035546932747534     
    12818877           1   1.3580312412232569     
    12818877           2  0.96353598278985975     
    12818877           3  0.67843277598688356     
    12819001           1   1.0190293606135568     
    12819001           2  0.82697077530417884     
    12819001           3   1.1539998640822644     
    12819813           1   1.1421053912810233     
    12819813           2  0.87592627547822732     
    12819813           3  0.98196833324074939     
    12819904           1   1.0395552051122141     
    12819904           2  0.86276048941267880     
    12819904           3   1.0976843054751078     
    12822537           1   1.1046509607655408     
    12822537           2  0.83122287071705214     
    12822537           3   1.0641261685174070     
    12823661           1  0.98281830595618813     
    12823661           2  0.97777833824654181     
    12823661           3   1.0394033557972699     
    12825120           1   1.2551139779586771     
    12825120           2  0.82703375063115436     
    12825120           3  0.91785227141016834     
    12827328           1   1.0959749922283182     
    12827328           2   1.1320945209753859     
    12827328           3  0.77193048679629539     
    12830252           1   1.0093199728616997     
    12830252           2   1.1610076883376361     
    12830252           3  0.82967233880066404     
    12832435           1   1.2767962166338445     
    12832435           2  0.83378842591968183     
    12832435           3  0.88941535744647426     
    12834209           1   1.0300850773791088     
    12834209           2  0.80322084158790696     
    12834209           3   1.1666940810329840     
    12835215           1   1.1359915515206593     
    12835215           2  0.89380677053418933     
    12835215           3  0.97020167794515111     
    12836429           1   1.1611172487347270     
    12836429           2  0.84056825407315272     
    12836429           3  0.99831449719212040     
    12838842           1   1.1418655254178174     
    12838842           2  0.99305808410651175     
    12838842           3  0.86507639047567086     
    12842581           1   1.2209993882155050     
    12842581           2  0.83417218843867202     
    12842581           3  0.94482842334582307     
    12842731           1   1.0691415575235403     
    12842731           2  0.99042740910706484     
    12842731           3  0.94043103336939426     
    12851868           1  0.97955797462634275     
    12851868           2  0.72064813165099040     
    12851868           3   1.2997938937226670     
    12852644           1   1.2976007898033814     
    12852644           2  0.74127789206269590     
    12852644           3  0.96112131813392254     
    12857230           1  0.65384745093875007     
    12857230           2   1.1764111706358629     
    12857230           3   1.1697413784253867     
    12859330           1  0.85411745970086783     
    12859330           2   1.1578439260691582     
    12859330           3  0.98803861422997397     
    12861191           1  0.91024184984523970     
    12861191           2  0.82700459356528189     
    12861191           3   1.2627535565894783     
    12861692           1   1.3050423360904946     
    12861692           2  0.72920374356129403     
    12861692           3  0.96575392034821106     
    12865637           1  0.87295810769490978     
    12865637           2   1.0915213974135314     
    12865637           3   1.0355204948915586     
    12865725           1   1.2876329637587949     
    12865725           2  0.68192886826866406     
    12865725           3   1.0304381679725407     
    12866252           1   1.0492900400138807     
    12866252           2  0.97203743360234518     
    12866252           3  0.97867252638377400     
    12871599           1  0.99196156596950547     
    12871599           2  0.80762668423481865     
    12871599           3   1.2004117497956763     
    12871774           1   1.1726092488426925     
    12871774           2   1.0522946454671236     
    12871774           3  0.77509610569018428     
    12872140           1  0.89876285500122077     
    12872140           2  0.81773191360820807     
    12872140           3   1.2835052313905710     
    12873141           1  0.83101224278410513     
    12873141           2   1.0417023969821924     
    12873141           3   1.1272853602337023     
    12873395           1   1.3499707075596068     
    12873395           2  0.85992276536390344     
    12873395           3  0.79010652707648998     
    12879172           1   1.2837484005623219     
    12879172           2  0.64323077919276117     
    12879172           3   1.0730208202449163     
    12887501           1  0.89720783681206961     
    12887501           2  0.73273985202022995     
    12887501           3   1.3700523111677003     
    12888137           1   1.0365945852720939     
    12888137           2  0.88396633293611859     
    12888137           3   1.0794390817917876     
    12889772           1   1.1747275649582385     
    12889772           2  0.91893192640381383     
    12889772           3  0.90634050863794757     
    12890902           1   1.0251486140860788     
    12890902           2  0.79937157681573501     
    12890902           3   1.1754798090981864     
    12892572           1   1.0640227256444219     
    12892572           2   1.0789142569715684     
    12892572           3  0.85706301738400970     
    12896318           1   1.0581724806117851     
    12896318           2  0.85232983116831362     
    12896318           3   1.0894976882199010     
    12897256           1  0.99714598254965148     
    12897256           2   1.2373290364309253     
    12897256           3  0.76552498101942323     
    12898060           1  0.66271063645439898     
    12898060           2   1.3214860636552057     
    12898060           3   1.0158032998903952     
    12898687           1   1.0247514326976477     
    12898687           2   1.2765666034307259     
    12898687           3  0.69868196387162629     
    12898876           1   1.1616019050293438     
    12898876           2  0.92554002924491374     
    12898876           3  0.91285806572574257     
    12904534           1   1.0682219340746699     
    12904534           2  0.96140785950488139     
    12904534           3  0.97037020642044847     
    12905349           1   1.0239784106182346     
    12905349           2   1.0924995477237891     
    12905349           3  0.88352204165797643     
    12906322           1   1.2424962616330801     
    12906322           2  0.81627037925255597     
    12906322           3  0.94123335911436345     
    12907267           1   1.1291546673643418     
    12907267           2  0.99985125247973861     
    12907267           3  0.87099408015591950     
    12908909           1   1.2811264762348002     
    12908909           2  0.98947212047960276     
    12908909           3  0.72940140328559688     
    12910655           1  0.69301168165580918     
    12910655           2   1.2262772336223853     
    12910655           3   1.0807110847218053     
    12911159           1   1.1054022171002857     
    12911159           2   1.1348673403585083     
    12911159           3  0.75973044254120581     
    12911668           1   1.1155492242604896     
    12911668           2  0.90360902788206876     
    12911668           3  0.98084174785744205     
    12914050           1  0.81747632524882674     
    12914050           2   1.0980205534766934     
    12914050           3   1.0845031212744798     
    12915247           1   1.2847865611916929     
    12915247           2  0.92297893532247433     
    12915247           3  0.79223450348583280     
    12917025           1  0.93986515342368915     
    12917025           2   1.0126782464893898     
    12917025           3   1.0474566000869210     
    12917461           1  0.83296834047119939     
    12917461           2   1.0035437236350022     
    12917461           3   1.1634879358937991     
    12918214           1   1.0006394687227778     
    12918214           2   1.0618303806672003     
    12918214           3  0.93753015061002187     
    12918380           1   1.2388317683258481     
    12918380           2  0.59522241999469017     
    12918380           3   1.1659458116794619     
    12918668           1   1.1007736448836374     
    12918668           2   1.0861297818661748     
    12918668           3  0.81309657325018769     
    12920281           1   1.0714856763437408     
    12920281           2   1.1528671035085902     
    12920281           3  0.77564722014766918     
    12922001           1  0.99103868118656080     
    12922001           2   1.0908298488405568     
    12922001           3  0.91813146997288275     
    12924052           1  0.91807686938005117     
    12924052           2   1.0526376071674970     
    12924052           3   1.0292855234524521     
    12925498           1   1.2594160617106613     
    12925498           2  0.78653325267321694     
    12925498           3  0.95405068561612161     
    12926842           1   1.3124031223693640     
    12926842           2   1.0037693792346334     
    12926842           3  0.68382749839600276     
    12926902           1   1.1611977851210107     
    12926902           2  0.85172485365144179     
    12926902           3  0.98707736122754786     
    12927513           1   1.1823676174097859     
    12927513           2  0.89363692881027101     
    12927513           3  0.92399545377994297     
    12929533           1  0.86530328079199703     
    12929533           2   1.0256926519561149     
    12929533           3   1.1090040672518884     
    12929565           1  0.96675474923920890     
    12929565           2   1.0278431278353564     
    12929565           3   1.0054021229254351     
    12929795           1   1.1909496886677291     
    12929795           2  0.96903149426962842     
    12929795           3  0.84001881706264259     
    12929947           1   1.0213110469167466     
    12929947           2   1.1626637516336205     
    12929947           3  0.81602520144963320     
    12930632           1  0.92294868451013001     
    12930632           2   1.0593211446298050     
    12930632           3   1.0177301708600650     
    12931356           1   1.1344397970270390     
    12931356           2   1.0080887681608748     
    12931356           3  0.85747143481208643     
    12931581           1   1.2196564849503884     
    12931581           2   1.2137593852079120     
    12931581           3  0.56658412984169937     
    12932063           1   1.1214983107593590     
    12932063           2   1.0885943071337461     
    12932063           3  0.78990738210689460     
    12932072           1   1.2125224102341947     
    12932072           2  0.82496258592259974     
    12932072           3  0.96251500384320532     
    12933418           1   1.0293684936381715     
    12933418           2   1.2107147757981509     
    12933418           3  0.75991673056367726     
    12935499           1  0.67162763240606094     
    12935499           2   1.1828808449265622     
    12935499           3   1.1454915226673770     
    12936090           1  0.87832818140887392     
    12936090           2   1.1062757557050422     
    12936090           3   1.0153960628860839     
    12936374           1   1.1452867414972008     
    12936374           2  0.78481364984803448     
    12936374           3   1.0698996086547647     
    12936514           1   1.2040643351058884     
    12936514           2  0.87049722801518881     
    12936514           3  0.92543843687892280     
    12936984           1   1.1737391702626432     
    12936984           2  0.84591574088340726     
    12936984           3  0.98034508885394955     
    12938060           1   1.2296259757919930     
    12938060           2  0.83659932067650233     
    12938060           3  0.93377470353150505     
    12938307           1  0.81967315128637475     
    12938307           2   1.0438615901699726     
    12938307           3   1.1364652585436525     
    12938916           1   1.0573511853405246     
    12938916           2   1.0909596772929191     
    12938916           3  0.85168913736655594     
    12939543           1   1.1039297655774114     
    12939543           2  0.62944963436282020     
    12939543           3   1.2666206000597684     
    12939724           1  0.97105112774183000     
    12939724           2   1.1430263024084741     
    12939724           3  0.88592256984969575     
    12940435           1   1.0630952701344352     
    12940435           2  0.62690786287080102     
    12940435           3   1.3099968669947639     
    12940969           1   1.3542822045600598     
    12940969           2  0.85308784922372161     
    12940969           3  0.79262994621621841     
    12941433           1  0.96362698888604326     
    12941433           2   1.1660237221407961     
    12941433           3  0.87034928897316044     
    12941439           1   1.0648815349216956     
    12941439           2  0.95576635079615935     
    12941439           3  0.97935211428214486     
    12941491           1   1.1082002755963938     
    12941491           2  0.66226202319331928     
    12941491           3   1.2295377012102875     
    12942041           1  0.88258926492961021     
    12942041           2   1.0696230652741363     
    12942041           3   1.0477876697962536     
    12942593           1   1.0367839607792180     
    12942593           2  0.71800355126626003     
    12942593           3   1.2452124879545221     
    12946008           1   1.0006468438549700     
    12946008           2  0.76202498652950923     
    12946008           3   1.2373281696155207     
    12946141           1   1.2067198097164531     
    12946141           2   1.3754147246697961     
    12946141           3  0.41786546561375093     
    12946255           1   1.0777293860604238     
    12946255           2  0.91701209306329545     
    12946255           3   1.0052585208762810     
    12946381           1  0.89962410588148545     
    12946381           2  0.86923963186632269     
    12946381           3   1.2311362622521922     
    12946510           1   1.1272387909044874     
    12946510           2  0.80625566280052763     
    12946510           3   1.0665055462949848     
    12946698           1  0.91993448131234579     
    12946698           2   1.0314425427052938     
    12946698           3   1.0486229759823602     
    12948003           1   1.1820803973637051     
    12948003           2  0.79259487106429538     
    12948003           3   1.0253247315719998     
    12949737           1  0.95171749019581742     
    12949737           2   1.0617847313002291     
    12949737           3  0.98649777850395348     
    12950493           1   1.4840532762239291     
    12950493           2  0.59564357422792735     
    12950493           3  0.92030314954814307     
    12951370           1  0.99885843795035234     
    12951370           2   1.1800687222886521     
    12951370           3  0.82107283976099565     
    12953276           1   1.2856991916331675     
    12953276           2   1.2846356467230540     
    12953276           3  0.42966516164377860     
    12953980           1  0.83279836484813730     
    12953980           2  0.89689543514309777     
    12953980           3   1.2703062000087657     
    12954285           1   1.0381768300545389     
    12954285           2   1.1500024775638471     
    12954285           3  0.81182069238161392     
    12955097           1  0.99838556370672482     
    12955097           2   1.3884130523568596     
    12955097           3  0.61320138393641543     
    12956071           1   1.0194768140390689     
    12956071           2   1.0959659862579032     
    12956071           3  0.88455719970302782     
    12957843           1   1.1062644294851307     
    12957843           2  0.82007286737827734     
    12957843           3   1.0736627031365924     
    12957904           1   1.1410366716303888     
    12957904           2   1.1292872211181473     
    12957904           3  0.72967610725146381     
    12958075           1   1.0403116929395122     
    12958075           2   1.1354333682061162     
    12958075           3  0.82425493885437162     
    12958851           1  0.84362339746960890     
    12958851           2   1.0575109126553066     
    12958851           3   1.0988656898750844     
    12958891           1  0.99438090928658929     
    12958891           2  0.75033868702477624     
    12958891           3   1.2552804036886345     
    12959585           1   1.2848955806285722     
    12959585           2  0.82006277224457425     
    12959585           3  0.89504164712685330     
    12960679           1   1.0987003353521663     
    12960679           2   1.0153479943070345     
    12960679           3  0.88595167034079914     
    12961428           1   1.2043763388184587     
    12961428           2  0.96183940747298446     
    12961428           3  0.83378425370855647     
    12961725           1  0.88711782799664607     
    12961725           2   1.1268943203204986     
    12961725           3  0.98598785168285541     
    12962187           1   1.2448652115723118     
    12962187           2  0.69807648506432496     
    12962187           3   1.0570583033633634     
    12962223           1   1.2888856922510037     
    12962223           2  0.67967363417989968     
    12962223           3   1.0314406735690971     
    12962448           1   1.2708563550797369     
    12962448           2  0.94048737458962883     
    12962448           3  0.78865627033063390     
    12962793           1   1.1074136794580685     
    12962793           2  0.83330174906338073     
    12962793           3   1.0592845714785506     
    12963328           1   1.0535256977518279     
    12963328           2   1.0106222749603762     
    12963328           3  0.93585202728779593     
    12963376           1   1.1875793949035442     
    12963376           2  0.78979373057109126     
    12963376           3   1.0226268745253646     
    12964218           1   1.3202602079663699     
    12964218           2   1.0566636222023895     
    12964218           3  0.62307616983124059     
    12965293           1   1.1155455820669187     
    12965293           2   1.0063521543647815     
    12965293           3  0.87810226356829957     
    12965981           1  0.97180190948578726     
    12965981           2  0.81573483408162117     
    12965981           3   1.2124632564325915     
    12966107           1  0.91793501545588507     
    12966107           2   1.0428860930343808     
    12966107           3   1.0391788915097342     
    12966527           1   1.1547271246803543     
    12966527           2  0.92336001792838063     
    12966527           3  0.92191285739126472     
    12966756           1   1.2668886245689639     
    12966756           2  0.83479243256719649     
    12966756           3  0.89831894286383907     
    12967401           1   1.1872242727381350     
    12967401           2  0.82242877330279440     
    12967401           3  0.99034695395907024     
    12967664           1   1.1140704897864426     
    12967664           2  0.85196344684004488     
    12967664           3   1.0339660633735128     
    12967989           1   1.3496181683872994     
    12967989           2  0.73478525056817723     
    12967989           3  0.91559658104452313     
    12968708           1  0.77709021958891156     
    12968708           2   1.1410913435017600     
    12968708           3   1.0818184369093289     
    12969625           1   1.4049925977040894     
    12969625           2   1.0363744331738052     
    12969625           3  0.55863296912210525     
    12969639           1   1.0788127290215366     
    12969639           2   1.0276377145712265     
    12969639           3  0.89354955640723699     
    12970118           1   1.3456371561390579     
    12970118           2  0.61629228801958014     
    12970118           3   1.0380705558413625     
    12970562           1   1.0152839715000161     
    12970562           2   1.0043275243142291     
    12970562           3  0.98038850418575463     
    12970690           1   1.1581114185483747     
    12970690           2  0.85315444466243884     
    12970690           3  0.98873413678918609     
    12970764           1   1.0229110345207229     
    12970764           2  0.84613454155482037     
    12970764           3   1.1309544239244564     
    12971465           1  0.99942420718308134     
    12971465           2   1.0938853162403293     
    12971465           3  0.90669047657658974     
    12971508           1  0.76953812231048402     
    12971508           2   1.1323985684460880     
    12971508           3   1.0980633092434280     
    12971605           1  0.84986581010408579     
    12971605           2   1.2161327802667758     
    12971605           3  0.93400140962913780     
    12972211           1  0.94994116080004842     
    12972211           2   1.1494633721407839     
    12972211           3  0.90059546705916771     
    12972239           1  0.97291737032604408     
    12972239           2  0.97689760738368880     
    12972239           3   1.0501850222902671     
    12972772           1  0.88902689587916961     
    12972772           2   1.2280954293488215     
    12972772           3  0.88287767477200918     
    12973290           1  0.99896560038000060     
    12973290           2  0.87153487153147624     
    12973290           3   1.1294995280885229     
    12973366           1   1.0407739601357686     
    12973366           2   1.0020452221653713     
    12973366           3  0.95718081769885999     
    12973884           1  0.89039550279759039     
    12973884           2   1.1214748411621711     
    12973884           3  0.98812965604023872     
    12974314           1   1.0887194582064279     
    12974314           2   1.0956869701126974     
    12974314           3  0.81559357168087510     
    12974673           1  0.98372036752359049     
    12974673           2   1.2243984364666167     
    12974673           3  0.79188119600979245     
    12975367           1   1.3161578371687626     
    12975367           2  0.72172206065405287     
    12975367           3  0.96212010217718436     
    12975666           1   1.1744131201156753     
    12975666           2  0.77613424390317387     
    12975666           3   1.0494526359811511     
    12975776           1   1.1961244256202199     
    12975776           2   1.0093368258934527     
    12975776           3  0.79453874848632700     
    12975977           1   1.0997512596716965     
    12975977           2  0.87363057677150946     
    12975977           3   1.0266181635567937     
    12976831           1   1.0068787652113202     
    12976831           2   1.3747033862858768     
    12976831           3  0.61841784850280279     
    12976913           1   1.1826333526686965     
    12976913           2  0.76056843203620839     
    12976913           3   1.0567982152950952     
    12977334           1   1.0426565704459836     
    12977334           2  0.87522578669136619     
    12977334           3   1.0821176428626500     
    12977576           1   1.2019243324405859     
    12977576           2  0.82114033832152400     
    12977576           3  0.97693532923789039     
    12977778           1   1.0102388964592455     
    12977778           2   1.2859457870938356     
    12977778           3  0.70381531644691919     
    12978137           1   1.3138298172886496     
    12978137           2  0.71391337415605838     
    12978137           3  0.97225680855529195     
    12978274           1   1.0449542967805143     
    12978274           2   1.0781687467767638     
    12978274           3  0.87687695644272179     
    12978567           1  0.90655278914580373     
    12978567           2   1.1931648659116105     
    12978567           3  0.90028234494258574     
    12978848           1   1.3148803853564706     
    12978848           2   1.2729102390774216     
    12978848           3  0.41220937556610765     
    12979526           1   1.4689314081165274     
    12979526           2  0.83887458994710196     
    12979526           3  0.69219400193637082     
    12980370           1   1.1358405865648098     
    12980370           2   1.0093335413108335     
    12980370           3  0.85482587212435668     
    12980403           1   1.0406539000668991     
    12980403           2   1.0173053970771941     
    12980403           3  0.94204070285590691     
    12980563           1   1.1487870270239566     
    12980563           2  0.59434019103082936     
    12980563           3   1.2568727819452141     
    12981939           1   1.0659536478567158     
    12981939           2   1.1308652081102133     
    12981939           3  0.80318114403307095     
    12982685           1   1.0153679190656046     
    12982685           2  0.92729700528443015     
    12982685           3   1.0573350756499658     
    12982686           1   1.0916955686178145     
    12982686           2  0.81882371957348077     
    12982686           3   1.0894807118087046     
    12983222           1   1.2988983816883366     
    12983222           2   1.2808243901796779     
    12983222           3  0.42027722813198554     
    12983874           1   1.1070372436899749     
    12983874           2  0.80232704730072146     
    12983874           3   1.0906357090093040     
    12983912           1  0.91283871527898230     
    12983912           2   1.0282377398268918     
    12983912           3   1.0589235448941257     
    12983997           1   1.2984495386205803     
    12983997           2  0.74067532528713143     
    12983997           3  0.96087513609228803     
    12984284           1   1.2068585920805579     
    12984284           2  0.89485009832049645     
    12984284           3  0.89829130959894543     
    12984577           1   1.0059071780329352     
    12984577           2   1.0227588294049585     
    12984577           3  0.97133399256210673     
    12984697           1  0.79850379480471789     
    12984697           2   1.1165268845204066     
    12984697           3   1.0849693206748754     
    12984793           1   1.4624393007587482     
    12984793           2  0.83426994148093814     
    12984793           3  0.70329075776031402     
    12984824           1   1.2635159635219424     
    12984824           2  0.63309318039477924     
    12984824           3   1.1033908560832781     
    12985479           1   1.1209681274116168     
    12985479           2   1.1060556122173666     
    12985479           3  0.77297626037101641     
    12985662           1  0.94832420702249409     
    12985662           2   1.0014904781194751     
    12985662           3   1.0501853148580307     
    12985832           1   1.4004870258747162     
    12985832           2  0.62258167073115322     
    12985832           3  0.97693130339413070     
    12986102           1   1.1011283950857182     
    12986102           2   1.0026897210124315     
    12986102           3  0.89618188390185050     
    12986157           1   1.1561535847795312     
    12986157           2  0.93596429486917943     
    12986157           3  0.90788212035128923     
    12986619           1   1.2306661780163226     
    12986619           2  0.59756157384961384     
    12986619           3   1.1717722481340633     
    12986715           1  0.69267295814062546     
    12986715           2  0.92575519403143791     
    12986715           3   1.3815718478279368     
    12986757           1   1.1548127378699860     
    12986757           2   1.0260440798310055     
    12986757           3  0.81914318229900884     
    12987232           1   1.0398785710500373     
    12987232           2  0.84551824578859935     
    12987232           3   1.1146031831613630     
    12987675           1   1.3466921630080526     
    12987675           2  0.61677547369426422     
    12987675           3   1.0365323632976833     
    12987734           1   1.3125851611631398     
    12987734           2  0.73967531286463917     
    12987734           3  0.94773952597222100     
    12987806           1  0.95881218791277112     
    12987806           2  0.71127317362016584     
    12987806           3   1.3299146384670628     
    12987816           1   1.0690685401173601     
    12987816           2  0.71412754783825383     
    12987816           3   1.2168039120443859     
    12988132           1  0.98755129541854292     
    12988132           2   1.2519737270004812     
    12988132           3  0.76047497758097604     
    12988306           1  0.82633951198502220     
    12988306           2   1.0194316819080482     
    12988306           3   1.1542288061069295     
    12989108           1   1.1312605352604230     
    12989108           2  0.82234571810496992     
    12989108           3   1.0463937466346074     
    12989161           1   1.2623048784632933     
    12989161           2   1.0111130312967340     
    12989161           3  0.72658209023997278     
    12989202           1   1.1586607125194837     
    12989202           2  0.88293672882402008     
    12989202           3  0.95840255865649659     
    12989578           1  0.50111881690777338     
    12989578           2   1.3112385164634062     
    12989578           3   1.1876426666288207     
    12989593           1   1.2426802242355532     
    12989593           2  0.81884076245904935     
    12989593           3  0.93847901330539718     
    12989671           1   1.2262156590279270     
    12989671           2  0.78767414267763092     
    12989671           3  0.98611019829444191     
    12989893           1   1.2349349771626559     
    12989893           2  0.87305996685077281     
    12989893           3  0.89200505598657154     
    12990049           1   1.1959709329107067     
    12990049           2  0.85250318371720513     
    12990049           3  0.95152588337208777     
    12990233           1   1.2349617469877121     
    12990233           2  0.59611082050774578     
    12990233           3   1.1689274325045422     
    12990297           1  0.89539262412254117     
    12990297           2  0.82591510370044285     
    12990297           3   1.2786922721770158     
    12990344           1   1.1669441290085525     
    12990344           2  0.93312916000048618     
    12990344           3  0.89992671099096133     
    12990473           1   1.1171863658561270     
    12990473           2   1.0319294580921161     
    12990473           3  0.85088417605175681     
    12990707           1   1.0072959622715121     
    12990707           2  0.80145923871671931     
    12990707           3   1.1912447990117687     
    12990771           1  0.71928759827380628     
    12990771           2   1.2094154165232340     
    12990771           3   1.0712969852029597     
    12990952           1  0.87354075250002072     
    12990952           2   1.0706790288848314     
    12990952           3   1.0557802186151484     
    12990964           1   1.2677489855647139     
    12990964           2  0.84913795186595820     
    12990964           3  0.88311306256932776     
    12991027           1   1.0747327813720473     
    12991027           2   1.0237513050347966     
    12991027           3  0.90151591359315619     
    12991036           1   1.2189488025927899     
    12991036           2  0.78300619143237804     
    12991036           3  0.99804500597483192     
    12991845           1   1.1164047308387206     
    12991845           2   1.0312074727326548     
    12991845           3  0.85238779642862439     
    12992116           1   1.1622909937381534     
    12992116           2  0.93284885336555845     
    12992116           3  0.90486015289628796     
    12992281           1  0.70717747285251342     
    12992281           2  0.88941214179848416     
    12992281           3   1.4034103853490021     
    12992433           1   1.4890301298753079     
    12992433           2  0.84943906982663586     
    12992433           3  0.66153080029805611     
    12992508           1   1.2183523086332890     
    12992508           2  0.76830546222652873     
    12992508           3   1.0133422291401823     
    12992732           1   1.0939634695882523     
    12992732           2   1.1355228237990869     
    12992732           3  0.77051370661266094     
    12992790           1   1.3834672089901439     
    12992790           2  0.75378214735298787     
    12992790           3  0.86275064365686838     
    12992917           1   1.2813141295558108     
    12992917           2  0.82906236436856184     
    12992917           3  0.88962350607562779     
    12992945           1   1.0479332159068688     
    12992945           2   1.1409047658823066     
    12992945           3  0.81116201821082423     
    12992982           1  0.86940523163244943     
    12992982           2   1.1337661569752888     
    12992982           3  0.99682861139226153     
    12993099           1   1.3825660073417396     
    12993099           2  0.71334582637149724     
    12993099           3  0.90408816628676303     
    12993750           1   1.0176314104714757     
    12993750           2  0.96090355716823339     
    12993750           3   1.0214650323602912     
    12993764           1  0.77021903613455822     
    12993764           2   1.1307460504021631     
    12993764           3   1.0990349134632784     
    12993769           1   1.2734811141936611     
    12993769           2  0.75681650275506362     
    12993769           3  0.96970238305127521     
    12993795           1   1.1654163838836740     
    12993795           2  0.78071408940298537     
    12993795           3   1.0538695267133407     
    12993825           1   1.0320757071202074     
    12993825           2   1.1264443188829392     
    12993825           3  0.84147997399685370     
    12993858           1   1.0966850299469784     
    12993858           2  0.75506168489993830     
    12993858           3   1.1482532851530831     
    12993937           1   1.3515534179399356     
    12993937           2  0.61408832983996053     
    12993937           3   1.0343582522201038     
    12994011           1   1.0454656511790903     
    12994011           2   1.0576533370255816     
    12994011           3  0.89688101179532786     
    12994165           1  0.86205724526081240     
    12994165           2   1.1402602470736010     
    12994165           3  0.99768250766558664     
    12994190           1   1.0896469281999370     
    12994190           2  0.97713161416546968     
    12994190           3  0.93322145763459330     
    12994359           1   1.0839035389168399     
    12994359           2  0.84103565165857075     
    12994359           3   1.0750608094245893     
    12994671           1   1.3615307374361207     
    12994671           2  0.83479698476100117     
    12994671           3  0.80367227780287831     
    12994715           1   1.2682571904910376     
    12994715           2  0.93948852827060192     
    12994715           3  0.79225428123836039     
    12994759           1  0.95492520849608709     
    12994759           2   1.0948867355453775     
    12994759           3  0.95018805595853550     
    12995303           1  0.96648732908612944     
    12995303           2  0.98569437053708764     
    12995303           3   1.0478183003767829     
    12995317           1   1.2346769295743127     
    12995317           2  0.83001312243694836     
    12995317           3  0.93530994798873901     
    12995349           1   1.0711272541675156     
    12995349           2   1.1634336606614812     
    12995349           3  0.76543908517100379     
    12995391           1   1.2042233161932234     
    12995391           2  0.89944686782731709     
    12995391           3  0.89632981597945904     
    12995419           1  0.94174388394244879     
    12995419           2   1.0112097157274949     
    12995419           3   1.0470464003300559     
    12995436           1  0.99091500619045314     
    12995436           2  0.97385366545989305     
    12995436           3   1.0352313283496539     
    12995680           1   1.0261729987923021     
    12995680           2   1.1795086724261499     
    12995680           3  0.79431832878154829     
    12995799           1   1.0393236479980239     
    12995799           2   1.0179960727108588     
    12995799           3  0.94268027929111720     
    12995946           1   1.1001732125998531     
    12995946           2   1.0855373372810022     
    12995946           3  0.81428945011914478     
    12996066           1   1.0922118444596134     
    12996066           2  0.83159722407840442     
    12996066           3   1.0761909314619826     
    12996133           1   1.0539747887817899     
    12996133           2  0.97654114521254354     
    12996133           3  0.96948406600566683     
    12996182           1   1.1941174473001253     
    12996182           2  0.78694466078097469     
    12996182           3   1.0189378919188998     
    12996189           1  0.69464240646059072     
    12996189           2  0.92496500392032333     
    12996189           3   1.3803925896190861     
    12996286           1  0.96480177702371606     
    12996286           2   1.0318271450630569     
    12996286           3   1.0033710779132268     
    12996503           1   1.4584418098178633     
    12996503           2  0.58891593548893706     
    12996503           3  0.95264225469319919     
    12996592           1   1.2590235735140503     
    12996592           2  0.82960990509393073     
    12996592           3  0.91136652139201890     
    12996952           1   1.1163958393554851     
    12996952           2   1.0066700578306100     
    12996952           3  0.87693410281390471     
    12997073           1  0.98043135216484167     
    12997073           2  0.96127289443293495     
    12997073           3   1.0582957534022235     
    12997325           1   1.2336320411306665     
    12997325           2  0.69632220620335050     
    12997325           3   1.0700457526659832     
    12997397           1   1.3633626392968010     
    12997397           2  0.74874445857678340     
    12997397           3  0.88789290212641603     
    12997526           1   1.1779248152637569     
    12997526           2   1.0131922622029668     
    12997526           3  0.80888292253327621     
    12997615           1   1.0466746640720694     
    12997615           2  0.85590326798998306     
    12997615           3   1.0974220679379478     
    12997673           1   1.0049450651266969     
    12997673           2   1.1689788193022710     
    12997673           3  0.82607611557103189     
    12997684           1   1.2081882777090429     
    12997684           2   1.3770884789940820     
    12997684           3  0.41472324329687499     
    12997710           1   1.0924025653151193     
    12997710           2  0.95055449184803642     
    12997710           3  0.95704294283684455     
    12997830           1   1.1983071662940483     
    12997830           2  0.90706079524368444     
    12997830           3  0.89463203846226724     
    12997845           1   1.2409265843512860     
    12997845           2  0.81902914069201749     
    12997845           3  0.94004427495669629     
    12997846           1  0.96514018703587678     
    12997846           2   1.0261265428726618     
    12997846           3   1.0087332700914613     
    12997848           1   1.2140410765957392     
    12997848           2  0.82941835310695966     
    12997848           3  0.95654057029730089     
    12997940           1   1.2485641720193361     
    12997940           2   1.0327912776971080     
    12997940           3  0.71864455028355567     
    12997964           1   1.0417805899477952     
    12997964           2   1.1002276880812720     
    12997964           3  0.85799172197093276     
    12997981           1   1.1073541665107971     
    12997981           2  0.66175638722912689     
    12997981           3   1.2308894462600759     
    12998001           1   1.0963361224635997     
    12998001           2   1.1291180351473231     
    12998001           3  0.77454584238907742     
    12998008           1   1.0624703936899875     
    12998008           2   1.0880848139379058     
    12998008           3  0.84944479237210690     
    12998161           1  0.91229276135704995     
    12998161           2   1.0294170186206608     
    12998161           3   1.0582902200222892     
    12998189           1   1.1049235956478649     
    12998189           2  0.82271502054192225     
    12998189           3   1.0723613838102124     
    12998335           1  0.97899931100505078     
    12998335           2   1.0775781921650494     
    12998335           3  0.94342249682990031     
    12998374           1   1.1742289598731948     
    12998374           2  0.81618325306943473     
    12998374           3   1.0095877870573702     
    12998400           1  0.81181041847259350     
    12998400           2   1.0386467087862219     
    12998400           3   1.1495428727411847     
    12998490           1   1.0524777782084673     
    12998490           2   1.0025519995635501     
    12998490           3  0.94497022222798277     
    12998590           1   1.3063081156554135     
    12998590           2  0.52458628847518052     
    12998590           3   1.1691055958694059     
    12998638           1  0.88430564421626578     
    12998638           2  0.83726863354197811     
    12998638           3   1.2784257222417561     
    12998704           1   1.1052694769633382     
    12998704           2   1.0298421732208665     
    12998704           3  0.86488834981579488     
    12998709           1  0.95717003478734441     
    12998709           2   1.0133756496259516     
    12998709           3   1.0294543155867042     
    12998788           1   1.2213545061567770     
    12998788           2   1.2112725583996631     
    12998788           3  0.56737293544355993     
    12998825           1   1.2473521307710660     
    12998825           2  0.88183850168719569     
    12998825           3  0.87080936754173810     
    12998866           1   1.3528936978192352     
    12998866           2  0.78617292256237847     
    12998866           3  0.86093337961838634     
    12998924           1  0.90754912436997781     
    12998924           2   1.3273989172278147     
    12998924           3  0.76505195840220785     
    12998992           1   1.2328380145280435     
    12998992           2  0.77007150167277816     
    12998992           3  0.99709048379917820     
    12999020           1   1.2945604316447570     
    12999020           2  0.74768098949719630     
    12999020           3  0.95775857885804638     
    12999077           1  0.82152199643992185     
    12999077           2  0.92537217438195296     
    12999077           3   1.2531058291781252     
    12999079           1   1.0183456121773902     
    12999079           2  0.94982657694938766     
    12999079           3   1.0318278108732220     
    12999159           1   1.0394602374986781     
    12999159           2  0.87665502643340310     
    12999159           3   1.0838847360679191     
    12999168           1   1.1904802988254801     
    12999168           2  0.96928292649203818     
    12999168           3  0.84023677468248159     
    12999250           1   1.4584608905558571     
    12999250           2  0.58890864614317195     
    12999250           3  0.95263046330097079     
    12999276           1  0.99002225062163518     
    12999276           2  0.73375219112401169     
    12999276           3   1.2762255582543529     
    12999389           1  0.83688227905025725     
    12999389           2   1.0900163227011543     
    12999389           3   1.0731013982485882     
    12999445           1  0.82886428866177608     
    12999445           2   1.0133803039650719     
    12999445           3   1.1577554073731522     
    12999482           1  0.89532403533244864     
    12999482           2   1.0276147502462101     
    12999482           3   1.0770612144213410     
    12999597           1   1.3238478209801052     
    12999597           2  0.98456688316596419     
    12999597           3  0.69158529585393047     
    12999616           1  0.86537314862247028     
    12999616           2   1.0219820853066697     
    12999616           3   1.1126447660708605     
    12999678           1  0.84310046201531330     
    12999678           2   1.2222121217251170     
    12999678           3  0.93468741625956975     
    12999732           1   1.1611336108101000     
    12999732           2   1.0302068781681644     
    12999732           3  0.80865951102173550     
    12999747           1   1.0257894232656555     
    12999747           2   1.2169360442491488     
    12999747           3  0.75727453248519616     
    12999767           1   1.2027554673313374     
    12999767           2  0.78318049365221065     
    12999767           3   1.0140640390164519     
    12999857           1   1.2125246637585265     
    12999857           2  0.82838235798099713     
    12999857           3  0.95909297826047657     
    12999941           1  0.89886663384588084     
    12999941           2  0.99436698583567928     
    12999941           3   1.1067663803184402     
    12999980           1  0.87443802782386104     
    12999980           2   1.1853905428819351     
    12999980           3  0.94017142929420394     
    12999982           1  0.86165371616431119     
    12999982           2   1.1367540987870095     
    12999982           3   1.0015921850486791     
    12999990           1   1.2733228859714238     
    12999990           2  0.82389170469386230     
    12999990           3  0.90278540933471429     
    13000025           1   1.2976846469535066     
    13000025           2   1.0243978414823516     
    13000025           3  0.67791751156414171     
    13000040           1   1.0909855395542110     
    13000040           2  0.86544404841916345     
    13000040           3   1.0435704120266254     
    13000061           1   1.3519032686999961     
    13000061           2   1.0961794859303851     
    13000061           3  0.55191724536961884     
    13000065           1   1.0517530987485753     
    13000065           2  0.84039604790792310     
    13000065           3   1.1078508533435016     
    13000088           1   1.0448861680633346     
    13000088           2   1.0289283941399896     
    13000088           3  0.92618543779667606     
    13000098           1   1.2140000787492284     
    13000098           2  0.55915165235577391     
    13000098           3   1.2268482688949978     
    13000132           1   1.2623446608956199     
    13000132           2  0.96760065513139981     
    13000132           3  0.77005468397297994     
    13000175           1  0.99119618780763818     
    13000175           2  0.86952959015583009     
    13000175           3   1.1392742220365317     
    13000188           1   1.1211371402692019     
    13000188           2  0.64345370847965244     
    13000188           3   1.2354091512511458     
    13000199           1   1.1931845887975956     
    13000199           2  0.70451931214381291     
    13000199           3   1.1022960990585915     
    13000203           1   1.2267317530863970     
    13000203           2  0.69655350806227678     
    13000203           3   1.0767147388513263     
    13000235           1  0.98458792721580857     
    13000235           2   1.0208800442862356     
    13000235           3  0.99453202849795597     
    13000271           1   1.1812620045714461     
    13000271           2  0.96114898581006891     
    13000271           3  0.85758900961848550     
    13000289           1   1.2073973002846210     
    13000289           2  0.78837209822314813     
    13000289           3   1.0042306014922309     
    13000314           1   1.3133289466296347     
    13000314           2  0.74009445500025972     
    13000314           3  0.94657659837010510     
    13000324           1   1.1023912361388482     
    13000324           2  0.80135979684514835     
    13000324           3   1.0962489670160032     
    13000354           1   1.1144250065401040     
    13000354           2   1.1101368702068430     
    13000354           3  0.77543812325305295     
    13000374           1   1.2105088280553733     
    13000374           2  0.82639880050895942     
    13000374           3  0.96309237143566717     
    13000375           1   1.1181969604075006     
    13000375           2  0.81284943099108098     
    13000375           3   1.0689536086014182     
    13000395           1  0.82913758608714616     
    13000395           2  0.89295290127368931     
    13000395           3   1.2779095126391646     
    13000448           1  0.64925744052954726     
    13000448           2   1.1892127678537923     
    13000448           3   1.1615297916166607     
    13000454           1   1.2947982522141381     
    13000454           2  0.58126446946439447     
    13000454           3   1.1239372783214672     
    13000456           1  0.88603355892344471     
    13000456           2   1.0620897924978767     
    13000456           3   1.0518766485786786     
    13000470           1   1.0172885568138867     
    13000470           2   1.2813897220379038     
    13000470           3  0.70132172114820912     
    13000502           1   1.0379949198125888     
    13000502           2  0.96815378765996440     
    13000502           3  0.99385129252744675     
    13000514           1  0.99429252715510585     
    13000514           2  0.86287433921786316     
    13000514           3   1.1428331336270310     
    13000576           1   1.1623790646995620     
    13000576           2  0.79652625252716025     
    13000576           3   1.0410946827732779     
    13000580           1   1.0171563335105149     
    13000580           2  0.70441083898002099     
    13000580           3   1.2784328275094639     
    13000596           1  0.95307345058562920     
    13000596           2   1.1433615026603574     
    13000596           3  0.90356504675401328     
    13000618           1   1.0212756196969672     
    13000618           2   1.3514640851384883     
    13000618           3  0.62726029516454473     
    13000639           1  0.90972308466754370     
    13000639           2  0.72837878342669216     
    13000639           3   1.3618981319057644     
    13000669           1  0.89695152711797688     
    13000669           2  0.81843682243759108     
    13000669           3   1.2846116504444323     
    13000678           1   1.3600089049961039     
    13000678           2  0.85469129793577381     
    13000678           3  0.78529979706812214     
    13000722           1   1.0193190450531624     
    13000722           2   1.1133530002537264     
    13000722           3  0.86732795469311086     
    13000747           1   1.3688612129097339     
    13000747           2  0.95627009353019232     
    13000747           3  0.67486869356007428     
    13000765           1   1.1371554339669001     
    13000765           2  0.78292533819457744     
    13000765           3   1.0799192278385223     
    13000790           1   1.0881413725410622     
    13000790           2  0.82792096798175341     
    13000790           3   1.0839376594771846     
    13000797           1  0.91021940749213537     
    13000797           2   1.3257049558706686     
    13000797           3  0.76407563663719624     
    13000804           1   1.1119248010521969     
    13000804           2  0.98720582020310410     
    13000804           3  0.90086937874469875     
    13000810           1  0.90472950262213292     
    13000810           2   1.0384099445428192     
    13000810           3   1.0568605528350474     
    13000825           1  0.83077754534547721     
    13000825           2  0.90199870491425149     
    13000825           3   1.2672237497402714     
    13000840           1  0.98293598557316098     
    13000840           2  0.99483378760585428     
    13000840           3   1.0222302268209849     
    13000861           1  0.93275991610447662     
    13000861           2   1.1003926794989998     
    13000861           3  0.96684740439652384     
    13000869           1  0.96653822597624350     
    13000869           2   1.0232939467798945     
    13000869           3   1.0101678272438626     
    13000871           1   1.2729092155801172     
    13000871           2  0.83875958778370407     
    13000871           3  0.88833119663617843     
    13000886           1   1.0201127239814352     
    13000886           2   1.1471365473676849     
    13000886           3  0.83275072865087985     
    13000897           1   1.1220019039176101     
    13000897           2  0.85844819616177714     
    13000897           3   1.0195498999206130     
    13000900           1  0.82386460805471717     
    13000900           2   1.0338587377344270     
    13000900           3   1.1422766542108562     
    13000902           1   1.1244810333952675     
    13000902           2  0.99923918637763032     
    13000902           3  0.87627978022710218     
    13000920           1  0.99124080228783118     
    13000920           2   1.1710691150954868     
    13000920           3  0.83769008261668199     
    13000928           1   1.2585104020810505     
    13000928           2  0.80883263205947475     
    13000928           3  0.93265696585947455     
    13000935           1   1.1048243662166604     
    13000935           2   1.1358423416193890     
    13000935           3  0.75933329216395107     
    13000952           1   1.1627364215657845     
    13000952           2  0.79919455987142618     
    13000952           3   1.0380690185627890     
    13000964           1   1.2401129454848707     
    13000964           2  0.59520521586739050     
    13000964           3   1.1646818386477382     
    13000966           1   1.2038364157353276     
    13000966           2  0.90012174677854140     
    13000966           3  0.89604183748613087     
    13000983           1   1.1078820934831906     
    13000983           2  0.74765402232675626     
    13000983           3   1.1444638841900532     
    13000986           1   1.1581071566744721     
    13000986           2   1.0319024194458306     
    13000986           3  0.80999042387969733     
    13000988           1   1.2116557983901879     
    13000988           2  0.55586967952798194     
    13000988           3   1.2324745220818303     
    13001011           1   1.1368301848099893     
    13001011           2   1.0087977316080348     
    13001011           3  0.85437208358197569     
    13001012           1   1.1504883126732459     
    13001012           2  0.94944539266920824     
    13001012           3  0.90006629465754551     
    13001015           1   1.3597693599181202     
    13001015           2  0.87688609760919156     
    13001015           3  0.76334454247268824     
    13001018           1  0.90322229734999893     
    13001018           2   1.2262249044924436     
    13001018           3  0.87055279815755715     
    13001019           1   1.2478315940771396     
    13001019           2  0.85890132499914384     
    13001019           3  0.89326708092371609     
    13001026           1   1.0073227090934183     
    13001026           2   1.0828999847261296     
    13001026           3  0.90977730618045227     
    13001062           1   1.4631221763795230     
    13001062           2  0.85189138137187592     
    13001062           3  0.68498644224860128     
    13001085           1  0.85207708106435254     
    13001085           2   1.0100148934463677     
    13001085           3   1.1379080254892797     
    13001086           1  0.99493201495766326     
    13001086           2  0.75767295919815658     
    13001086           3   1.2473950258441799     
    13001089           1   1.1161312682180244     
    13001089           2  0.81580008143200944     
    13001089           3   1.0680686503499661     
    13001098           1   1.0248796841358536     
    13001098           2   1.2763509093563297     
    13001098           3  0.69876940650781683     
    13001105           1   1.1858390458000205     
    13001105           2  0.93151495373619031     
    13001105           3  0.88264600046378938     
    13001108           1   1.2497111661493765     
    13001108           2  0.83618526350488820     
    13001108           3  0.91410357034573519     
    13001109           1   1.1049305805685941     
    13001109           2   1.1113469876648285     
    13001109           3  0.78372243176657774     
    13001110           1  0.98668080961713056     
    13001110           2  0.87922116604740008     
    13001110           3   1.1340980243354695     
    13001113           1   1.2748256726959264     
    13001113           2  0.93832844862952758     
    13001113           3  0.78684587867454558     
    13001123           1   1.1100298301591967     
    13001123           2   1.0952628298283822     
    13001123           3  0.79470734001242105     
    13001127           1   1.0091850634806905     
    13001127           2  0.74292901645851872     
    13001127           3   1.2478859200607910     
    13001135           1  0.91360132465159616     
    13001135           2   1.1394100085523025     
    13001135           3  0.94698866679610139     
    13001136           1   1.2791948729313238     
    13001136           2  0.73880652071056674     
    13001136           3  0.98199860635810909     
    13001137           1   1.2366582330549327     
    13001137           2  0.79438205370740034     
    13001137           3  0.96895971323766750     
    13001148           1  0.66827168853990215     
    13001148           2   1.1845857619626763     
    13001148           3   1.1471425494974219     
    13001150           1  0.72871499351194058     
    13001150           2   1.2390612780686734     
    13001150           3   1.0322237284193856     
    13001152           1   1.3115788532604711     
    13001152           2   1.1229999972192308     
    13001152           3  0.56542114952029787     
    13001157           1   1.2370208868467034     
    13001157           2  0.82589353746631922     
    13001157           3  0.93708557568697692     
    13001158           1   1.1282420151080716     
    13001158           2   1.1132327335935828     
    13001158           3  0.75852525129834547     
    13001161           1   1.1375310662908751     
    13001161           2  0.87808289482178126     
    13001161           3  0.98438603888734411     
    13001163           1   1.2365352308856172     
    13001163           2  0.59557940382267671     
    13001163           3   1.1678853652917063     
    13001168           1   1.0606259127754667     
    13001168           2  0.85430600562018044     
    13001168           3   1.0850680816043528     
    13001170           1  0.90332139565378988     
    13001170           2   1.1996053019935919     
    13001170           3  0.89707330235261851     
    13001172           1   1.1470125226656691     
    13001172           2  0.78408339323750165     
    13001172           3   1.0689040840968294     
    13001175           1   1.3905847784712480     
    13001175           2  0.83309778642126520     
    13001175           3  0.77631743510748719     
    13001176           1  0.87997511976504705     
    13001176           2   1.0753406575112232     
    13001176           3   1.0446842227237298     
    13001177           1   1.2279476576233059     
    13001177           2  0.84914100904373579     
    13001177           3  0.92291133333295827     
    13001178           1  0.89703667706262691     
    13001178           2  0.73317237574876604     
    13001178           3   1.3697909471886069     
    13001179           1  0.67065436521131128     
    13001179           2   1.1811667118770621     
    13001179           3   1.1481789229116268     
    13001180           1   1.1803682927820447     
    13001180           2  0.72917564802826529     
    13001180           3   1.0904560591896904     
    13001182           1   1.1695374193694281     
    13001182           2  0.83629610480686356     
    13001182           3  0.99416647582370843     
    13001187           1   1.1627554462883718     
    13001187           2  0.70857330890213077     
    13001187           3   1.1286712448094973     
    13001188           1  0.95251019768003342     
    13001188           2   1.0489471388223139     
    13001188           3  0.99854266349765275     
    13001189           1   1.0817178682900117     
    13001189           2  0.96678880930425504     
    13001189           3  0.95149332240573359     
    13001190           1   1.1091266029947564     
    13001190           2   1.0957637287633393     
    13001190           3  0.79510966824190454     
    13001191           1   1.1525199253814040     
    13001191           2  0.92649883324546234     
    13001191           3  0.92098124137313364     
    13001192           1   1.3840770480623523     
    13001192           2  0.76494282707266148     
    13001192           3  0.85098012486498675     
    13001195           1  0.86672971623928075     
    13001195           2   1.0857220306626685     
    13001195           3   1.0475482530980507     
    13001197           1  0.97445313660396471     
    13001197           2   1.1365205265584957     
    13001197           3  0.88902633683753973     
    13001202           1   1.0667853865399288     
    13001202           2  0.84405206353787487     
    13001202           3   1.0891625499221964     
    13001210           1   1.1577583249753156     
    13001210           2  0.89211776235435492     
    13001210           3  0.95012391267032925     
    13001213           1   1.2506803005404457     
    13001213           2  0.84259953973608204     
    13001213           3  0.90672015972347253     
    13001215           1   1.2586758225949026     
    13001215           2  0.64304975565868405     
    13001215           3   1.0982744217464135     
    13001217           1   1.0242095381001524     
    13001217           2  0.95529595062773354     
    13001217           3   1.0204945112721142     
    13001218           1  0.86618006939847814     
    13001218           2   1.1059201625304929     
    13001218           3   1.0278997680710287     
    13001219           1   1.0262362293384293     
    13001219           2   1.0922255154027256     
    13001219           3  0.88153825525884499     
    13001222           1   1.0011592245286038     
    13001222           2   1.0179313349062562     
    13001222           3  0.98090944056514007     
    13001224           1   1.1637563604273224     
    13001224           2   1.0669993036358327     
    13001224           3  0.76924433593684538     
    13001225           1   1.4760299422819931     
    13001225           2  0.84619053845696013     
    13001225           3  0.67777951926104685     
    13001226           1  0.84501677547676968     
    13001226           2   1.0568275846845350     
    13001226           3   1.0981556398386951     
    13001227           1   1.0502292073195680     
    13001227           2   1.0779860506660122     
    13001227           3  0.87178474201441980     
    13001229           1   1.2466699039202327     
    13001229           2  0.80893506037048524     
    13001229           3  0.94439503570928152     
    13001230           1   1.0295000082444443     
    13001230           2  0.96023045330297108     
    13001230           3   1.0102695384525844     
    13001233           1  0.97948097986102123     
    13001233           2  0.74590649545154009     
    13001233           3   1.2746125246874387     
    13001234           1   1.0554213671623087     
    13001234           2  0.94988725199524193     
    13001234           3  0.99469138084244924     
    13001235           1   1.0001738967728282     
    13001235           2   1.0340283381604802     
    13001235           3  0.96579776506669179     
    13001237           1   1.1272667610595422     
    13001237           2   1.0979755426076847     
    13001237           3  0.77475769633277336     
    13001239           1   1.1087368685766832     
    13001239           2  0.80597261900350337     
    13001239           3   1.0852905124198136     
    13001241           1   1.2331534087942269     
    13001241           2  0.83665805790605807     
    13001241           3  0.93018853329971563     
    13001242           1   1.1132372850887597     
    13001242           2   1.0083581099557752     
    13001242           3  0.87840460495546546     
    13001244           1   1.0589125828247437     
    13001244           2   1.1246561078744977     
    13001244           3  0.81643130930075847     
    13001248           1   1.3355383930240292     
    13001248           2  0.83717710169509252     
    13001248           3  0.82728450528087816     
    13001249           1   1.2289383455107543     
    13001249           2  0.59814511907920664     
    13001249           3   1.1729165354100388     
    13001250           1   1.0410880970609819     
    13001250           2   1.0830399725851159     
    13001250           3  0.87587193035390232     
    13001251           1   1.2873673805813857     
    13001251           2  0.75995847211902123     
    13001251           3  0.95267414729959288     
    13001252           1   1.2562162872631690     
    13001252           2  0.82651128269517826     
    13001252           3  0.91727243004165271     
    13001253           1   1.0774340588278879     
    13001253           2  0.83891151713363776     
    13001253           3   1.0836544240384740     
    13001254           1   1.1852503233083342     
    13001254           2  0.89717739412991060     
    13001254           3  0.91757228256175516     
    13001255           1   1.1659046818446928     
    13001255           2  0.79923886291932833     
    13001255           3   1.0348564552359787     
    13001257           1   1.0916482755768200     
    13001257           2  0.83116812937403428     
    13001257           3   1.0771835950491457     
    13001258           1  0.95433128105365639     
    13001258           2  0.98462744266377211     
    13001258           3   1.0610412762825716     
    13001259           1   1.2423338354080873     
    13001259           2  0.70541256396174890     
    13001259           3   1.0522536006301642     
    13001260           1   1.0929090032864408     
    13001260           2   1.0783697655339144     
    13001260           3  0.82872123117964480     
    13001261           1  0.89263956359794683     
    13001261           2   1.0476413060262368     
    13001261           3   1.0597191303758162     
    13001262           1  0.98051466616053473     
    13001262           2   1.0100126748007288     
    13001262           3   1.0094726590387366     
    13001263           1  0.72860692928830406     
    13001263           2   1.2393224151079159     
    13001263           3   1.0320706556037802     
