    11495293           1  0.79525852660775642     
    11495293           2   1.3104901888508460     
    11495293           3  0.89425128454139768     
    11711889           1  0.92924801147507219     
    11711889           2   1.0654696291389110     
    11711889           3   1.0052823593860167     
    11763375           1  0.31226373772047339     
    11763375           2   1.2084804548195867     
    11763375           3   1.4792558074599405     
    11894948           1   1.5378441216265537     
    11894948           2  0.65986047969357198     
    11894948           3  0.80229539867987409     
    11927972           1   1.1937461226997417     
    11927972           2  0.97384739229789674     
    11927972           3  0.83240648500236181     
    11999356           1  0.69753388500402602     
    11999356           2   1.4772242388976946     
    11999356           3  0.82524187609827904     
    12026982           1   1.2088498318252985     
    12026982           2   1.1334191480272662     
    12026982           3  0.65773102014743601     
    12081461           1   1.0481351107104040     
    12081461           2  0.96245919544685676     
    12081461           3  0.98940569384273924     
    12089897           1  0.36423603137184091     
    12089897           2   1.3798526785502190     
    12089897           3   1.2559112900779399     
    12091342           1   1.2584132037586437     
    12091342           2  0.73811314659401384     
    12091342           3   1.0034736496473424     
    12108743           1  0.66718707964128909     
    12108743           2   1.0829241565574810     
    12108743           3   1.2498887638012302     
    12114093           1  0.95490460585102810     
    12114093           2  0.90609212946571793     
    12114093           3   1.1390032646832537     
    12139708           1  0.80944746189826045     
    12139708           2  0.94266649865801955     
    12139708           3   1.2478860394437197     
    12140632           1   1.0925355330140618     
    12140632           2  0.98130944860404323     
    12140632           3  0.92615501838189485     
    12162948           1  0.91867610861446869     
    12162948           2  0.75709932235508604     
    12162948           3   1.3242245690304451     
    12181631           1  0.78837137498897769     
    12181631           2   1.0664211774487335     
    12181631           3   1.1452074475622891     
    12244789           1   1.3158735844166518     
    12244789           2  0.78983220723814229     
    12244789           3  0.89429420834520568     
    12256173           1  0.82891236571593752     
    12256173           2  0.89826869420123812     
    12256173           3   1.2728189400828247     
    12272038           1   1.3558140668424876     
    12272038           2  0.54196822610038609     
    12272038           3   1.1022177070571264     
    12309112           1  0.55459047506694303     
    12309112           2   1.4682806061358507     
    12309112           3  0.97712891879720642     
    12319709           1  0.74158869780657244     
    12319709           2   1.5607119289055320     
    12319709           3  0.69769937328789589     
    12328970           1  0.18461884749220489     
    12328970           2   1.4690133408872221     
    12328970           3   1.3463678116205733     
    12334649           1  0.80014813760430348     
    12334649           2   1.2528254123433835     
    12334649           3  0.94702645005231312     
    12339143           1   1.1072786249835429     
    12339143           2  0.77388600987644096     
    12339143           3   1.1188353651400160     
    12340469           1  0.72348522712946306     
    12340469           2   1.1600971426868962     
    12340469           3   1.1164176301836404     
    12342225           1  0.61358717397512075     
    12342225           2  0.95496602778893780     
    12342225           3   1.4314467982359416     
    12344390           1   1.0442694433603834     
    12344390           2   1.6728288319547795     
    12344390           3  0.28290172468483682     
    12348027           1  0.66299300252328941     
    12348027           2   1.2078383718531804     
    12348027           3   1.1291686256235303     
    12349253           1  0.71762938515222996     
    12349253           2   1.2294832193192831     
    12349253           3   1.0528873955284870     
    12356325           1  0.94238763227005617     
    12356325           2   1.1232733621021054     
    12356325           3  0.93433900562783789     
    12363395           1  0.84088018925857655     
    12363395           2   1.0101643804465641     
    12363395           3   1.1489554302948592     
    12376100           1   1.2787612006261371     
    12376100           2  0.97935657097787698     
    12376100           3  0.74188222839598628     
    12376292           1   1.0371901984841720     
    12376292           2  0.89856122898656010     
    12376292           3   1.0642485725292674     
    12392701           1  0.80530219901367928     
    12392701           2   1.4628974990906090     
    12392701           3  0.73180030189571199     
    12399055           1  0.82094812923948990     
    12399055           2   1.2284583083805649     
    12399055           3  0.95059356237994552     
    12401395           1  0.63687063046261272     
    12401395           2   1.5758409187678759     
    12401395           3  0.78728845076951159     
    12402147           1   1.1139635492404532     
    12402147           2  0.65719630031088694     
    12402147           3   1.2288401504486604     
    12405273           1   1.0096970698536138     
    12405273           2   1.0822819825551695     
    12405273           3  0.90802094759121699     
    12416044           1   1.1651316758380921     
    12416044           2   1.2962011141093768     
    12416044           3  0.53866721005253104     
    12417248           1  0.90376121367725826     
    12417248           2  0.42666641527748805     
    12417248           3   1.6695723710452539     
    12417825           1   1.0103385463890642     
    12417825           2   1.0734974861841500     
    12417825           3  0.91616396742678585     
    12418323           1  0.65551265151847560     
    12418323           2   1.3913212985830639     
    12418323           3  0.95316604989846054     
    12421645           1   1.3506617846271618     
    12421645           2  0.86751355673971231     
    12421645           3  0.78182465863312589     
    12428748           1  0.80091066215446471     
    12428748           2   1.5661826462141291     
    12428748           3  0.63290669163140623     
    12435316           1  0.64961448422706369     
    12435316           2   1.1950639416661732     
    12435316           3   1.1553215741067633     
    12437430           1  0.83329479570016673     
    12437430           2   1.3482066012265090     
    12437430           3  0.81849860307332389     
    12440886           1   1.1453773173311987     
    12440886           2  0.53449137319248730     
    12440886           3   1.3201313094763141     
    12457913           1   1.2765047392947353     
    12457913           2  0.92736105851689710     
    12457913           3  0.79613420218836783     
    12467868           1   1.3509942678788798     
    12467868           2   1.0883216116029484     
    12467868           3  0.56068412051817240     
    12471911           1   1.5642511268438728     
    12471911           2  0.80532860280637797     
    12471911           3  0.63042027034974912     
    12472441           1  0.61997459355176598     
    12472441           2   1.0644428436345890     
    12472441           3   1.3155825628136451     
    12473822           1   1.1857979815342647     
    12473822           2   1.2127229358991216     
    12473822           3  0.60147908256661364     
    12479631           1   1.1644982731314180     
    12479631           2  0.69682548801155675     
    12479631           3   1.1386762388570253     
    12481815           1   1.3028516008749316     
    12481815           2  0.65178024126258916     
    12481815           3   1.0453681578624792     
    12485385           1   1.2383863976827478     
    12485385           2  0.73803050204602216     
    12485385           3   1.0235831002712303     
    12486011           1   1.3568269564545408     
    12486011           2   1.2768289374850637     
    12486011           3  0.36634410606039530     
    12488582           1  0.80037494370427253     
    12488582           2   1.2513532800928746     
    12488582           3  0.94827177620285352     
    12506170           1  0.98740699044437363     
    12506170           2   1.1004157137329302     
    12506170           3  0.91217729582269624     
    12507960           1   1.1729229010227646     
    12507960           2  0.80729336810987473     
    12507960           3   1.0197837308673607     
    12517060           1  0.92483158843640967     
    12517060           2   1.2994178119477153     
    12517060           3  0.77575059961587511     
    12523332           1  0.92216307535844588     
    12523332           2  0.99137275106364142     
    12523332           3   1.0864641735779124     
    12526194           1  0.68207861977057105     
    12526194           2   1.4031672502853854     
    12526194           3  0.91475412994404337     
    12538821           1  0.46338436836512020     
    12538821           2   1.4143274159716361     
    12538821           3   1.1222882156632439     
    12547705           1  0.85497990056045636     
    12547705           2  0.52848300916644331     
    12547705           3   1.6165370902731004     
    12553604           1  0.95287127161491225     
    12553604           2   1.1718646225586313     
    12553604           3  0.87526410582645631     
    12555905           1  0.97370940290202490     
    12555905           2   1.4193683167843092     
    12555905           3  0.60692228031366580     
    12559170           1  0.70664137432591845     
    12559170           2   1.3189046202837196     
    12559170           3  0.97445400539036231     
    12577355           1  0.62748698220794186     
    12577355           2   1.2459098486515869     
    12577355           3   1.1266031691404710     
    12580933           1  0.91695713271066759     
    12580933           2  0.98368110251445584     
    12580933           3   1.0993617647748766     
    12581647           1  0.51492130444268269     
    12581647           2   1.5678027081659063     
    12581647           3  0.91727598739141103     
    12583730           1  0.59675723994949603     
    12583730           2   1.3285887012095774     
    12583730           3   1.0746540588409264     
    12584856           1  0.71713837151560889     
    12584856           2   1.6462644619478286     
    12584856           3  0.63659716653656262     
    12585456           1  0.89126262696676317     
    12585456           2   1.3232225107757092     
    12585456           3  0.78551486225752731     
    12587423           1  0.41228466595099172     
    12587423           2   1.3076637634101111     
    12587423           3   1.2800515706388971     
    12590968           1  0.78081949819721852     
    12590968           2   1.1925528132829826     
    12590968           3   1.0266276885197989     
    12592524           1   1.1607366034538924     
    12592524           2  0.87620812872237419     
    12592524           3  0.96305526782373285     
    12593983           1   1.0361431107251062     
    12593983           2  0.63168720449234617     
    12593983           3   1.3321696847825477     
    12596833           1  0.48870255878402608     
    12596833           2   1.1708704351743289     
    12596833           3   1.3404270060416452     
    12597530           1  0.85966202062747243     
    12597530           2  0.84579894200604999     
    12597530           3   1.2945390373664776     
    12597551           1  0.95989200465777391     
    12597551           2   1.1498895960437219     
    12597551           3  0.89021839929850455     
    12597682           1  0.91360148533109276     
    12597682           2   1.0324479519564094     
    12597682           3   1.0539505627124977     
    12600267           1   1.1144165067145384     
    12600267           2   1.0531311974567099     
    12600267           3  0.83245229582875169     
    12606802           1  0.85470598812976795     
    12606802           2  0.65697138362557983     
    12606802           3   1.4883226282446522     
    12607531           1  0.66906928886850137     
    12607531           2   1.0922421017168347     
    12607531           3   1.2386886094146639     
    12610017           1  0.82467034759298019     
    12610017           2  0.85757937332653700     
    12610017           3   1.3177502790804825     
    12614227           1  0.95791482034834652     
    12614227           2   1.3606607309066046     
    12614227           3  0.68142444874504926     
    12616810           1  0.44081668822668740     
    12616810           2   1.0620075913784834     
    12616810           3   1.4971757203948290     
    12628079           1  0.80367236298454769     
    12628079           2   1.8006120474471548     
    12628079           3  0.39571558956829767     
    12629963           1  0.96917661245791042     
    12629963           2   1.1532300406131817     
    12629963           3  0.87759334692890767     
    12632099           1  0.66680255361353102     
    12632099           2   1.2647590205859935     
    12632099           3   1.0684384258004758     
    12636368           1   1.1813285548708377     
    12636368           2  0.85609375917492769     
    12636368           3  0.96257768595423487     
    12637464           1   1.2557515660635759     
    12637464           2  0.72134626376832556     
    12637464           3   1.0229021701680989     
    12639344           1  0.51768064638133182     
    12639344           2  0.93640573759795653     
    12639344           3   1.5459136160207121     
    12641260           1  0.86537610163524104     
    12641260           2   1.7313783281111434     
    12641260           3  0.40324557025361546     
    12643466           1   1.4645784055628785     
    12643466           2   1.4586571729804916     
    12643466           3   7.6764421456629969E-002
    12643477           1  0.87230050090482669     
    12643477           2   1.7162244381013649     
    12643477           3  0.41147506099380809     
    12645887           1   1.1258518544046530     
    12645887           2  0.91422784574451255     
    12645887           3  0.95992029985083505     
    12648346           1   1.1490280105021693     
    12648346           2  0.81072615950747029     
    12648346           3   1.0402458299903599     
    12648933           1   1.3693547639859593     
    12648933           2  0.85745496609402538     
    12648933           3  0.77319026992001483     
    12657385           1   1.4876011391416262     
    12657385           2  0.88435699183970806     
    12657385           3  0.62804186901866532     
    12661475           1  0.48595796679359199     
    12661475           2   1.2088999680895691     
    12661475           3   1.3051420651168388     
    12664506           1  0.92950522598013641     
    12664506           2   1.3944881140772027     
    12664506           3  0.67600665994266118     
    12666276           1  0.86172072495548124     
    12666276           2   1.1746127861341409     
    12666276           3  0.96366648891037754     
    12671006           1  0.81036552025063024     
    12671006           2  0.85422699126816515     
    12671006           3   1.3354074884812046     
    12673232           1  0.79593763591799571     
    12673232           2   1.0787015252584502     
    12673232           3   1.1253608388235543     
    12675767           1  0.74124130120751930     
    12675767           2   1.1906235819304549     
    12675767           3   1.0681351168620261     
    12677113           1   1.1565611493861905     
    12677113           2   1.1209719223041601     
    12677113           3  0.72246692830964931     
    12681843           1   1.3816553586581140     
    12681843           2  0.74203032472933883     
    12681843           3  0.87631431661254711     
    12682210           1  0.62259420491605200     
    12682210           2  0.84750250128444593     
    12682210           3   1.5299032937995025     
    12684728           1   1.1728252308912990     
    12684728           2   1.0104120718942273     
    12684728           3  0.81676269721447403     
    12684754           1   1.3886186372845191     
    12684754           2  0.69392392399814551     
    12684754           3  0.91745743871733509     
    12688148           1  0.99403092848250463     
    12688148           2  0.86075610195198049     
    12688148           3   1.1452129695655147     
    12692749           1   1.1545119146619587     
    12692749           2   1.1491434625298467     
    12692749           3  0.69634462280819476     
    12696209           1  0.58997750018892336     
    12696209           2   1.3150799063783072     
    12696209           3   1.0949425934327692     
    12699281           1  0.98039367465551575     
    12699281           2   1.1175282849186619     
    12699281           3  0.90207804042582207     
    12705265           1  0.85669096185223448     
    12705265           2   1.1186314655511880     
    12705265           3   1.0246775725965771     
    12705819           1  0.99837779376590097     
    12705819           2  0.51091081413485251     
    12705819           3   1.4907113920992465     
    12707344           1  0.51061963435367697     
    12707344           2   1.2534134301526365     
    12707344           3   1.2359669354936860     
    12709617           1  0.85687338108442745     
    12709617           2   1.1447941716406285     
    12709617           3  0.99833244727494375     
    12711751           1  0.60308322757399202     
    12711751           2   1.7437059431348065     
    12711751           3  0.65321082929120144     
    12712925           1   1.0697523841318035     
    12712925           2  0.87291852452921670     
    12712925           3   1.0573290913389799     
    12716260           1   1.2043433082123480     
    12716260           2   1.0172030634772884     
    12716260           3  0.77845362831036347     
    12716268           1  0.87858748887722549     
    12716268           2   1.0706826539515013     
    12716268           3   1.0507298571712733     
    12717917           1   1.2441077565004213     
    12717917           2   1.0685832998919516     
    12717917           3  0.68730894360762729     
    12720516           1   1.0022460064610699     
    12720516           2  0.96474616966351612     
    12720516           3   1.0330078238754141     
    12724522           1  0.77818474913836122     
    12724522           2   1.0910998647915249     
    12724522           3   1.1307153860701136     
    12726030           1  0.91423886848113967     
    12726030           2  0.99421226314112943     
    12726030           3   1.0915488683777312     
    12727138           1  0.72704315148858323     
    12727138           2  0.78118693600116307     
    12727138           3   1.4917699125102537     
    12728872           1   1.0622056969262381     
    12728872           2  0.76865895713330146     
    12728872           3   1.1691353459404605     
    12729486           1  0.67439240696941949     
    12729486           2   1.2099395244258393     
    12729486           3   1.1156680686047413     
    12729785           1  0.90823873189826754     
    12729785           2   1.0127241308657065     
    12729785           3   1.0790371372360255     
    12731211           1   1.0933454258896240     
    12731211           2  0.89506884688872645     
    12731211           3   1.0115857272216493     
    12733254           1  0.69933554913045581     
    12733254           2  0.85703402895421643     
    12733254           3   1.4436304219153275     
    12733567           1  0.99197553043352171     
    12733567           2   1.1623940793316445     
    12733567           3  0.84563039023483366     
    12736432           1   1.3081391480172126     
    12736432           2  0.63137979649460352     
    12736432           3   1.0604810554881845     
    12739513           1  0.59322760341193503     
    12739513           2   1.2393325637675350     
    12739513           3   1.1674398328205302     
    12742281           1  0.86495335500587955     
    12742281           2  0.54774991172242604     
    12742281           3   1.5872967332716943     
    12743220           1  0.96931668644751212     
    12743220           2  0.80322576973575244     
    12743220           3   1.2274575438167354     
    12749108           1  0.86473085854065224     
    12749108           2   1.1011766677902399     
    12749108           3   1.0340924736691079     
    12752258           1  0.77395880337289213     
    12752258           2   1.0172175358559035     
    12752258           3   1.2088236607712046     
    12753092           1  0.76229316965771388     
    12753092           2   1.2072963946488913     
    12753092           3   1.0304104356933950     
    12762347           1  0.69823163354919282     
    12762347           2   1.1256337371677752     
    12762347           3   1.1761346292830319     
    12763653           1  0.90824323025913489     
    12763653           2   1.3299205183842449     
    12763653           3  0.76183625135662059     
    12767523           1  0.80552829567933004     
    12767523           2   1.0518967654973939     
    12767523           3   1.1425749388232758     
    12772836           1  0.62709344300373615     
    12772836           2   1.2470099563220887     
    12772836           3   1.1258966006741753     
    12775461           1  0.98849352935681156     
    12775461           2  0.79143327402670927     
    12775461           3   1.2200731966164793     
    12775916           1   1.0789560667408136     
    12775916           2  0.52375879507101619     
    12775916           3   1.3972851381881699     
    12776297           1  0.95460431326243811     
    12776297           2  0.65388396027738149     
    12776297           3   1.3915117264601804     
    12777956           1  0.52430435016741384     
    12777956           2   1.3743366400263561     
    12777956           3   1.1013590098062300     
    12778783           1   1.0034173117068133     
    12778783           2   1.0065970902140384     
    12778783           3  0.98998559807914821     
    12780699           1  0.66916687992727875     
    12780699           2   1.1581249605726309     
    12780699           3   1.1727081595000903     
    12781685           1   1.3132103798494026     
    12781685           2  0.25082788068832446     
    12781685           3   1.4359617394622726     
    12783175           1  0.32596090621145096     
    12783175           2   1.3698141571941607     
    12783175           3   1.3042249365943879     
    12784389           1  0.28674487213136196     
    12784389           2   1.2199544415817600     
    12784389           3   1.4933006862868781     
    12788095           1  0.33243420128252460     
    12788095           2   1.1318679675112790     
    12788095           3   1.5356978312061962     
    12788191           1   1.4385457948089788     
    12788191           2  0.72977663287510852     
    12788191           3  0.83167757231591266     
    12789150           1  0.78664374095645218     
    12789150           2   1.5917237710429313     
    12789150           3  0.62163248800061643     
    12791847           1   1.1619344894389299     
    12791847           2  0.93838090422872600     
    12791847           3  0.89968460633234448     
    12793184           1   1.1415165417136381     
    12793184           2  0.87006339680034228     
    12793184           3  0.98842006148601935     
    12794887           1   1.2801088850609439     
    12794887           2  0.86127170156398880     
    12794887           3  0.85861941337506742     
    12796876           1  0.81069465629880089     
    12796876           2  0.69683113396861207     
    12796876           3   1.4924742097325869     
    12797309           1   1.2586683929423623     
    12797309           2  0.61631938471989312     
    12797309           3   1.1250122223377446     
    12798603           1  0.67270429149000044     
    12798603           2   1.0818773979756531     
    12798603           3   1.2454183105343462     
    12804039           1  0.48039265268318043     
    12804039           2   1.6579849118474201     
    12804039           3  0.86162243546939954     
    12809339           1  0.74337652990520775     
    12809339           2   1.0499658990551592     
    12809339           3   1.2066575710396334     
    12809722           1   1.2786014145631870     
    12809722           2   1.3762424769791399     
    12809722           3  0.34515610845767286     
    12809821           1   1.0154980567833214     
    12809821           2  0.96350777690110778     
    12809821           3   1.0209941663155711     
    12810726           1  0.88402823409785036     
    12810726           2  0.93288965773300903     
    12810726           3   1.1830821081691409     
    12812973           1  0.94516248636943856     
    12812973           2   1.1782794929261622     
    12812973           3  0.87655802070439914     
    12814913           1  0.56731742046514366     
    12814913           2   1.1450900860198010     
    12814913           3   1.2875924935150558     
    12816590           1  0.73730698218343782     
    12816590           2   1.1589882561236555     
    12816590           3   1.1037047616929063     
    12818387           1   1.1183817643188727     
    12818387           2   1.4918664246172035     
    12818387           3  0.38975181106392404     
    12819156           1   1.2303711738709906     
    12819156           2   1.2768491211332722     
    12819156           3  0.49277970499573703     
    12821629           1   1.2651839141516763     
    12821629           2   1.5768284470773253     
    12821629           3  0.15798763877099864     
    12823090           1   1.0151142593131945     
    12823090           2  0.77786997632319621     
    12823090           3   1.2070157643636092     
    12823806           1  0.67786902243436220     
    12823806           2   1.2161769826457021     
    12823806           3   1.1059539949199362     
    12824176           1  0.52673413479712372     
    12824176           2   1.1260983062899330     
    12824176           3   1.3471675589129433     
    12825136           1   1.1343864829921444     
    12825136           2  0.71218235389648643     
    12825136           3   1.1534311631113696     
    12826219           1   1.2657002123938181     
    12826219           2  0.85898189237868616     
    12826219           3  0.87531789522749548     
    12828894           1   1.0949263484104517     
    12828894           2  0.80002888436059960     
    12828894           3   1.1050447672289487     
    12829341           1   1.0882197660990727     
    12829341           2   1.5433268335695769     
    12829341           3  0.36845340033135032     
    12830701           1   1.1074445030263684     
    12830701           2  0.54309650920614361     
    12830701           3   1.3494589877674878     
    12830751           1  0.15448329887754403     
    12830751           2  0.89150282634637112     
    12830751           3   1.9540138747760847     
    12833258           1  0.36402327805201090     
    12833258           2   1.5984195580111429     
    12833258           3   1.0375571639368464     
    12833557           1   1.3941340205631609     
    12833557           2  0.94410351809645865     
    12833557           3  0.66176246134038008     
    12834172           1   1.4928186958052807     
    12834172           2  0.58511902847843689     
    12834172           3  0.92206227571628252     
    12834647           1   1.2400825779069613     
    12834647           2  0.76985955380461857     
    12834647           3  0.99005786828841980     
    12835274           1  0.70218049227905022     
    12835274           2   1.0612632878478430     
    12835274           3   1.2365562198731068     
    12835901           1  0.79474774262117376     
    12835901           2   1.0962236470125759     
    12835901           3   1.1090286103662501     
    12836587           1   1.2620409591141279     
    12836587           2  0.43068851088064120     
    12836587           3   1.3072705300052312     
    12837732           1   1.1109873221697701     
    12837732           2   1.2605658960594066     
    12837732           3  0.62844678177082325     
    12845687           1  0.94776704172093018     
    12845687           2   1.1241561210340854     
    12845687           3  0.92807683724498469     
    12845899           1  0.43736481530336546     
    12845899           2   1.0551479966077526     
    12845899           3   1.5074871880888820     
    12846375           1   8.9911549623727938E-002
    12846375           2   1.2946395137696165     
    12846375           3   1.6154489366066553     
    12847563           1  0.67297959952533926     
    12847563           2   1.1647236220823851     
    12847563           3   1.1622967783922762     
    12849905           1   1.5370044812874981     
    12849905           2  0.71939375615872347     
    12849905           3  0.74360176255377841     
    12851798           1  0.95764363185068191     
    12851798           2   1.5796551631132030     
    12851798           3  0.46270120503611517     
    12852085           1   1.0293213967057699     
    12852085           2  0.99561161618898730     
    12852085           3  0.97506698710524287     
    12852520           1   1.0207947229139647     
    12852520           2   1.0678559841114190     
    12852520           3  0.91134929297461587     
    12852550           1  0.89579264992500340     
    12852550           2   1.5288584407744235     
    12852550           3  0.57534890930057347     
    12852909           1  0.88402037671066247     
    12852909           2  0.59422740798994356     
    12852909           3   1.5217522152993943     
    12853097           1   1.1882609682249854     
    12853097           2  0.85576770877141539     
    12853097           3  0.95597132300359899     
    12857011           1   1.1841416981333313     
    12857011           2  0.98626335243945906     
    12857011           3  0.82959494942721002     
    12857456           1  0.81949773774815016     
    12857456           2  0.93834153580906976     
    12857456           3   1.2421607264427799     
    12858349           1   1.2720755699504582     
    12858349           2  0.81305028266641810     
    12858349           3  0.91487414738312345     
    12860217           1  0.56596374476325972     
    12860217           2   1.3139424219648768     
    12860217           3   1.1200938332718637     
    12864452           1  0.84987584170997132     
    12864452           2  0.55451008166986937     
    12864452           3   1.5956140766201592     
    12865039           1   1.3490694997964985     
    12865039           2   1.1562016505522597     
    12865039           3  0.49472884965124181     
    12869032           1  0.98107101876343195     
    12869032           2  0.57799635407880967     
    12869032           3   1.4409326271577585     
    12869358           1   1.0203665848977186     
    12869358           2  0.74017070189357903     
    12869358           3   1.2394627132087024     
    12870320           1  0.99832703673808565     
    12870320           2  0.77393682138290809     
    12870320           3   1.2277361418790065     
    12871651           1  0.46914403048432068     
    12871651           2   1.2157343138245418     
    12871651           3   1.3151216556911378     
    12872255           1   1.2028019032931490     
    12872255           2   1.2895184018895882     
    12872255           3  0.50767969481726272     
    12873629           1   1.0688506731028649     
    12873629           2  0.81097927119098367     
    12873629           3   1.1201700557061514     
    12874594           1  0.49918051044920281     
    12874594           2   1.3418579421807455     
    12874594           3   1.1589615473700521     
    12875118           1   1.4299698889458032     
    12875118           2   1.4683048352205861     
    12875118           3  0.10172527583361064     
    12876541           1   1.1233523901452551     
    12876541           2   1.0375203440911982     
    12876541           3  0.83912726576354624     
    12879502           1  0.68747392974401877     
    12879502           2   1.2563290139637462     
    12879502           3   1.0561970562922347     
    12882252           1  0.92704933399152456     
    12882252           2  0.99662573049095238     
    12882252           3   1.0763249355175228     
    12882379           1  0.93223244252638593     
    12882379           2   1.7868677514599554     
    12882379           3  0.28089980601365844     
    12883673           1  0.64706961384128026     
    12883673           2   1.4434968830413972     
    12883673           3  0.90943350311732274     
    12885130           1  0.71361567064544318     
    12885130           2   1.0910236493420042     
    12885130           3   1.1953606800125520     
    12886020           1  0.83775009136334944     
    12886020           2   1.4505067015060178     
    12886020           3  0.71174320713063266     
    12886561           1   1.4606139561906966     
    12886561           2  0.82633545256168195     
    12886561           3  0.71305059124762160     
    12886777           1   1.0571359743489759     
    12886777           2   1.0838352251136394     
    12886777           3  0.85902880053738484     
    12887485           1  0.67043345306701596     
    12887485           2   1.3926876857935684     
    12887485           3  0.93687886113941532     
    12887710           1   1.3464350794384492     
    12887710           2   1.1635025680066677     
    12887710           3  0.49006235255488290     
    12888016           1   1.1337297732716720     
    12888016           2   1.0664961638369927     
    12888016           3  0.79977406289133524     
    12888157           1  0.81382272375363074     
    12888157           2   1.3764729974016174     
    12888157           3  0.80970427884475160     
    12889176           1   1.0079309173552740     
    12889176           2   1.3133642236515826     
    12889176           3  0.67870485899314348     
    12889813           1  0.89513099735442769     
    12889813           2  0.99398811886443361     
    12889813           3   1.1108808837811386     
    12892857           1  0.68786496921009743     
    12892857           2   1.3476002160573826     
    12892857           3  0.96453481473251990     
    12893338           1  0.93107149473770112     
    12893338           2   1.1153644574354655     
    12893338           3  0.95356404782683302     
    12895601           1  0.83820334251884343     
    12895601           2  0.65987387135847941     
    12895601           3   1.5019227861226772     
    12895633           1  0.80062273259861050     
    12895633           2  0.90990606394728568     
    12895633           3   1.2894712034541038     
    12899334           1  0.79690694513280502     
    12899334           2  0.85250846587695372     
    12899334           3   1.3505845889902413     
    12900455           1  0.77651778645080705     
    12900455           2   1.0459241757847568     
    12900455           3   1.1775580377644359     
    12900616           1   1.2308242411988972     
    12900616           2  0.73352374861529157     
    12900616           3   1.0356520101858109     
    12901660           1   1.0779723798405059     
    12901660           2   1.1200990176057830     
    12901660           3  0.80192860255371146     
    12902507           1   1.3831974978110333     
    12902507           2  0.74285854430612963     
    12902507           3  0.87394395788283663     
    12902963           1  0.80295882586670686     
    12902963           2   1.1432317136834091     
    12902963           3   1.0538094604498844     
    12903339           1   1.0038435272231012     
    12903339           2   1.3119328488934043     
    12903339           3  0.68422362388349434     
    12904774           1  0.66883922321081424     
    12904774           2   1.4341623605267677     
    12904774           3  0.89699841626241794     
    12905030           1   1.1589755354591527     
    12905030           2  0.95177428733095526     
    12905030           3  0.88925017720989230     
    12905656           1  0.93404573174700034     
    12905656           2  0.71957517449072783     
    12905656           3   1.3463790937622713     
    12907297           1  0.69462873821041193     
    12907297           2   1.1198254346647769     
    12907297           3   1.1855458271248109     
    12908525           1  0.69779784124301736     
    12908525           2   1.6827734038685456     
    12908525           3  0.61942875488843707     
    12910033           1  0.71204150017341472     
    12910033           2  0.88812515843913198     
    12910033           3   1.3998333413874533     
    12912001           1  0.66563344787262424     
    12912001           2  0.68631543213097101     
    12912001           3   1.6480511199964045     
    12914388           1  0.90344393269470447     
    12914388           2  0.93351008112183909     
    12914388           3   1.1630459861834566     
    12914422           1  0.72541016866444785     
    12914422           2   1.2098465639207123     
    12914422           3   1.0647432674148394     
    12916568           1   1.4823717631517053     
    12916568           2  0.89179412835366789     
    12916568           3  0.62583410849462706     
    12916656           1   1.2617000655590012     
    12916656           2   1.1569308772419225     
    12916656           3  0.58136905719907628     
    12918706           1  0.98947779957588611     
    12918706           2   1.0948157858596945     
    12918706           3  0.91570641456441926     
    12919061           1  0.70000150987351317     
    12919061           2   1.1887112167736817     
    12919061           3   1.1112872733528052     
    12919278           1  0.83423832805059595     
    12919278           2   1.4570020200683267     
    12919278           3  0.70875965188107704     
    12919296           1  0.59651907723981690     
    12919296           2   1.2295636474989187     
    12919296           3   1.1739172752612645     
    12920827           1  0.61863653009054753     
    12920827           2   1.0621455042106243     
    12920827           3   1.3192179656988281     
    12924445           1   1.1828139987482618     
    12924445           2  0.78945630835679592     
    12924445           3   1.0277296928949431     
    12925212           1   1.2017801962997356     
    12925212           2   1.1267906487188386     
    12925212           3  0.67142915498142597     
    12926240           1  0.72577165413330624     
    12926240           2   1.0601233309148059     
    12926240           3   1.2141050149518882     
    12928728           1  0.87280208332824938     
    12928728           2   1.1961879736308572     
    12928728           3  0.93100994304089391     
    12929755           1   1.4425959564598489     
    12929755           2   1.4564968349471090     
    12929755           3  0.10090720859304179     
    12930380           1  0.81096485244700123     
    12930380           2   1.0990672934527530     
    12930380           3   1.0899678541002460     
    12930798           1  0.45182121427594979     
    12930798           2   1.3533566200578728     
    12930798           3   1.1948221656661775     
    12934625           1  0.89353766875494867     
    12934625           2   1.7537911135552786     
    12934625           3  0.35267121768977239     
    12935336           1   1.1086942507650774     
    12935336           2   1.1361995064015058     
    12935336           3  0.75510624283341687     
    12935726           1   1.1176880947052823     
    12935726           2  0.75295842610982022     
    12935726           3   1.1293534791848974     
    12938893           1  0.87722604720082475     
    12938893           2   1.0933964872706430     
    12938893           3   1.0293774655285326     
    12939178           1  0.94729812318828632     
    12939178           2   1.2067457061718883     
    12939178           3  0.84595617063982531     
    12940127           1  0.48719667764020186     
    12940127           2   1.6389773269031274     
    12940127           3  0.87382599545667039     
    12940567           1  0.75866545991000989     
    12940567           2   1.1505036130640720     
    12940567           3   1.0908309270259184     
    12940910           1  0.92189697461282771     
    12940910           2   1.0102081118743484     
    12940910           3   1.0678949135128242     
    12942205           1  0.82790871095360818     
    12942205           2   1.2429230383894758     
    12942205           3  0.92916825065691611     
    12942692           1   1.2831448296812362     
    12942692           2  0.98271383261338707     
    12942692           3  0.73414133770537704     
    12942759           1   1.4778866665396664     
    12942759           2  0.50583851658953038     
    12942759           3   1.0162748168708033     
    12942908           1  0.73866324045997644     
    12942908           2   1.0173470027076070     
    12942908           3   1.2439897568324165     
    12942950           1   1.2854120190278044     
    12942950           2  0.80411826391677266     
    12942950           3  0.91046971705542268     
    12944422           1  0.48197874145092584     
    12944422           2   1.2095689694833114     
    12944422           3   1.3084522890657626     
    12945447           1  0.95086041864209514     
    12945447           2  0.65131947087879016     
    12945447           3   1.3978201104791146     
    12946274           1  0.68631764236437676     
    12946274           2   1.0565702702829620     
    12946274           3   1.2571120873526611     
    12946341           1  0.61400330928135094     
    12946341           2  0.84063471776461673     
    12946341           3   1.5453619729540318     
    12946762           1  0.97426799454030011     
    12946762           2   1.1596162171275126     
    12946762           3  0.86611578833218728     
    12947124           1  0.37134252588927502     
    12947124           2   1.3465667838646218     
    12947124           3   1.2820906902461029     
    12947431           1   1.2675974077138512     
    12947431           2  0.89219317688244204     
    12947431           3  0.84020941540370686     
    12947833           1   1.1923442532225748     
    12947833           2   1.0240002845442391     
    12947833           3  0.78365546223318638     
    12948653           1   1.0218992793312227     
    12948653           2   1.0352484424522264     
    12948653           3  0.94285227821655127     
    12948753           1   1.0243606647184766     
    12948753           2  0.74306799479605656     
    12948753           3   1.2325713404854663     
    12949818           1   1.2196665745276836     
    12949818           2   1.2410238271614062     
    12949818           3  0.53930959831091041     
    12950011           1  0.66716236780224769     
    12950011           2   1.0976794215670704     
    12950011           3   1.2351582106306818     
    12950701           1   1.0057206924779671     
    12950701           2   1.0780197521120065     
    12950701           3  0.91625955541002646     
    12950786           1  0.77588164460116993     
    12950786           2   1.0450673298098501     
    12950786           3   1.1790510255889801     
    12951202           1  0.79233770678071846     
    12951202           2   1.1863631085523065     
    12951202           3   1.0212991846669752     
    12951318           1   1.2039400670005560     
    12951318           2  0.82450192401818390     
    12951318           3  0.97155800898125999     
    12952095           1   1.3584053933178282     
    12952095           2   1.2568030272315003     
    12952095           3  0.38479157945067155     
    12954263           1  0.61546667969920277     
    12954263           2   1.7179097402276911     
    12954263           3  0.66662358007310629     
    12954722           1  0.68948111490446906     
    12954722           2   1.0705174993409703     
    12954722           3   1.2400013857545604     
    12955791           1  0.53359920550722917     
    12955791           2   1.3691767730378124     
    12955791           3   1.0972240214549587     
    12955987           1  0.96880603803406107     
    12955987           2   1.4122207214971747     
    12955987           3  0.61897324046876445     
    12956054           1  0.66054017852824343     
    12956054           2   1.2426052648269184     
    12956054           3   1.0968545566448378     
    12956202           1  0.80695864906691217     
    12956202           2   1.3035356792740447     
    12956202           3  0.88950567165904293     
    12956284           1  0.94169325409871196     
    12956284           2   1.3734360280174382     
    12956284           3  0.68487071788384979     
    12956851           1   1.3884283186995512     
    12956851           2  0.95251758174827839     
    12956851           3  0.65905409955217009     
    12957344           1  0.52369620441328590     
    12957344           2   1.3762222628896674     
    12957344           3   1.1000815326970466     
    12957461           1  0.30753754186276533     
    12957461           2   1.1901897773256720     
    12957461           3   1.5022726808115627     
    12958968           1  0.89330536916245606     
    12958968           2  0.59161991738034170     
    12958968           3   1.5150747134572020     
    12958970           1  0.40897810071981427     
    12958970           2   1.2971761661472130     
    12958970           3   1.2938457331329727     
    12959702           1   1.1252939249714455     
    12959702           2   1.2510188899477404     
    12959702           3  0.62368718508081389     
    12959708           1  0.95715294127016526     
    12959708           2  0.71152689647212242     
    12959708           3   1.3313201622577124     
    12959709           1  0.57288686955725632     
    12959709           2   1.5301910508888663     
    12959709           3  0.89692207955387726     
    12960097           1  0.65681592665494348     
    12960097           2   1.2293536800399318     
    12960097           3   1.1138303933051248     
    12960120           1  0.33329271685917727     
    12960120           2   1.1270434926439283     
    12960120           3   1.5396637904968944     
    12961790           1   1.0979601608483089     
    12961790           2  0.89290248411161233     
    12961790           3   1.0091373550400786     
    12962000           1  0.85569005589733160     
    12962000           2   1.1432132335379319     
    12962000           3   1.0010967105647366     
    12962098           1   1.2277511414796962     
    12962098           2   1.2353882871686275     
    12962098           3  0.53686057135167586     
    12962608           1  0.66502804466894938     
    12962608           2   1.2326155766857667     
    12962608           3   1.1023563786452841     
    12964188           1  0.59413886898889579     
    12964188           2   1.1324649391734285     
    12964188           3   1.2733961918376755     
    12964821           1   1.2077390332003670     
    12964821           2  0.85381660443558605     
    12964821           3  0.93844436236404727     
    12965259           1  0.63806930797341266     
    12965259           2   1.2288372753863226     
    12965259           3   1.1330934166402646     
    12965324           1  0.46738091170488533     
    12965324           2   1.1808114663657987     
    12965324           3   1.3518076219293158     
    12966115           1  0.69321731698067923     
    12966115           2   1.4866476737994472     
    12966115           3  0.82013500921987359     
    12967099           1   1.0067164350055273     
    12967099           2   1.0804040886399742     
    12967099           3  0.91287947635449840     
    12967347           1   1.1788326582193764     
    12967347           2  0.79118595760243138     
    12967347           3   1.0299813841781920     
    12967411           1   1.1831899509060804     
    12967411           2   1.0520293557629119     
    12967411           3  0.76478069333100773     
    12968148           1  0.71449747136999431     
    12968148           2   1.0282188786668596     
    12968148           3   1.2572836499631459     
    12968595           1   1.3647462115821329     
    12968595           2  0.96651486382014029     
    12968595           3  0.66873892459772666     
    12968609           1  0.65770868362791846     
    12968609           2   1.6226416664203933     
    12968609           3  0.71964964995168823     
    12970094           1  0.74163522969467821     
    12970094           2   1.1896619990910875     
    12970094           3   1.0687027712142341     
    12970259           1  0.79778618327947348     
    12970259           2   1.2473058597251727     
    12970259           3  0.95490795699535347     
    12970313           1  0.72453149790267557     
    12970313           2   1.2103139258983768     
    12970313           3   1.0651545761989478     
    12970561           1  0.85067830888782370     
    12970561           2   1.1365174732390637     
    12970561           3   1.0128042178731125     
    12970964           1   1.2267472884660839     
    12970964           2  0.84825293788752842     
    12970964           3  0.92499977364638764     
    12971665           1   1.1021469185602639     
    12971665           2  0.68204814227131949     
    12971665           3   1.2158049391684163     
    12972692           1  0.86478901052458579     
    12972692           2  0.84377290561719653     
    12972692           3   1.2914380838582180     
    12973056           1  0.31592850213168533     
    12973056           2   1.6275835600408726     
    12973056           3   1.0564879378274421     
    12973131           1  0.59917686467445208     
    12973131           2   1.2216754781661436     
    12973131           3   1.1791476571594048     
    12973404           1  0.95954707908251780     
    12973404           2  0.79513016949954562     
    12973404           3   1.2453227514179366     
    12973884           1  0.31590917903736215     
    12973884           2   1.2068413637218178     
    12973884           3   1.4772494572408197     
    12974075           1  0.87320483846955765     
    12974075           2   1.1902667981364019     
    12974075           3  0.93652836339404011     
    12974283           1   1.0445919523532383     
    12974283           2   1.0233721238423341     
    12974283           3  0.93203592380442746     
    12974717           1  0.74951962235642022     
    12974717           2   1.1727995977960948     
    12974717           3   1.0776807798474848     
    12976883           1  0.44071432261000743     
    12976883           2   1.0617609739864613     
    12976883           3   1.4975247034035308     
    12977546           1  0.85322885127104453     
    12977546           2   1.2284342432386914     
    12977546           3  0.91833690549026381     
    12978165           1  0.81868352061729632     
    12978165           2   1.3667760023043223     
    12978165           3  0.81454047707838151     
    12978515           1  0.28698428812645083     
    12978515           2   1.2184682026980287     
    12978515           3   1.4945475091755207     
    12978736           1  0.84244490328155164     
    12978736           2   1.0120440993313535     
    12978736           3   1.1455109973870947     
    12979230           1   1.1423452895551103     
    12979230           2  0.81365319282791471     
    12979230           3   1.0440015176169748     
    12979455           1   1.0112195727163680     
    12979455           2  0.73353548811187896     
    12979455           3   1.2552449391717533     
    12979482           1  0.51188471238721533     
    12979482           2   1.2565188058388557     
    12979482           3   1.2315964817739291     
    12979879           1  0.51293880999041874     
    12979879           2   1.2522457155156572     
    12979879           3   1.2348154744939241     
    12979890           1   1.2491840482625640     
    12979890           2  0.73269985230937806     
    12979890           3   1.0181160994280580     
    12980154           1   1.1507482079006712     
    12980154           2  0.95822871134656351     
    12980154           3  0.89102308075276504     
    12980858           1  0.67784773409465815     
    12980858           2   1.0672115876976231     
    12980858           3   1.2549406782077184     
    12981036           1   1.1166296176048807     
    12981036           2  0.52107623281006088     
    12981036           3   1.3622941495850580     
    12981307           1   1.2783535291124730     
    12981307           2  0.86756921016012245     
    12981307           3  0.85407726072740431     
    12981416           1  0.74779331932696713     
    12981416           2  0.98711773845827855     
    12981416           3   1.2650889422147538     
    12981502           1   1.1116956368928625     
    12981502           2   1.0505599569230668     
    12981502           3  0.83774440618407053     
    12981582           1   1.3904714653640184     
    12981582           2  0.73798803462949547     
    12981582           3  0.87154050000648597     
    12981670           1  0.57894674286829229     
    12981670           2   1.1685630507316112     
    12981670           3   1.2524902064000969     
    12982035           1  0.88890809141562022     
    12982035           2   1.5338605691947527     
    12982035           3  0.57723133938962734     
    12982403           1   1.0694681815715232     
    12982403           2  0.77391441178751341     
    12982403           3   1.1566174066409634     
    12982599           1  0.96103778369122217     
    12982599           2   1.1578517826547245     
    12982599           3  0.88111043365405317     
    12982639           1  0.90883062904284906     
    12982639           2   1.0015506651487194     
    12982639           3   1.0896187058084315     
    12983486           1  0.65992400524716255     
    12983486           2  0.70616096323503941     
    12983486           3   1.6339150315177979     
    12983837           1  0.76581289915632256     
    12983837           2   1.1214482186106431     
    12983837           3   1.1127388822330344     
    12983876           1  0.40745793553934595     
    12983876           2   1.2923545826999825     
    12983876           3   1.3001874817606718     
    12983982           1  0.70013324245258557     
    12983982           2   1.2242206309137784     
    12983982           3   1.0756461266336361     
    12984907           1   1.5021502635242745     
    12984907           2  0.49777508160343903     
    12984907           3   1.0000746548722870     
    12984950           1  0.87858312804129701     
    12984950           2  0.94457957367234613     
    12984950           3   1.1768372982863566     
    12985208           1  0.68436946545086252     
    12985208           2  0.68080694933125674     
    12985208           3   1.6348235852178807     
    12985317           1   1.0526705581181508     
    12985317           2  0.33479662324436726     
    12985317           3   1.6125328186374817     
    12985752           1   1.0836632219489832     
    12985752           2  0.91370922551275424     
    12985752           3   1.0026275525382624     
    12986005           1  0.80590732160987844     
    12986005           2   1.3041605844315607     
    12986005           3  0.88993209395856077     
    12986121           1   1.1776167441242520     
    12986121           2   1.0552565380119006     
    12986121           3  0.76712671786384723     
    12986325           1  0.63671970474014050     
    12986325           2   1.2428834945415543     
    12986325           3   1.1203968007183052     
    12986438           1   1.2187239880732494     
    12986438           2   1.1426771695510332     
    12986438           3  0.63859884237571729     
    12986585           1  0.75425111690698754     
    12986585           2   1.2262090879990419     
    12986585           3   1.0195397950939704     
    12987173           1  0.72643212971003013     
    12987173           2   1.1670493639070829     
    12987173           3   1.1065185063828868     
    12987214           1  0.59841247809761433     
    12987214           2   1.7302013168270649     
    12987214           3  0.67138620507532087     
    12987379           1   1.1101070631855809     
    12987379           2  0.65492111961113186     
    12987379           3   1.2349718172032875     
    12987516           1   1.1961682750807412     
    12987516           2  0.97582336251059987     
    12987516           3  0.82800836240865916     
    12987568           1  0.36760920025406124     
    12987568           2   1.5846128628685059     
    12987568           3   1.0477779368774327     
    12987612           1  0.52994706538318292     
    12987612           2   1.3568407802759794     
    12987612           3   1.1132121543408378     
    12987752           1  0.91512439783793798     
    12987752           2   1.0040029014946268     
    12987752           3   1.0808727006674357     
    12987919           1  0.96225870666167457     
    12987919           2   1.1449983760436884     
    12987919           3  0.89274291729463706     
    12988114           1  0.72569827253775021     
    12988114           2   1.0385866421808252     
    12988114           3   1.2357150852814249     
    12988245           1   1.1699329023565848     
    12988245           2   1.2928093965237542     
    12988245           3  0.53725770111966087     
    12988662           1   1.2670024003568297     
    12988662           2  0.60053634604754935     
    12988662           3   1.1324612535956213     
    12988707           1   1.2038825430736069     
    12988707           2   1.2879816447115369     
    12988707           3  0.50813581221485593     
    12988719           1   1.1103099157785203     
    12988719           2   1.1378552539527511     
    12988719           3  0.75183483026872888     
    12988742           1  0.65393629410385234     
    12988742           2   1.2120572489147061     
    12988742           3   1.1340064569814419     
    12988802           1  0.46808280876907987     
    12988802           2   1.3585439517697602     
    12988802           3   1.1733732394611596     
    12989221           1  0.87277190851056208     
    12989221           2   1.0878447373958078     
    12989221           3   1.0393833540936304     
    12989222           1  0.69467629667518760     
    12989222           2   1.2024904712443734     
    12989222           3   1.1028332320804386     
    12989440           1   1.1969783288782359     
    12989440           2   1.0293285582275411     
    12989440           3  0.77369311289422305     
    12989827           1  0.63913892370094116     
    12989827           2   1.3759996082128347     
    12989827           3  0.98486146808622399     
    12989846           1  0.73879023746237016     
    12989846           2   1.1552846557866636     
    12989846           3   1.1059251067509659     
    12989933           1   1.3141411737740030     
    12989933           2  0.79274199906888076     
    12989933           3  0.89311682715711593     
    12989995           1  0.84668665122645714     
    12989995           2  0.84889989440155111     
    12989995           3   1.3044134543719919     
    12990157           1  0.98291017189282071     
    12990157           2   1.1695716991935705     
    12990157           3  0.84751812891360856     
    12990433           1  0.28651187137932521     
    12990433           2   1.2214008561268161     
    12990433           3   1.4920872724938585     
    12991037           1  0.52313592481543214     
    12991037           2   1.1184057382591579     
    12991037           3   1.3584583369254097     
    12991139           1  0.63054358352583539     
    12991139           2   1.2461316065547354     
    12991139           3   1.1233248099194293     
    12991321           1   1.0664863500812058     
    12991321           2  0.87941266338820223     
    12991321           3   1.0541009865305917     
    12991640           1   1.1685007643445195     
    12991640           2   1.0128034650314586     
    12991640           3  0.81869577062402221     
    12991716           1   1.1640290658044103     
    12991716           2  0.86721355127408073     
    12991716           3  0.96875738292150892     
    12991894           1  0.30856532586028579     
    12991894           2   1.2296989836888728     
    12991894           3   1.4617356904508416     
    12992367           1  0.80768956673449777     
    12992367           2   1.0946284335040588     
    12992367           3   1.0976819997614440     
    12992402           1  0.96968344595970601     
    12992402           2   1.1925406497722146     
    12992402           3  0.83777590426807991     
    12992410           1  0.69539661817706777     
    12992410           2   1.3295075733399544     
    12992410           3  0.97509580848297828     
    12992685           1   1.1097848558458741     
    12992685           2  0.65473102948499373     
    12992685           3   1.2354841146691322     
    12992919           1  0.80897625889947455     
    12992919           2  0.85790562693921713     
    12992919           3   1.3331181141613087     
    12992994           1   1.1693033635708960     
    12992994           2   1.0689854464694493     
    12992994           3  0.76171118995965481     
    12993122           1  0.51095259685465355     
    12993122           2   1.1332837704156058     
    12993122           3   1.3557636327297409     
    12993244           1  0.74167886138559103     
    12993244           2   1.2389582193154198     
    12993244           3   1.0193629192989893     
    12993283           1  0.90881557417242209     
    12993283           2  0.99679736535004049     
    12993283           3   1.0943870604775374     
    12993284           1   1.0695866797769520     
    12993284           2  0.77366775915036257     
    12993284           3   1.1567455610726858     
    12993299           1  0.67216563907418092     
    12993299           2  0.66361009779761615     
    12993299           3   1.6642242631282027     
    12993324           1   1.1518258707539502     
    12993324           2   1.1238513855362935     
    12993324           3  0.72432274370975669     
    12993328           1   1.2236671428132389     
    12993328           2   1.2450944483198840     
    12993328           3  0.53123840886687768     
    12993417           1  0.86096671573202599     
    12993417           2   1.1094421785213489     
    12993417           3   1.0295911057466249     
    12993800           1  0.67363940175611681     
    12993800           2   1.1643933769139574     
    12993800           3   1.1619672213299261     
    12993806           1  0.80464290059514820     
    12993806           2  0.71402406254312056     
    12993806           3   1.4813330368617315     
    12994438           1   1.1529869707490683     
    12994438           2  0.81351950536786277     
    12994438           3   1.0334935238830691     
    12994476           1  0.75902364486998830     
    12994476           2  0.77019563906880517     
    12994476           3   1.4707807160612065     
    12994541           1  0.93469988096521950     
    12994541           2  0.98009272799282354     
    12994541           3   1.0852073910419568     
    12994573           1  0.84680019828734465     
    12994573           2   1.0073946488999252     
    12994573           3   1.1458051528127302     
    12994617           1   1.3855216303104874     
    12994617           2  0.74410674037939550     
    12994617           3  0.87037162931011680     
    12994784           1  0.92724955146267884     
    12994784           2  0.99684097457358067     
    12994784           3   1.0759094739637409     
    12994999           1  0.88070597189748745     
    12994999           2  0.59515818736016279     
    12994999           3   1.5241358407423493     
    12995087           1  0.67377797121136429     
    12995087           2   1.3996352347460241     
    12995087           3  0.92658679404261191     
    12995119           1   1.0620302659161096     
    12995119           2  0.88718961187800838     
    12995119           3   1.0507801222058819     
    12995136           1   1.1709003333242474     
    12995136           2   1.1348698667335120     
    12995136           3  0.69422979994224032     
    12995220           1  0.69007224780661458     
    12995220           2   1.1561683850019167     
    12995220           3   1.1537593671914692     
    12995338           1   1.1047909557019109     
    12995338           2   1.5026420807383845     
    12995338           3  0.39256696355970461     
    12995441           1   1.2666701665096762     
    12995441           2  0.80959540553547449     
    12995441           3  0.92373442795484917     
    12995507           1   1.0760039006850464     
    12995507           2  0.76031038842532261     
    12995507           3   1.1636857108896312     
    12995693           1   1.0005220196034557     
    12995693           2   1.0879546641156799     
    12995693           3  0.91152331628086436     
    12995844           1  0.15315981768937251     
    12995844           2  0.90956663236889412     
    12995844           3   1.9372735499417333     
    12995865           1   1.0051362849501622     
    12995865           2   1.3097589425083849     
    12995865           3  0.68510477254145297     
    12995895           1   1.2335099477580922     
    12995895           2  0.76577917867164025     
    12995895           3   1.0007108735702674     
    12996091           1   1.2168771625347115     
    12996091           2   1.0101028894450275     
    12996091           3  0.77301994802026086     
    12996141           1  0.68525754664976313     
    12996141           2   1.1585782462001717     
    12996141           3   1.1561642071500651     
    12996154           1   1.1874262669629088     
    12996154           2   1.0495763041330533     
    12996154           3  0.76299742890403788     
    12996173           1  0.99969775971776631     
    12996173           2   1.3146575694492819     
    12996173           3  0.68564467083295133     
    12996184           1  0.97086709276556760     
    12996184           2   1.0784359308941092     
    12996184           3  0.95069697634032302     
    12996201           1  0.83352985176356476     
    12996201           2   1.0603033250844047     
    12996201           3   1.1061668231520305     
    12996308           1   1.3843467677847359     
    12996308           2  0.74347576998867348     
    12996308           3  0.87217746222659120     
    12996339           1   1.0566528092137886     
    12996339           2  0.94590106464465040     
    12996339           3  0.99744612614156047     
    12996468           1  0.64107838236714176     
    12996468           2  0.84091322373814836     
    12996468           3   1.5180083938947100     
    12996498           1   1.1147039289563372     
    12996498           2  0.54030161142998034     
    12996498           3   1.3449944596136825     
    12996601           1   1.3209032323736478     
    12996601           2  0.79285117349337420     
    12996601           3  0.88624559413297788     
    12996606           1  0.68995464202311574     
    12996606           2   1.0691923545773714     
    12996606           3   1.2408530033995129     
    12996643           1   1.4477378581026719     
    12996643           2   1.4516880870185001     
    12996643           3  0.10057405487882784     
    12996672           1  0.57180874412048543     
    12996672           2   1.1304051839267946     
    12996672           3   1.2977860719527197     
    12996780           1   1.2826694651777875     
    12996780           2  0.88443101646385314     
    12996780           3  0.83289951835835918     
    12996950           1  0.70331536198912648     
    12996950           2   1.3104850454458989     
    12996950           3  0.98619959256497514     
    12996993           1  0.64023434282982317     
    12996993           2   1.1057537612070856     
    12996993           3   1.2540118959630910     
    12997021           1   1.1810933753761497     
    12997021           2   1.1447492526605874     
    12997021           3  0.67415737196326331     
    12997076           1  0.81470744618640512     
    12997076           2   1.3747080297772332     
    12997076           3  0.81058452403636194     
    12997109           1  0.50451872701294131     
    12997109           2   1.3389936297731275     
    12997109           3   1.1564876432139315     
    12997139           1  0.34229690986104899     
    12997139           2   1.3614458094302204     
    12997139           3   1.2962572807087305     
    12997258           1  0.66524962877457028     
    12997258           2   1.0884911712191561     
    12997258           3   1.2462592000062735     
    12997274           1  0.97691555256838369     
    12997274           2   1.1488353806576916     
    12997274           3  0.87424906677392455     
    12997282           1  0.85171072932383973     
    12997282           2   1.1475519058750725     
    12997282           3   1.0007373648010880     
    12997298           1   1.2209098115738990     
    12997298           2  0.75178047328720443     
    12997298           3   1.0273097151388968     
    12997322           1   1.2688649249413835     
    12997322           2  0.89008550338583103     
    12997322           3  0.84104957167278582     
    12997327           1   1.0508093653720525     
    12997327           2  0.95726053075258632     
    12997327           3  0.99193010387536107     
    12997429           1  0.65034217868790534     
    12997429           2   1.2172368516197367     
    12997429           3   1.1324209696923582     
    12997482           1   1.2413259699584462     
    12997482           2   1.0661939806170839     
    12997482           3  0.69248004942447028     
    12997487           1  0.91053065508421782     
    12997487           2   1.3284661938408056     
    12997487           3  0.76100315107497685     
    12997497           1  0.83634138106755274     
    12997497           2  0.82725906058156906     
    12997497           3   1.3363995583508781     
    12997585           1  0.94076636147952186     
    12997585           2   1.1194244839494207     
    12997585           3  0.93980915457105685     
    12997617           1  0.64876895537582668     
    12997617           2   1.1974132204292152     
    12997617           3   1.1538178241949579     
    12997634           1  0.82118960348600067     
    12997634           2   1.2328357747112317     
    12997634           3  0.94597462180276726     
    12997638           1   1.1805548757172517     
    12997638           2  0.79302586466832092     
    12997638           3   1.0264192596144275     
    12997704           1   1.3087039023845053     
    12997704           2  0.63035720757016400     
    12997704           3   1.0609388900453307     
    12997714           1  0.64290169805062025     
    12997714           2   1.2258234249353988     
    12997714           3   1.1312748770139811     
    12997739           1   1.1932923707630587     
    12997739           2   1.0353970159580637     
    12997739           3  0.77131061327887762     
    12997753           1  0.56707770832994719     
    12997753           2   1.3106238229721903     
    12997753           3   1.1222984686978628     
    12997754           1   1.0096564244707740     
    12997754           2   1.0747981488135343     
    12997754           3  0.91554542671569161     
    12997782           1  0.83988885510608113     
    12997782           2   1.4465508677548906     
    12997782           3  0.71356027713902770     
    12997821           1  0.81323985089318607     
    12997821           2   1.0257433096019337     
    12997821           3   1.1610168395048799     
    12997833           1  0.51044449507390188     
    12997833           2   1.3358140564495249     
    12997833           3   1.1537414484765733     
    12997862           1   1.2497875560265190     
    12997862           2  0.73305383541549629     
    12997862           3   1.0171586085579849     
    12997939           1  0.52368372012041287     
    12997939           2  0.94726438709894312     
    12997939           3   1.5290518927806442     
    12997940           1  0.75029577402607672     
    12997940           2   1.6223533090674314     
    12997940           3  0.62735091690649203     
    12997952           1   1.2251360249685015     
    12997952           2  0.73400753710101074     
    12997952           3   1.0408564379304874     
    12997953           1  0.91397863515551825     
    12997953           2  0.98508764666431237     
    12997953           3   1.1009337181801697     
    12997996           1  0.69941093859278858     
    12997996           2  0.92558669014818740     
    12997996           3   1.3750023712590242     
    12998011           1  0.69279761848837396     
    12998011           2   1.0725367214770951     
    12998011           3   1.2346656600345307     
    12998048           1   1.0293791828970518     
    12998048           2  0.64714751751016941     
    12998048           3   1.3234732995927785     
    12998055           1   1.1111046935133100     
    12998055           2  0.97652259315441980     
    12998055           3  0.91237271333227021     
    12998060           1  0.90522382589858930     
    12998060           2   1.0229804790350601     
    12998060           3   1.0717956950663505     
    12998085           1   1.1660012612453481     
    12998085           2  0.80252937732763197     
    12998085           3   1.0314693614270205     
    12998095           1  0.94520253020238698     
    12998095           2  0.91039069392870864     
    12998095           3   1.1444067758689040     
    12998121           1  0.92311524274413082     
    12998121           2  0.98929876934875738     
    12998121           3   1.0875859879071121     
    12998133           1   1.0453446642853943     
    12998133           2  0.88902845597130198     
    12998133           3   1.0656268797433037     
    12998155           1  0.81393236998504204     
    12998155           2   1.2509206378779598     
    12998155           3  0.93514699213699848     
    12998157           1  0.86130634267428285     
    12998157           2  0.84313637905748329     
    12998157           3   1.2955572782682341     
    12998180           1   1.3707843379719959     
    12998180           2  0.97079107199415804     
    12998180           3  0.65842459003384601     
    12998244           1  0.79988369086992517     
    12998244           2   1.0691762194828984     
    12998244           3   1.1309400896471762     
    12998260           1   1.4260678821755040     
    12998260           2  0.73560843315249980     
    12998260           3  0.83832368467199581     
    12998263           1  0.87041530664348066     
    12998263           2   1.0886282007959960     
    12998263           3   1.0409564925605232     
    12998270           1  0.88731232282220684     
    12998270           2   1.2114517807192215     
    12998270           3  0.90123589645857127     
    12998301           1  0.64623803480117858     
    12998301           2   1.2425346931857375     
    12998301           3   1.1112272720130838     
    12998337           1  0.81579789612962528     
    12998337           2  0.93993369882888322     
    12998337           3   1.2442684050414914     
    12998380           1   1.3779523914587335     
    12998380           2   1.2499996221408378     
    12998380           3  0.37204798640042835     
    12998396           1  0.86594524495420777     
    12998396           2   1.0985100516592166     
    12998396           3   1.0355447033865754     
    12998424           1   1.1534761946346244     
    12998424           2   1.1228478443923449     
    12998424           3  0.72367596097303066     
    12998434           1   1.4864735458549785     
    12998434           2  0.58758234723387637     
    12998434           3  0.92594410691114482     
    12998443           1   1.4001841407406859     
    12998443           2  0.73353465709814158     
    12998443           3  0.86628120216117266     
    12998451           1  0.96381226448480928     
    12998451           2   1.1545858180843496     
    12998451           3  0.88160191743084171     
    12998501           1   1.0051457165106401     
    12998501           2   1.0791185586300367     
    12998501           3  0.91573572485932309     
    12998503           1  0.94412887548333491     
    12998503           2   1.0149871163326702     
    12998503           3   1.0408840081839954     
    12998553           1   1.4712407438360280     
    12998553           2  0.90762448944259422     
    12998553           3  0.62113476672137824     
    12998563           1   1.3648731222764583     
    12998563           2  0.96660474212234937     
    12998563           3  0.66852213560119200     
    12998577           1   1.2455492373786290     
    12998577           2  0.90354805895397494     
    12998577           3  0.85090270366739618     
    12998604           1   1.2029755773102793     
    12998604           2  0.86636494930957708     
    12998604           3  0.93065947338014399     
    12998608           1  0.56295013064100285     
    12998608           2   1.4451921342913483     
    12998608           3  0.99185773506764841     
    12998618           1  0.71423901849215632     
    12998618           2   1.2236746515513732     
    12998618           3   1.0620863299564705     
    12998640           1  0.88997325152220974     
    12998640           2  0.93950802072870332     
    12998640           3   1.1705187277490869     
    12998764           1  0.99307479528217779     
    12998764           2  0.64158549338417603     
    12998764           3   1.3653397113336461     
    12998767           1  0.85300132608467250     
    12998767           2  0.55654933553592389     
    12998767           3   1.5904493383794032     
    12998773           1   1.1869403999618868     
    12998773           2   1.0503743718010836     
    12998773           3  0.76268522823702956     
    12998781           1   1.2648328829808635     
    12998781           2  0.91888163443573811     
    12998781           3  0.81628548258339850     
    12998834           1  0.69679624415260433     
    12998834           2   1.1903677984329917     
    12998834           3   1.1128359574144038     
    12998836           1  0.48261408473104517     
    12998836           2   1.3974802196200353     
    12998836           3   1.1199056956489195     
    12998838           1  0.46352608609066731     
    12998838           2   1.4147599624238991     
    12998838           3   1.1217139514854335     
    12998843           1  0.96419965524138940     
    12998843           2   1.4348055801063921     
    12998843           3  0.60099476465221835     
    12998846           1   1.1742316925333742     
    12998846           2   1.0922631534342084     
    12998846           3  0.73350515403241745     
    12998856           1   1.3500482612030316     
    12998856           2  0.77380475220384415     
    12998856           3  0.87614698659312484     
    12998858           1   1.1211370865405832     
    12998858           2   1.4896818301901180     
    12998858           3  0.38918108326929912     
    12998859           1  0.40238489048267018     
    12998859           2   1.3126664688760035     
    12998859           3   1.2849486406413262     
    12998873           1   1.1772932568773906     
    12998873           2   1.0142613644187863     
    12998873           3  0.80844537870382260     
    12998883           1  0.45307508200333779     
    12998883           2   1.2234532722681342     
    12998883           3   1.3234716457285280     
    12998893           1   1.1367956385372908     
    12998893           2   1.0499364334855554     
    12998893           3  0.81326792797715386     
    12998901           1  0.89329392958401388     
    12998901           2   1.7533127144827401     
    12998901           3  0.35339335593324633     
    12998904           1   1.4870092609641778     
    12998904           2  0.58737437152228589     
    12998904           3  0.92561636751353626     
    12998905           1   1.2907722468830483     
    12998905           2  0.77476552829300260     
    12998905           3  0.93446222482394936     
    12998906           1  0.85310628641617592     
    12998906           2  0.99255579437977737     
    12998906           3   1.1543379192040462     
    12998929           1  0.51925750270911497     
    12998929           2   1.1201570049445424     
    12998929           3   1.3605854923463425     
    12998958           1   1.0463811072026195     
    12998958           2  0.96084856644715744     
    12998958           3  0.99277032635022300     
    12998966           1   1.0208582424135930     
    12998966           2  0.96859353802679582     
    12998966           3   1.0105482195596107     
    12998978           1   1.2694872608505265     
    12998978           2   1.3664323161751448     
    12998978           3  0.36408042297432880     
    12998987           1   1.2197882930053732     
    12998987           2  0.84344103538748305     
    12998987           3  0.93677067160714333     
    12998995           1   1.3194397120342505     
    12998995           2  0.79197271866785501     
    12998995           3  0.88858756929789429     
    12999011           1  0.67159849846864594     
    12999011           2   1.0900844151395352     
    12999011           3   1.2383170863918187     
    12999014           1  0.59112194911911409     
    12999014           2   1.2349335676349869     
    12999014           3   1.1739444832458987     
    12999026           1  0.82446140133269619     
    12999026           2   1.0647415621646803     
    12999026           3   1.1107970365026234     
    12999049           1  0.98967334870519819     
    12999049           2   1.0339010399463862     
    12999049           3  0.97642561134841577     
    12999056           1  0.42894508027719358     
    12999056           2   1.0348352822924247     
    12999056           3   1.5362196374303818     
    12999066           1  0.81745427403638304     
    12999066           2  0.70264135123929017     
    12999066           3   1.4799043747243270     
    12999079           1  0.53682396592914594     
    12999079           2   1.1594436859392538     
    12999079           3   1.3037323481315999     
    12999092           1  0.51876468809774534     
    12999092           2   1.1931245578880412     
    12999092           3   1.2881107540142134     
    12999110           1  0.79539983237743905     
    12999110           2   1.1793539962748876     
    12999110           3   1.0252461713476737     
    12999117           1  0.69443861449375144     
    12999117           2   1.4858605866064529     
    12999117           3  0.81970079889979597     
    12999119           1  0.93403630540732652     
    12999119           2  0.75151191972580489     
    12999119           3   1.3144517748668687     
    12999126           1  0.52595847063723000     
    12999126           2   1.0958978126285193     
    12999126           3   1.3781437167342507     
    12999132           1   1.0353929527321202     
    12999132           2  0.95624904619707030     
    12999132           3   1.0083580010708091     
    12999143           1   1.1706833086395545     
    12999143           2   1.1123844153195601     
    12999143           3  0.71693227604088516     
    12999146           1  0.76536314053501497     
    12999146           2   1.0739943942550350     
    12999146           3   1.1606424652099503     
    12999149           1   1.0746412037804105     
    12999149           2  0.27917025604242335     
    12999149           3   1.6461885401771663     
    12999152           1   1.1381724712603576     
    12999152           2   1.0706753963787532     
    12999152           3  0.79115213236088855     
    12999159           1  0.84247330611791249     
    12999159           2   1.0063944727792034     
    12999159           3   1.1511322211028843     
    12999160           1   1.1683709067415118     
    12999160           2  0.99482908335179387     
    12999160           3  0.83680000990669456     
    12999171           1  0.98561845679386306     
    12999171           2  0.77885053013895478     
    12999171           3   1.2355310130671822     
    12999176           1   1.2722799990374594     
    12999176           2  0.99979489163470836     
    12999176           3  0.72792510932783194     
    12999179           1  0.95611029620990973     
    12999179           2  0.71189005141349471     
    12999179           3   1.3319996523765958     
    12999181           1   1.4700976018873584     
    12999181           2  0.50842702877369628     
    12999181           3   1.0214753693389453     
    12999187           1   1.5077398358439595     
    12999187           2  0.45545669319109766     
    12999187           3   1.0368034709649427     
    12999188           1  0.86944965402709329     
    12999188           2  0.84193115567794441     
    12999188           3   1.2886191902949624     
    12999191           1  0.66530029737639018     
    12999191           2   1.1514330786241622     
    12999191           3   1.1832666239994478     
    12999192           1  0.83770309689291822     
    12999192           2   1.2060810746816373     
    12999192           3  0.95621582842544461     
    12999196           1   1.0463751072291669     
    12999196           2  0.96084305691927041     
    12999196           3  0.99278183585156243     
    12999207           1  0.82833503997099489     
    12999207           2   1.2174591069152052     
    12999207           3  0.95420585311379946     
    12999212           1   1.1426550639767517     
    12999212           2   1.0373594717654828     
    12999212           3  0.81998546425776586     
    12999219           1  0.64046396234687253     
    12999219           2   1.2204884161739744     
    12999219           3   1.1390476214791529     
    12999224           1  0.57095509148301782     
    12999224           2   1.3255303412591926     
    12999224           3   1.1035145672577895     
    12999232           1  0.33373716471487264     
    12999232           2   1.1786083629983801     
    12999232           3   1.4876544722867473     
    12999236           1   1.2044790400180021     
    12999236           2  0.99290778527436663     
    12999236           3  0.80261317470763160     
    12999241           1  0.81108961900026211     
    12999241           2  0.69717062344840097     
    12999241           3   1.4917397575513369     
    12999242           1  0.40086229201903956     
    12999242           2   1.3134358915442994     
    12999242           3   1.2857018164366614     
    12999243           1  0.60760395179410009     
    12999243           2  0.83187332838144490     
    12999243           3   1.5605227198244551     
    12999244           1  0.76800370025831843     
    12999244           2   1.6051286604506800     
    12999244           3  0.62686763929100142     
    12999245           1   1.0110319461511936     
    12999245           2   1.0721753190852150     
    12999245           3  0.91679273476359158     
    12999254           1  0.92974630098648570     
    12999254           2  0.99740089671313314     
    12999254           3   1.0728528023003809     
    12999256           1  0.84744377641347968     
    12999256           2   1.1498311845603966     
    12999256           3   1.0027250390261238     
    12999257           1  0.84071339089711750     
    12999257           2   1.0099640025977157     
    12999257           3   1.1493226065051665     
    12999258           1   1.1651102561020747     
    12999258           2  0.69561509241689634     
    12999258           3   1.1392746514810286     
    12999262           1  0.70233096931681771     
    12999262           2   1.0608478172378450     
    12999262           3   1.2368212134453371     
    12999263           1  0.88218466321019984     
    12999263           2  0.59299346440229583     
    12999263           3   1.5248218723875047     
    12999268           1   1.1597817546250628     
    12999268           2  0.69400316496845882     
    12999268           3   1.1462150804064786     
    12999275           1  0.55625029377024315     
    12999275           2   1.3581301117565996     
    12999275           3   1.0856195944731570     
    12999279           1  0.99587130613945662     
    12999279           2  0.77203305611988804     
    12999279           3   1.2320956377406551     
    12999281           1  0.80648214693273745     
    12999281           2   1.1482481257962311     
    12999281           3   1.0452697272710312     
    12999282           1   1.0178578721484397     
    12999282           2  0.76638532173542828     
    12999282           3   1.2157568061161321     
    12999285           1  0.90834848449333605     
    12999285           2   1.0072659434963662     
    12999285           3   1.0843855720102984     
    12999286           1  0.81531620365632507     
    12999286           2   1.0534286996029358     
    12999286           3   1.1312550967407389     
    12999289           1  0.65669823812169326     
    12999289           2   1.2294154254371865     
    12999289           3   1.1138863364411202     
    12999290           1  0.51616402238432491     
    12999290           2   1.3995766225115627     
    12999290           3   1.0842593551041124     
    12999293           1  0.90666074908136063     
    12999293           2   1.0246043253411259     
    12999293           3   1.0687349255775138     
    12999294           1  0.57031847154587934     
    12999294           2   1.2511292891951231     
    12999294           3   1.1785522392589980     
    12999296           1  0.87045553729102565     
    12999296           2   1.2061468630860401     
    12999296           3  0.92339759962293422     
    12999297           1   1.1192998951231510     
    12999297           2  0.52232232025735803     
    12999297           3   1.3583777846194911     
    12999298           1  0.64604996253687963     
    12999298           2  0.82934403600484974     
    12999298           3   1.5246060014582705     
    12999299           1   1.5310655636057111     
    12999299           2  0.72231407973044459     
    12999299           3  0.74662035666384463     
    12999300           1  0.75203281215583839     
    12999300           2   1.8429476242435594     
    12999300           3  0.40501956360060232     
    12999301           1   1.2563456012088552     
    12999301           2   1.5867704289626110     
    12999301           3  0.15688396982853367     
