    11054907           1   1.2129711524518187     
    11054907           2  0.76985799167730684     
    11054907           3   1.0171708558708743     
    11309027           1   1.2246503733479297     
    11309027           2  0.56755057652535235     
    11309027           3   1.2077990501267180     
    11396423           1   1.2637149969947477     
    11396423           2  0.82951868660787043     
    11396423           3  0.90676631639738203     
    11535438           1   1.3908695458415223     
    11535438           2  0.33322452870455210     
    11535438           3   1.2759059254539253     
    11663612           1   1.2541134497856379     
    11663612           2   1.0103099588082820     
    11663612           3  0.73557659140608012     
    11705887           1   1.0433151026277641     
    11705887           2   1.4055090533977870     
    11705887           3  0.55117584397444930     
    11739044           1  0.89368183237838050     
    11739044           2  0.85162971620384642     
    11739044           3   1.2546884514177730     
    11740138           1  0.76940658224925140     
    11740138           2  0.88021763871623615     
    11740138           3   1.3503757790345119     
    11812150           1  0.80944679905431571     
    11812150           2   1.0877366001248507     
    11812150           3   1.1028166008208342     
    11880837           1  0.95570604298275863     
    11880837           2  0.59669444111777659     
    11880837           3   1.4475995158994648     
    11903429           1   1.5379552532394234     
    11903429           2  0.82690274996562196     
    11903429           3  0.63514199679495487     
    11928988           1  0.85941817866762726     
    11928988           2   1.5368079605391989     
    11928988           3  0.60377386079317408     
    12010930           1   1.2183762556117421     
    12010930           2  0.65379356500726737     
    12010930           3   1.1278301793809902     
    12012413           1   1.1851252070042035     
    12012413           2  0.46701455016752857     
    12012413           3   1.3478602428282678     
    12031749           1   1.1440768756359607     
    12031749           2  0.99924027992618969     
    12031749           3  0.85668284443784903     
    12113786           1   1.1678323652713187     
    12113786           2   1.2820740904915058     
    12113786           3  0.55009354423717516     
    12124761           1   1.1578318577210833     
    12124761           2  0.79135847755516564     
    12124761           3   1.0508096647237513     
    12170156           1   1.4521037841332367     
    12170156           2  0.47864654929116979     
    12170156           3   1.0692496665755935     
    12194455           1  0.24605784084928609     
    12194455           2   1.2166799920260889     
    12194455           3   1.5372621671246249     
    12204189           1   1.2026446718310202     
    12204189           2  0.84492243037385761     
    12204189           3  0.95243289779512197     
    12233966           1   1.0837245486088525     
    12233966           2  0.52649648419086670     
    12233966           3   1.3897789672002805     
    12250358           1   1.1755952724378635     
    12250358           2   1.5395213015836979     
    12250358           3  0.28488342597843824     
    12258756           1  0.92138494146032857     
    12258756           2  0.62820565996284150     
    12258756           3   1.4504093985768300     
    12259383           1   1.3302640787910986     
    12259383           2   1.6221343373222310     
    12259383           3   4.7601583886670198E-002
    12273592           1  0.84297283901326092     
    12273592           2   1.0488014413636106     
    12273592           3   1.1082257196231287     
    12277144           1   1.3325051321793582     
    12277144           2   1.1056408194059462     
    12277144           3  0.56185404841469566     
    12299061           1  0.94598474539638755     
    12299061           2  0.36765909591905299     
    12299061           3   1.6863561586845590     
    12308892           1  0.94952292475751576     
    12308892           2   1.0486183426847104     
    12308892           3   1.0018587325577737     
    12316591           1  0.84990320753880710     
    12316591           2  0.67181206943731042     
    12316591           3   1.4782847230238825     
    12326373           1   1.4456157496525541     
    12326373           2  0.30902203472109063     
    12326373           3   1.2453622156263549     
    12327002           1  0.47394012893550741     
    12327002           2  0.72156371946147890     
    12327002           3   1.8044961516030138     
    12331273           1   1.1123815418545875     
    12331273           2   1.3401144434624479     
    12331273           3  0.54750401468296406     
    12334337           1  0.77807688204621472     
    12334337           2   1.1808268142717271     
    12334337           3   1.0410963036820586     
    12352005           1   1.3650111008117778     
    12352005           2  0.45536729680802152     
    12352005           3   1.1796216023802006     
    12352677           1  0.90624519269952497     
    12352677           2  0.46884838338992230     
    12352677           3   1.6249064239105526     
    12353500           1   1.2767828736758149     
    12353500           2  0.59493087659026989     
    12353500           3   1.1282862497339152     
    12364366           1  0.64339742498411812     
    12364366           2   1.3998168870626997     
    12364366           3  0.95678568795318220     
    12368599           1   1.3089197239459116     
    12368599           2   1.8910412900607495E-003
    12368599           3   1.6891892347640274     
    12377376           1  0.59454782459290889     
    12377376           2   1.6347824083965254     
    12377376           3  0.77066976701056555     
    12382363           1   1.1539344175234529     
    12382363           2  0.88439328804161343     
    12382363           3  0.96167229443493374     
    12383781           1  0.97790840410051638     
    12383781           2   1.1149088780666871     
    12383781           3  0.90718271783279658     
    12384057           1  0.80483046207735787     
    12384057           2   1.0081844002918687     
    12384057           3   1.1869851376307741     
    12389327           1   1.5534864754747508     
    12389327           2  0.88038664283617851     
    12389327           3  0.56612688168907044     
    12408251           1   1.3939890993765325     
    12408251           2  0.89706038966816704     
    12408251           3  0.70895051095530048     
    12438686           1   1.6830925771198345E-002
    12438686           2   1.3174267853435264     
    12438686           3   1.6657422888852751     
    12456646           1   1.0866117365239500     
    12456646           2   9.7754103660993977E-002
    12456646           3   1.8156341598150560     
    12463837           1   1.2192653770027675     
    12463837           2   1.3932529662953237     
    12463837           3  0.38748165670190909     
    12470393           1  0.83462473086058941     
    12470393           2   1.1905743324450129     
    12470393           3  0.97480093669439760     
    12472983           1   1.1436708696650533     
    12472983           2  0.16481514708187545     
    12472983           3   1.6915139832530712     
    12482380           1   1.3692448580492143     
    12482380           2  0.69244880393958808     
    12482380           3  0.93830633801119756     
    12488277           1   1.1755584399621750     
    12488277           2  0.53754916240278205     
    12488277           3   1.2868923976350430     
    12498212           1   1.4300967427235136     
    12498212           2   1.0083499745403930     
    12498212           3  0.56155328273609340     
    12506246           1  0.27867280924236271     
    12506246           2   1.5192531278592163     
    12506246           3   1.2020740628984212     
    12515965           1  0.52263349392574143     
    12515965           2   1.1267656646678412     
    12515965           3   1.3506008414064170     
    12517883           1   1.4612184166993305     
    12517883           2   1.1045334515033465     
    12517883           3  0.43424813179732297     
    12520076           1   1.0673487437507179     
    12520076           2   1.5214876367550021     
    12520076           3  0.41116361949428049     
    12525839           1   1.2571552186148356     
    12525839           2  0.48390160642139568     
    12525839           3   1.2589431749637690     
    12533344           1  0.95547326374934838     
    12533344           2  0.17465269279865009     
    12533344           3   1.8698740434520011     
    12535917           1  0.95717408284035932     
    12535917           2  0.93426459836444942     
    12535917           3   1.1085613187951910     
    12539116           1   1.0807571943423464     
    12539116           2   1.7502356093660625     
    12539116           3  0.16900719629159081     
    12539554           1   1.4215686254719175     
    12539554           2  0.63793087884339517     
    12539554           3  0.94050049568468719     
    12541066           1   1.1908064210122917     
    12541066           2  0.82327086127506521     
    12541066           3  0.98592271771264295     
    12550852           1  0.41606193897986088     
    12550852           2   1.6481688045939464     
    12550852           3  0.93576925642619280     
    12551866           1   1.0909345060329396     
    12551866           2   1.2491660644980827     
    12551866           3  0.65989942946897773     
    12554369           1   1.3114064892936543     
    12554369           2  0.97793245296910991     
    12554369           3  0.71066105773723565     
    12555599           1   1.2784631569687466     
    12555599           2  0.20005967722307583     
    12555599           3   1.5214771658081778     
    12558077           1   1.0857905140167143     
    12558077           2   1.7557786564681594     
    12558077           3  0.15843082951512624     
    12560951           1   1.3352103642495590     
    12560951           2  0.85419986102402956     
    12560951           3  0.81058977472641092     
    12561905           1   1.4587533479950501     
    12561905           2   1.0118698833844366     
    12561905           3  0.52937676862051330     
    12565771           1   1.0267243766249641     
    12565771           2  0.85992782824601754     
    12565771           3   1.1133477951290183     
    12566652           1  0.83740071039677444     
    12566652           2   1.3996920014261025     
    12566652           3  0.76290728817712272     
    12572506           1   1.2344233388185177     
    12572506           2  0.94092210741649418     
    12572506           3  0.82465455376498775     
    12573666           1  0.92211970310719227     
    12573666           2   1.7481600106777431     
    12573666           3  0.32972028621506466     
    12575547           1   1.2800882478271138     
    12575547           2   1.5767726302413372     
    12575547           3  0.14313912193154862     
    12578816           1   1.3779783417887972     
    12578816           2   1.1954760231987542     
    12578816           3  0.42654563501244841     
    12581216           1   1.4402838874078328     
    12581216           2  0.26480098220450843     
    12581216           3   1.2949151303876585     
    12585001           1   1.5964766386461309     
    12585001           2  0.80393579898220857     
    12585001           3  0.59958756237166055     
    12587015           1  0.88746495513106827     
    12587015           2   1.7440674741067410     
    12587015           3  0.36846757076219050     
    12588800           1   1.2516192745069290     
    12588800           2   1.1913973274284853     
    12588800           3  0.55698339806458586     
    12589529           1   1.0557800493300162     
    12589529           2  0.44641392587288631     
    12589529           3   1.4978060247970972     
    12594399           1   1.0736772320187900     
    12594399           2  0.95459368602435535     
    12594399           3  0.97172908195685459     
    12598990           1   1.0896620960280163     
    12598990           2  0.65266730931052352     
    12598990           3   1.2576705946614597     
    12607423           1  0.81184437702311141     
    12607423           2  0.70948496055254251     
    12607423           3   1.4786706624243457     
    12616701           1   1.1600723952488972     
    12616701           2  0.38355769495421843     
    12616701           3   1.4563699097968847     
    12621663           1   1.4887068012885871     
    12621663           2  0.68703025856115285     
    12621663           3  0.82426294015026047     
    12625494           1  0.92499010352807409     
    12625494           2   1.4755257350927682     
    12625494           3  0.59948416137915805     
    12630316           1   1.3954045203641441     
    12630316           2  0.60545916307572289     
    12630316           3  0.99913631656013280     
    12630791           1   1.3961781900086045     
    12630791           2   1.1182357805426211     
    12630791           3  0.48558602944877466     
    12631074           1   1.3372567360964054     
    12631074           2   1.0907356408561428     
    12631074           3  0.57200762304745134     
    12646729           1   1.0771080426341733     
    12646729           2  0.30305399871977179     
    12646729           3   1.6198379586460550     
    12647562           1   1.4709470928272441     
    12647562           2  0.77473962927897921     
    12647562           3  0.75431327789377667     
    12648312           1   1.3700584865698648     
    12648312           2  0.39546834211147314     
    12648312           3   1.2344731713186623     
    12653432           1  0.74761575729940444     
    12653432           2  0.61851061327036572     
    12653432           3   1.6338736294302301     
    12675313           1   1.2442199756809025     
    12675313           2   1.1486020599522184     
    12675313           3  0.60717796436687921     
    12682585           1   1.0604298187643213     
    12682585           2   1.1326824450786310     
    12682585           3  0.80688773615704756     
    12684854           1  0.85448494100196393     
    12684854           2  0.92010217155232232     
    12684854           3   1.2254128874457137     
    12688281           1   1.2265845092876064     
    12688281           2  0.22129109335042060     
    12688281           3   1.5521243973619729     
    12688568           1   1.0794450101830917     
    12688568           2  0.41102082446652649     
    12688568           3   1.5095341653503818     
    12692972           1   1.8027096245001544     
    12692972           2   1.1069037755524231     
    12692972           3   9.0386599947422583E-002
    12693706           1   1.2857816094307490     
    12693706           2  0.91624685807417050     
    12693706           3  0.79797153249508024     
    12693991           1   1.1824375181628886     
    12693991           2  0.39700393430541586     
    12693991           3   1.4205585475316955     
    12701439           1  0.97694614046139105     
    12701439           2  0.87944280651507012     
    12701439           3   1.1436110530235388     
    12702991           1   1.0345634302255848     
    12702991           2  0.69340902289122008     
    12702991           3   1.2720275468831950     
    12703316           1   1.0385192873844979     
    12703316           2   1.7887540754011015     
    12703316           3  0.17272663721440046     
    12703380           1   1.2455034906691378     
    12703380           2  0.49384402261395782     
    12703380           3   1.2606524867169042     
    12703892           1   1.3576430546863210     
    12703892           2  0.67203385465660603     
    12703892           3  0.97032309065707312     
    12714547           1  0.98548917939114955     
    12714547           2   1.9194424271262758     
    12714547           3   9.5068393482574759E-002
    12719092           1   1.4845755908673970     
    12719092           2  0.46108141341349046     
    12719092           3   1.0543429957191124     
    12720029           1   1.2874143570974861     
    12720029           2  0.72303744618769639     
    12720029           3  0.98954819671481764     
    12720247           1  0.81917623545748375     
    12720247           2  0.58795743128408773     
    12720247           3   1.5928663332584281     
    12721660           1  0.10901404942538012     
    12721660           2   1.2543813060797471     
    12721660           3   1.6366046444948728     
    12724606           1  0.86770909523846418     
    12724606           2   1.2940915848425738     
    12724606           3  0.83819931991896202     
    12726684           1   1.4078448677402826     
    12726684           2  0.44520653739230048     
    12726684           3   1.1469485948674172     
    12727692           1   1.1215027976182168     
    12727692           2  0.87940566877921922     
    12727692           3  0.99909153360256409     
    12728875           1   1.2060594315633828     
    12728875           2  0.27297718380378311     
    12728875           3   1.5209633846328339     
    12732615           1   1.0956704520574301     
    12732615           2  0.74396751466268007     
    12732615           3   1.1603620332798896     
    12734457           1   1.0177347993195636     
    12734457           2  0.84557166878452494     
    12734457           3   1.1366935318959110     
    12739200           1   1.1884147889234198     
    12739200           2  0.20530649946485932     
    12739200           3   1.6062787116117212     
    12740260           1  0.66386543271594234     
    12740260           2   1.3028145975667125     
    12740260           3   1.0333199697173452     
    12740989           1   1.4899359379125474     
    12740989           2  0.78412500702942878     
    12740989           3  0.72593905505802414     
    12742976           1  0.92665848345044166     
    12742976           2  0.54299846454668910     
    12742976           3   1.5303430520028691     
    12746148           1   1.0555173928790846     
    12746148           2  0.40142845716510550     
    12746148           3   1.5430541499558099     
    12748361           1   1.3057577523474757     
    12748361           2  0.54120979993023244     
    12748361           3   1.1530324477222915     
    12752292           1   1.1906697352797178     
    12752292           2   1.3662161499985159     
    12752292           3  0.44311411472176621     
    12762931           1  0.84891506458411359     
    12762931           2  0.49101174008477749     
    12762931           3   1.6600731953311090     
    12763289           1   1.1180829523678004     
    12763289           2   1.0446984093134439     
    12763289           3  0.83721863831875565     
    12763931           1   1.4697149262813967     
    12763931           2  0.83002836650744038     
    12763931           3  0.70025670721116295     
    12767361           1   1.0618354623614985     
    12767361           2  0.64516483976053496     
    12767361           3   1.2929996978779665     
    12768662           1   1.0707889685714287     
    12768662           2   1.4610363603061325     
    12768662           3  0.46817467112243871     
    12769832           1   1.3227497856647163     
    12769832           2  0.86561956983962807     
    12769832           3  0.81163064449565570     
    12770533           1  0.28833640365212526     
    12770533           2   1.0426320137918557     
    12770533           3   1.6690315825560191     
    12772051           1   1.3549331717276500     
    12772051           2   1.0638291759749383     
    12772051           3  0.58123765229741153     
    12772205           1   1.2378997593259653     
    12772205           2  0.49082913160681113     
    12772205           3   1.2712711090672237     
    12774374           1   1.4462542147943289     
    12774374           2  0.78725100222317956     
    12774374           3  0.76649478298249196     
    12776691           1  0.80459822017586968     
    12776691           2  0.96035220235636498     
    12776691           3   1.2350495774677648     
    12780250           1   1.3692980761967672     
    12780250           2  0.21205114735335878     
    12780250           3   1.4186507764498744     
    12784043           1   1.7064025987365670     
    12784043           2  0.85000482375288933     
    12784043           3  0.44359257751054348     
    12784068           1  0.91942692026339579     
    12784068           2   1.4666514562818262     
    12784068           3  0.61392162345477763     
    12785698           1  0.80057529115358295     
    12785698           2  0.87627660507733562     
    12785698           3   1.3231481037690820     
    12786224           1   1.0351990239421935     
    12786224           2   1.0388178674628896     
    12786224           3  0.92598310859491684     
    12786960           1   1.3660142791289289     
    12786960           2  0.85919624491106750     
    12786960           3  0.77478947596000358     
    12787149           1   1.0486760238720805     
    12787149           2  0.83179829458935761     
    12787149           3   1.1195256815385624     
    12787213           1  0.79890025356530092     
    12787213           2   1.3177282447496887     
    12787213           3  0.88337150168501011     
    12788532           1   1.0868111847840076     
    12788532           2   1.0570594739112333     
    12788532           3  0.85612934130475871     
    12789183           1  0.94739524533976360     
    12789183           2   1.0584266413809564     
    12789183           3  0.99417811327928018     
    12789237           1  0.98868753176746305     
    12789237           2  0.77478308508132154     
    12789237           3   1.2365293831512156     
    12794969           1  0.84758929660277837     
    12794969           2   1.3802211844119852     
    12794969           3  0.77218951898523647     
    12796731           1  0.74581109931776834     
    12796731           2  0.50893379949971396     
    12796731           3   1.7452551011825175     
    12800169           1   1.3238789948423462     
    12800169           2  0.99157248239871010     
    12800169           3  0.68454852275894384     
    12800210           1  0.85121906565545891     
    12800210           2  0.91844849504434134     
    12800210           3   1.2303324393002000     
    12804149           1   1.4190399252063968     
    12804149           2  0.47468190867489374     
    12804149           3   1.1062781661187095     
    12804252           1   1.2942806913979727     
    12804252           2  0.11346727286421684     
    12804252           3   1.5922520357378103     
    12804583           1   1.4275302985882210     
    12804583           2  0.76341287177392891     
    12804583           3  0.80905682963784997     
    12804753           1  0.87247919879226432     
    12804753           2  0.33710277719839321     
    12804753           3   1.7904180240093428     
    12805638           1   1.3459887146840945     
    12805638           2  0.89854005958401306     
    12805638           3  0.75547122573189229     
    12810139           1   1.1240914141902978     
    12810139           2  0.70154409227808601     
    12810139           3   1.1743644935316162     
    12810621           1   1.1407841796318119     
    12810621           2  0.65776593238789582     
    12810621           3   1.2014498879802924     
    12810764           1   1.4757973709214549     
    12810764           2  0.70834532483535517     
    12810764           3  0.81585730424318992     
    12811017           1   1.3647299965799535     
    12811017           2  0.95512796676847767     
    12811017           3  0.68014203665156914     
    12812480           1   1.0575091861526023     
    12812480           2  0.19619644429483221     
    12812480           3   1.7462943695525659     
    12812898           1   1.1899571428247842     
    12812898           2  0.55235359362137382     
    12812898           3   1.2576892635538421     
    12814011           1  0.94428561148315326     
    12814011           2  0.87475644539142339     
    12814011           3   1.1809579431254231     
    12814322           1  0.51477103865837071     
    12814322           2  0.97285972110524366     
    12814322           3   1.5123692402363855     
    12814943           1   1.0649467045510981     
    12814943           2   1.6385615405139566     
    12814943           3  0.29649175493494545     
    12815476           1   1.0560077399117627     
    12815476           2   1.0270898176765844     
    12815476           3  0.91690244241165286     
    12815747           1  0.19133445091343551     
    12815747           2   1.5151361973522190     
    12815747           3   1.2935293517343456     
    12817570           1  0.94541194174748167     
    12817570           2  0.40120037126414704     
    12817570           3   1.6533876869883710     
    12819786           1   1.4414897169206722     
    12819786           2  0.90675811219394176     
    12819786           3  0.65175217088538584     
    12821531           1   1.0108251775125481     
    12821531           2   1.9875112797140320     
    12821531           3   1.6635427734202576E-003
    12827279           1   1.1066710639256654     
    12827279           2   1.0245615074338223     
    12827279           3  0.86876742864051204     
    12829107           1  0.98133328822877453     
    12829107           2   1.1083068091645711     
    12829107           3  0.91035990260665423     
    12831018           1   1.1302435537171955     
    12831018           2   1.5370911289216909     
    12831018           3  0.33266531736111404     
    12831154           1   1.3136110633877427     
    12831154           2  0.31914899881367853     
    12831154           3   1.3672399377985787     
    12832357           1  0.75513620794689451     
    12832357           2  0.59455462622012367     
    12832357           3   1.6503091658329823     
    12834172           1   1.2793208073763873     
    12834172           2  0.25394400832247233     
    12834172           3   1.4667351843011400     
    12834245           1  0.92084164174245831     
    12834245           2  0.78767587946439044     
    12834245           3   1.2914824787931507     
    12835924           1   1.2208137623861635     
    12835924           2  0.64909969966546954     
    12835924           3   1.1300865379483669     
    12836400           1  0.86902133137219773     
    12836400           2  0.78455548270102748     
    12836400           3   1.3464231859267750     
    12837575           1   1.6592662741064670     
    12837575           2   1.1754279913666090     
    12837575           3  0.16530573452692407     
    12838895           1   1.3183577816912613     
    12838895           2  0.98704002596168594     
    12838895           3  0.69460219234705256     
    12838976           1   1.3650188416862676     
    12838976           2  0.40380961997316833     
    12838976           3   1.2311715383405639     
    12841918           1   1.3526637309645770     
    12841918           2  0.65467490756497237     
    12841918           3  0.99266136147045014     
    12843943           1   1.3871951474368860     
    12843943           2   1.0063882575535106     
    12843943           3  0.60641659500960310     
    12844507           1   1.0719049043746669     
    12844507           2  0.72431364060078274     
    12844507           3   1.2037814550245505     
    12844671           1  0.43598977848781423     
    12844671           2   1.0543310301028379     
    12844671           3   1.5096791914093479     
    12844739           1   1.0088287550516466     
    12844739           2   1.2680719154356435     
    12844739           3  0.72309932951271050     
    12847823           1   1.3929611482404558     
    12847823           2  0.66919409083743797     
    12847823           3  0.93784476092210634     
    12848518           1   1.1035723275406859     
    12848518           2  0.50387801595124637     
    12848518           3   1.3925496565080677     
    12849594           1  0.65057991204237031     
    12849594           2   1.2343440185977481     
    12849594           3   1.1150760693598818     
    12854383           1   1.4115351664918385     
    12854383           2   1.3999751193460017     
    12854383           3  0.18848971416215943     
    12854745           1  0.83213607672983636     
    12854745           2   1.9507635976612709     
    12854745           3  0.21710032560889259     
    12855666           1   1.2457357698527189     
    12855666           2   1.0078254812565373     
    12855666           3  0.74643874889074424     
    12855818           1   1.0191121997913113     
    12855818           2   1.4424981752431605     
    12855818           3  0.53838962496552834     
    12856058           1   1.2922850314210417     
    12856058           2  0.37184333529805957     
    12856058           3   1.3358716332808989     
    12857991           1   1.9306534371232253     
    12857991           2  0.90950669580377963     
    12857991           3  0.15983986707299500     
    12859540           1   1.3916993166573717     
    12859540           2  0.77348083085840980     
    12859540           3  0.83481985248421831     
    12859902           1   1.3276449577058378     
    12859902           2  0.56990404561600649     
    12859902           3   1.1024509966781562     
    12860379           1   1.5460601444367159     
    12860379           2  0.83126045595550491     
    12860379           3  0.62267939960777896     
    12861696           1  0.56614791364431305     
    12861696           2   1.1590391203935795     
    12861696           3   1.2748129659621070     
    12865079           1  0.95278879698392893     
    12865079           2   1.4629267345212775     
    12865079           3  0.58428446849479332     
    12867463           1   1.1921530503787252     
    12867463           2   1.1804229472894241     
    12867463           3  0.62742400233185092     
    12868160           1   1.2403137648509748     
    12868160           2  0.94895894974929684     
    12868160           3  0.81072728539972871     
    12869683           1   1.3587782974817595     
    12869683           2  0.58569693082079077     
    12869683           3   1.0555247716974498     
    12871758           1   1.3662231919949646     
    12871758           2  0.89707179779879997     
    12871758           3  0.73670501020623547     
    12872702           1   1.3307775936024258     
    12872702           2  0.86147646251169196     
    12872702           3  0.80774594388588272     
    12873547           1  0.74711168654214433     
    12873547           2   1.5507897562740149     
    12873547           3  0.70209855718384051     
    12873948           1   1.2386303789222504     
    12873948           2  0.47019675629745117     
    12873948           3   1.2911728647802987     
    12875106           1   1.3413783867867080     
    12875106           2  0.84263655757945544     
    12875106           3  0.81598505563383683     
    12875575           1   1.1960359848096402     
    12875575           2  0.87128644346724815     
    12875575           3  0.93267757172311172     
    12875956           1   1.1418579719302331     
    12875956           2  0.67154327206156939     
    12875956           3   1.1865987560081976     
    12878162           1   1.2397141771309279     
    12878162           2  0.59237709436242092     
    12878162           3   1.1679087285066514     
    12878629           1   1.4835253220389983     
    12878629           2  0.16225050171923130     
    12878629           3   1.3542241762417708     
    12879003           1   1.3424431645548738     
    12879003           2   1.0540226155365418     
    12879003           3  0.60353421990858436     
    12879324           1   1.5368014541374526     
    12879324           2  0.36368370976155601     
    12879324           3   1.0995148361009917     
    12882009           1   1.2726043763392338     
    12882009           2   1.0618397058226348     
    12882009           3  0.66555591783813151     
    12882480           1   1.4906199477231259     
    12882480           2  0.74682020977522356     
    12882480           3  0.76255984250165076     
    12883014           1  0.70840408252090248     
    12883014           2  0.51029810244504714     
    12883014           3   1.7812978150340504     
    12886874           1   1.2048291713528509     
    12886874           2  0.56633975497807110     
    12886874           3   1.2288310736690782     
    12887180           1   1.0314255195846189     
    12887180           2   1.4236798174109035     
    12887180           3  0.54489466300447742     
    12887273           1   1.0759369811947181     
    12887273           2   1.5095910422128869     
    12887273           3  0.41447197659239515     
    12889621           1  0.70221585638096684     
    12889621           2  0.83800871353876139     
    12889621           3   1.4597754300802714     
    12891950           1   1.3352557544144061     
    12891950           2   1.1128316971858314     
    12891950           3  0.55191254839976212     
    12892417           1   1.3846920106988929     
    12892417           2  0.39895071694406586     
    12892417           3   1.2163572723570413     
    12892964           1   1.4335614099826870     
    12892964           2  0.22606211235760496     
    12892964           3   1.3403764776597085     
    12895390           1  0.64909905941845403     
    12895390           2   1.3856364461972552     
    12895390           3  0.96526449438429018     
    12895613           1  0.53463707728337329     
    12895613           2  0.82878519448297716     
    12895613           3   1.6365777282336496     
    12896593           1   1.2977209962436345     
    12896593           2  0.23940478133210782     
    12896593           3   1.4628742224242577     
    12896728           1   1.6957837302364358     
    12896728           2  0.85698233425120474     
    12896728           3  0.44723393551235924     
    12900169           1   1.5043717107574222     
    12900169           2   1.0816072233163108     
    12900169           3  0.41402106592626775     
    12900399           1   1.1104182986413178     
    12900399           2  0.90464909787854786     
    12900399           3  0.98493260348013389     
    12900760           1   1.3171191627978138     
    12900760           2  0.81156806748976940     
    12900760           3  0.87131276971241678     
    12901675           1   1.2046359040670380     
    12901675           2  0.58502157466984095     
    12901675           3   1.2103425212631209     
    12904758           1   1.3910666311258535     
    12904758           2  0.78492384279761629     
    12904758           3  0.82400952607653000     
    12908072           1  0.75463551390149497     
    12908072           2   1.5353000842512172     
    12908072           3  0.71006440184728792     
    12908080           1   1.2566675426941161     
    12908080           2  0.69497548907125284     
    12908080           3   1.0483569682346312     
    12908673           1   1.3948176984272231     
    12908673           2  0.24664806236379952     
    12908673           3   1.3585342392089772     
    12908709           1   1.1168686420342340     
    12908709           2   1.3334188336391188     
    12908709           3  0.54971252432664730     
    12909805           1   1.3538364828414109     
    12909805           2  0.90418553755952258     
    12909805           3  0.74197797959906620     
    12909999           1   1.3240762269749569     
    12909999           2   1.6285436125023502     
    12909999           3   4.7380160522692699E-002
    12912013           1   1.3744748597750467     
    12912013           2   1.1333680354308537     
    12912013           3  0.49215710479409958     
    12912189           1   1.4677259966450422     
    12912189           2   1.3638301943812314     
    12912189           3  0.16844380897372613     
    12913337           1   1.1311970929917350     
    12913337           2   1.3751366922431949     
    12913337           3  0.49366621476506972     
    12913347           1   1.4790714786574881     
    12913347           2   1.0167643799184038     
    12913347           3  0.50416414142410781     
    12914207           1   1.2097179024245313     
    12914207           2  0.48992478827158176     
    12914207           3   1.3003573093038874     
    12914982           1   1.5804107247418449     
    12914982           2   1.4025320015707854     
    12914982           3   1.7057273687369610E-002
    12915152           1   1.1546098490496699     
    12915152           2  0.50332912807180419     
    12915152           3   1.3420610228785259     
    12915471           1  0.82881334703400278     
    12915471           2  0.58535923354814334     
    12915471           3   1.5858274194178537     
    12915628           1  0.97132612260788576     
    12915628           2   1.6170846827174674     
    12915628           3  0.41158919467464677     
    12916153           1   1.5705260980179101     
    12916153           2  0.87001587489545640     
    12916153           3  0.55945802708663361     
    12918768           1  0.86373254185845771     
    12918768           2   1.3019094536554059     
    12918768           3  0.83435800448613617     
    12921430           1   1.6610243910335247     
    12921430           2  0.82012784892903390     
    12921430           3  0.51884776003744104     
    12921476           1   1.2202116302903134     
    12921476           2   1.3920059943960346     
    12921476           3  0.38778237531365156     
    12924616           1   1.2390091592674715     
    12924616           2   1.8670034560030247E-003
    12924616           3   1.7591238372765257     
    12925869           1   1.0337440255677159     
    12925869           2   1.4268800583512391     
    12925869           3  0.53937591608104507     
    12925924           1   1.1356826738023682     
    12925924           2   1.2862474813440690     
    12925924           3  0.57806984485356283     
    12927026           1   1.0510531541014323     
    12927026           2  0.26142465079804356     
    12927026           3   1.6875221951005239     
    12927301           1  0.88629365416274042     
    12927301           2  0.33491389553470879     
    12927301           3   1.7787924503025510     
    12927464           1   1.3238316444233955     
    12927464           2  0.74233591938333965     
    12927464           3  0.93383243619326484     
    12929310           1   1.0255496916427729     
    12929310           2  0.62492710017664799     
    12929310           3   1.3495232081805788     
    12929443           1   1.0855387114454285     
    12929443           2   1.6702450702106570     
    12929443           3  0.24421621834391455     
    12929535           1  0.62852205327310084     
    12929535           2   1.3225248793759512     
    12929535           3   1.0489530673509477     
    12929896           1  0.29264281905206674     
    12929896           2   1.0582041250611716     
    12929896           3   1.6491530558867618     
    12929989           1  0.84816534713061387     
    12929989           2  0.44659262037046993     
    12929989           3   1.7052420324989164     
    12931267           1   1.1513540074702482     
    12931267           2   1.1428244741389637     
    12931267           3  0.70582151839078799     
    12932018           1   1.4515805148189165     
    12932018           2  0.64329235999031320     
    12932018           3  0.90512712519077021     
    12933405           1  0.82407910916428428     
    12933405           2   1.3952969590775219     
    12933405           3  0.78062393175819367     
    12933826           1  0.84483809213411121     
    12933826           2  0.42146630845168565     
    12933826           3   1.7336955994142034     
    12935083           1   1.2340076595062028     
    12935083           2  0.46844192474181789     
    12935083           3   1.2975504157519795     
    12936933           1   1.1479792349973075     
    12936933           2  0.99241584042417186     
    12936933           3  0.85960492457852045     
    12938875           1   1.3207044184028618     
    12938875           2  0.91551441346497919     
    12938875           3  0.76378116813215891     
    12940400           1  0.85369040928833473     
    12940400           2   1.5409201516689686     
    12940400           3  0.60538943904269682     
    12941888           1  0.85358434338981226     
    12941888           2  0.67472184960051884     
    12941888           3   1.4716938070096695     
    12942791           1   1.4561356247225887     
    12942791           2  0.84308458463202818     
    12942791           3  0.70077979064538265     
    12942855           1   1.0901131392982661     
    12942855           2  0.75541026014542179     
    12942855           3   1.1544766005563121     
    12944494           1   1.2010193645806015     
    12944494           2   1.3088519250349127     
    12944494           3  0.49012871038448608     
    12944575           1   1.4974008587061360     
    12944575           2  0.99218715026383264     
    12944575           3  0.51041199103003121     
    12945859           1   1.3181178031645797     
    12945859           2  0.41248236583295883     
    12945859           3   1.2693998310024617     
    12946101           1   1.2384228072231747     
    12946101           2  0.93425080048706022     
    12946101           3  0.82732639228976512     
    12946714           1   1.2953859324489139     
    12946714           2   1.0019980805097428     
    12946714           3  0.70261598704134332     
    12946953           1  0.92359913630304824     
    12946953           2   1.0706971165946975     
    12946953           3   1.0057037471022543     
    12947487           1   1.5425811094442119     
    12947487           2   1.0465080775536835     
    12947487           3  0.41091081300210458     
    12947909           1   1.3648702376486932     
    12947909           2  0.43618456258104432     
    12947909           3   1.1989451997702627     
    12948264           1   1.0670516036140378     
    12948264           2   1.3884588543202570     
    12948264           3  0.54448954206570566     
    12949583           1   1.3692635402886599     
    12949583           2  0.67712123118407963     
    12949583           3  0.95361522852726033     
    12950565           1   1.1907675041780288     
    12950565           2   1.2660250419237034     
    12950565           3  0.54320745389826774     
    12952277           1   1.3181577336841872     
    12952277           2   8.2495910631953523E-002
    12952277           3   1.5993463556838590     
    12952790           1   1.2797980347544675     
    12952790           2  0.72625298538076422     
    12952790           3  0.99394897986476816     
    12952972           1   1.0426243416976402     
    12952972           2  0.82678643844503907     
    12952972           3   1.1305892198573204     
    12954236           1   1.4566838491884835     
    12954236           2  0.35592640774233675     
    12954236           3   1.1873897430691798     
    12954870           1   1.3390093685553999     
    12954870           2   1.2465076282816807     
    12954870           3  0.41448300316291953     
    12954944           1  0.83968732069174490     
    12954944           2   1.0447136983287744     
    12954944           3   1.1155989809794808     
    12955614           1   1.2113462982155936     
    12955614           2   1.1994273445624546     
    12955614           3  0.58922635722195160     
    12956453           1   1.1025388619535264     
    12956453           2  0.62492838573276055     
    12956453           3   1.2725327523137127     
    12956979           1   1.1611487097489033     
    12956979           2   1.5206025533412033     
    12956979           3  0.31824873690989369     
    12957790           1   1.3098617837477866     
    12957790           2  0.81506793329159510     
    12957790           3  0.87507028296061884     
    12958230           1  0.92111137236230622     
    12958230           2   1.4819182638562143     
    12958230           3  0.59697036378147927     
    12958361           1  0.24101618425253832     
    12958361           2   1.2532197220801331     
    12958361           3   1.5057640936673282     
    12958544           1   1.4533438770433265     
    12958544           2   1.1147481643294288     
    12958544           3  0.43190795862724490     
    12959057           1  0.92585141704536078     
    12959057           2  0.78577795805212280     
    12959057           3   1.2883706249025164     
    12959433           1   1.4292627276688186     
    12959433           2   1.3843511382222622     
    12959433           3  0.18638613410891935     
    12959467           1   1.3624512406779563     
    12959467           2   1.5866003339512491     
    12959467           3   5.0948425370794248E-002
    12961825           1   1.3688346849650681     
    12961825           2  0.88887411352774348     
    12961825           3  0.74229120150718852     
    12962263           1   1.0818495540804980     
    12962263           2  0.30438806544929886     
    12962263           3   1.6137623804702033     
    12963232           1  0.94797628683679702     
    12963232           2  0.36211734059871198     
    12963232           3   1.6899063725644909     
    12963760           1  0.86217610465167549     
    12963760           2   1.5321124869671392     
    12963760           3  0.60571140838118553     
    12963808           1   1.3467912361798025     
    12963808           2  0.57812276515956440     
    12963808           3   1.0750859986606334     
    12964175           1  0.27639590592968738     
    12964175           2   1.5068400313356636     
    12964175           3   1.2167640627346490     
    12964738           1   1.3546126600429313     
    12964738           2  0.47624654382844245     
    12964738           3   1.1691407961286262     
    12965392           1   1.4775510288988800     
    12965392           2  0.77139355082746153     
    12965392           3  0.75105542027365857     
    12965851           1   1.1795209297368257     
    12965851           2  0.88635899021588327     
    12965851           3  0.93412008004729152     
    12965898           1  0.94727218029312854     
    12965898           2  0.59142876447901993     
    12965898           3   1.4612990552278520     
    12965954           1   1.0498538099032759     
    12965954           2   1.3955159942280055     
    12965954           3  0.55463019586871876     
    12966388           1   1.3149150895573227     
    12966388           2   1.6172758988157827     
    12966388           3   6.7809011626894608E-002
    12966865           1   1.1237743075877562     
    12966865           2  0.98150795423047854     
    12966865           3  0.89471773818176537     
    12967942           1   1.4306205808201466     
    12967942           2   1.0076204419658985     
    12967942           3  0.56175897721395529     
    12968111           1   1.3702617324529431     
    12968111           2   1.1363055623370275     
    12968111           3  0.49343270521002947     
    12968872           1   1.1432986313998961     
    12968872           2  0.31748989298394009     
    12968872           3   1.5392114756161634     
    12969305           1   1.0781966740293212     
    12969305           2   1.5064608714859729     
    12969305           3  0.41534245448470597     
    12970094           1   1.1718373010568952     
    12970094           2  0.49863035020457092     
    12970094           3   1.3295323487385335     
    12970117           1   1.0887468655956805     
    12970117           2  0.40903012058091937     
    12970117           3   1.5022230138234001     
    12970391           1   1.2100839204845479     
    12970391           2  0.85014890183273362     
    12970391           3  0.93976717768271834     
    12972127           1  0.88494443224181496     
    12972127           2   1.7476344957232783     
    12972127           3  0.36742107203490670     
    12972853           1  0.79262748262741345     
    12972853           2  0.59511506445534912     
    12972853           3   1.6122574529172378     
    12973182           1  0.83882094655530126     
    12973182           2  0.90507117034808116     
    12973182           3   1.2561078830966175     
    12973220           1   1.4282684167786266     
    12973220           2  0.62679854947131364     
    12973220           3  0.94493303375005988     
    12974068           1  0.52487642958108338     
    12974068           2   1.1187264859118697     
    12974068           3   1.3563970845070470     
    12974321           1  0.51907361151801390     
    12974321           2   1.1283847845104029     
    12974321           3   1.3525416039715830     
    12974906           1   1.5661487497811792     
    12974906           2   1.3898752434415325     
    12974906           3   4.3976006777288711E-002
    12975430           1   1.3922539679263339     
    12975430           2  0.69069650929306969     
    12975430           3  0.91704952278059693     
    12975683           1  0.95063492512814896     
    12975683           2  0.40341682610134422     
    12975683           3   1.6459482487705068     
    12975684           1  0.84850600525843023     
    12975684           2  0.91366410401335973     
    12975684           3   1.2378298907282104     
    12976145           1   1.4388968641688729     
    12976145           2  0.79097882031848721     
    12976145           3  0.77012431551264038     
    12976391           1   1.3521048388699546     
    12976391           2  0.66863599756155556     
    12976391           3  0.97925916356848952     
    12976498           1  0.83660914572620038     
    12976498           2  0.66130368319010702     
    12976498           3   1.5020871710836929     
    12976588           1  0.76712063034989741     
    12976588           2  0.88651563593485694     
    12976588           3   1.3463637337152459     
    12976622           1  0.95797251155403274     
    12976622           2  0.39874766292223079     
    12976622           3   1.6432798255237364     
    12977295           1  0.93937268561655440     
    12977295           2  0.36508930403536088     
    12977295           3   1.6955380103480844     
    12977839           1  0.76659763959375182     
    12977839           2  0.87700414804881144     
    12977839           3   1.3563982123574367     
    12977919           1   1.1586425575197590     
    12977919           2  0.50222920909967117     
    12977919           3   1.3391282333805701     
    12979221           1   1.4401863231632830     
    12979221           2  0.64628559632764648     
    12979221           3  0.91352808050907053     
    12979409           1   1.4497154360568627     
    12979409           2  0.26653500378720318     
    12979409           3   1.2837495601559339     
    12979495           1  0.98024194303823098     
    12979495           2   1.1104105697223410     
    12979495           3  0.90934748723942804     
    12980707           1  0.95775316779009534     
    12980707           2  0.37223291971348543     
    12980707           3   1.6700139124964195     
    12980830           1   1.0058859395992816     
    12980830           2  0.83572719840425391     
    12980830           3   1.1583868619964643     
    12980967           1   1.1900373251007654     
    12980967           2  0.58977853938476288     
    12980967           3   1.2201841355144716     
    12980983           1   1.0537664635554311     
    12980983           2   1.5321803426062250     
    12980983           3  0.41405319383834366     
    12981111           1   1.0466021756790016     
    12981111           2   1.4073129200147749     
    12981111           3  0.54608490430622347     
    12981313           1  0.98571558130517845     
    12981313           2   1.9198833913179254     
    12981313           3   9.4401027376896263E-002
    12981385           1   1.4586390278986106     
    12981385           2   1.0117905848088331     
    12981385           3  0.52957038729255645     
    12981585           1  0.81745956040351941     
    12981585           2   1.0985041685404371     
    12981585           3   1.0840362710560436     
    12981701           1   1.1905554101701676     
    12981701           2   1.1788410269453085     
    12981701           3  0.63060356288452402     
    12981832           1   1.6623403302490354     
    12981832           2   1.1720476799131514     
    12981832           3  0.16561198983781317     
    12982135           1  0.84680054874955435     
    12982135           2  0.92411391409791876     
    12982135           3   1.2290855371525273     
    12982208           1   1.3167478034309872     
    12982208           2   1.1041892053959708     
    12982208           3  0.57906299117304239     
    12982369           1  0.99672494117120669     
    12982369           2  0.75817075795924327     
    12982369           3   1.2451043008695504     
    12982519           1  0.94581459298727433     
    12982519           2   1.1278076071711207     
    12982519           3  0.92637779984160507     
    12983119           1   1.3052230328794461     
    12983119           2  0.31711108088396989     
    12983119           3   1.3776658862365840     
    12983885           1   1.4481121102952002     
    12983885           2  0.91092387823722687     
    12983885           3  0.64096401146757265     
    12984228           1   1.5331068900764382     
    12984228           2  0.82429596096843882     
    12984228           3  0.64259714895512277     
    12984345           1  0.84857679368411054     
    12984345           2   1.5445914176254445     
    12984345           3  0.60683178869044474     
    12984529           1   1.0584327564320353     
    12984529           2  0.40082659531823139     
    12984529           3   1.5407406482497332     
    12984657           1   1.2246443496188251     
    12984657           2   1.2916635203698497     
    12984657           3  0.48369213001132483     
    12985214           1  0.69669088282761227     
    12985214           2  0.85501907377449116     
    12985214           3   1.4482900433978967     
    12985510           1   1.3267360087333842     
    12985510           2   1.5340071147629273     
    12985510           3  0.13925687650368837     
    12985582           1   1.5681528497860775     
    12985582           2   1.3916537775575151     
    12985582           3   4.0193372656407378E-002
    12985895           1   1.1686323809220127     
    12985895           2  0.46051532990941263     
    12985895           3   1.3708522891685746     
    12986427           1   1.0692599833653609     
    12986427           2  0.99890303647930823     
    12986427           3  0.93183698015533056     
    12986441           1  0.80709601419940669     
    12986441           2   1.0932901705933171     
    12986441           3   1.0996138152072761     
    12987034           1   1.4140864354054001     
    12987034           2  0.90999343491035112     
    12987034           3  0.67592012968424908     
    12987136           1   1.0679761019898777     
    12987136           2  0.40665380247204236     
    12987136           3   1.5253700955380798     
    12987489           1  0.21307915582072035     
    12987489           2   1.2659096243576435     
    12987489           3   1.5210112198216361     
    12987666           1   1.3451704179383639     
    12987666           2   1.6403112429156854     
    12987666           3   1.4518339145950594E-002
    12988654           1  0.24761879736544518     
    12988654           2   1.2243984396686365     
    12988654           3   1.5279827629659184     
    12988671           1   1.0360544927929949     
    12988671           2  0.86079234689468387     
    12988671           3   1.1031531603123215     
    12988815           1  0.84780795614785520     
    12988815           2  0.44666679343728716     
    12988815           3   1.7055252504148577     
    12989053           1   1.2676975809532431     
    12989053           2  0.25565940577726021     
    12989053           3   1.4766430132694970     
    12989104           1  0.79830393471862027     
    12989104           2  0.74768758610121322     
    12989104           3   1.4540084791801664     
    12989710           1  0.71805654055709900     
    12989710           2  0.51520001482853162     
    12989710           3   1.7667434446143693     
    12989764           1   1.3233840935325678     
    12989764           2  0.93383211315027359     
    12989764           3  0.74278379331715849     
    12990582           1   1.1165925444625115     
    12990582           2   1.3961148181405383     
    12990582           3  0.48729263739695039     
    12990787           1   1.3356503695595832     
    12990787           2  0.83903829122481211     
    12990787           3  0.82531133921560473     
    12990951           1   1.0665680280092138     
    12990951           2  0.53018368298796048     
    12990951           3   1.4032482890028253     
    12991334           1   1.0844839849243488     
    12991334           2   1.7562709719983138     
    12991334           3  0.15924504307733739     
    12991466           1   1.0643674076027867     
    12991466           2  0.75619672583542974     
    12991466           3   1.1794358665617837     
    12991677           1   1.3037006756840936     
    12991677           2  0.22668442424435087     
    12991677           3   1.4696149000715550     
    12992015           1   1.3206344147767592     
    12992015           2  0.51319649369091813     
    12992015           3   1.1661690915323222     
    12992061           1  0.42074020247739796     
    12992061           2   1.6329686097580371     
    12992061           3  0.94629118776456489     
    12992149           1  0.96852620929167998     
    12992149           2   1.4870902020915007     
    12992149           3  0.54438358861681879     
    12992177           1   1.4408092747060084     
    12992177           2   1.1237824446317710     
    12992177           3  0.43540828066222054     
    12992182           1  0.91956209090104579     
    12992182           2   1.4844716314087762     
    12992182           3  0.59596627769017785     
    12992337           1   1.0913119359316374     
    12992337           2  0.28081093372058358     
    12992337           3   1.6278771303477788     
    12992347           1  0.85444546263899701     
    12992347           2   1.0222461768920796     
    12992347           3   1.1233083604689231     
    12992372           1   1.1379914151131336     
    12992372           2   1.3653772570532203     
    12992372           3  0.49663132783364616     
    12992503           1   1.0018436748278921     
    12992503           2   1.9698516108695505     
    12992503           3   2.8304714302557314E-002
    12993214           1   1.0531021171265018     
    12993214           2   1.4744310240517760     
    12993214           3  0.47246685882172246     
    12993258           1   1.2403301748019728     
    12993258           2   1.3082077588520480     
    12993258           3  0.45146206634597930     
    12993297           1  0.93005185699095339     
    12993297           2  0.58067726691959287     
    12993297           3   1.4892708760894540     
    12993412           1   1.3474107368291059     
    12993412           2  0.66378284671814980     
    12993412           3  0.98880641645274447     
    12993611           1  0.95016001516902604     
    12993611           2  0.88019830792174114     
    12993611           3   1.1696416769092326     
    12993675           1   1.6889334348395442     
    12993675           2  0.83390788983984498     
    12993675           3  0.47715867532061074     
    12993866           1   1.2202343452006119     
    12993866           2  0.76672898400044553     
    12993866           3   1.0130366707989427     
    12994061           1   1.2762055438524500     
    12994061           2  0.59685770284894479     
    12994061           3   1.1269367532986054     
    12994075           1   1.3101606129066514     
    12994075           2  0.53291905045873778     
    12994075           3   1.1569203366346106     
    12994237           1   1.4781977194298515     
    12994237           2   1.0179359733461917     
    12994237           3  0.50386630722395631     
    12994260           1   1.1532275896161386     
    12994260           2  0.66743422649479223     
    12994260           3   1.1793381838890689     
    12994348           1   1.4063631783166644     
    12994348           2  0.27869062535319827     
    12994348           3   1.3149461963301374     
    12994500           1   1.4425209749307044     
    12994500           2   1.1225487413831690     
    12994500           3  0.43493028368612680     
    12994603           1   1.4603548037060379     
    12994603           2  0.76179498115213629     
    12994603           3  0.77785021514182573     
    12994695           1   1.1689417271965490     
    12994695           2  0.39995177360323453     
    12994695           3   1.4311064992002163     
    12994852           1   1.0372069179205821     
    12994852           2   1.3787051393521736     
    12994852           3  0.58408794272724429     
    12994890           1   1.2124424320233373     
    12994890           2  0.84595873903834151     
    12994890           3  0.94159882893832114     
    12995006           1   1.3380114679188673     
    12995006           2  0.91287771757413394     
    12995006           3  0.74911081450699912     
    12995051           1   1.3623900880133386     
    12995051           2  0.81051966156540289     
    12995051           3  0.82709025042125828     
    12995138           1   1.8063103375747340     
    12995138           2   1.1031225252422427     
    12995138           3   9.0567137183022978E-002
    12995364           1   1.1612443071819061     
    12995364           2  0.78484900252029077     
    12995364           3   1.0539066902978027     
    12995367           1   1.1764146441615149     
    12995367           2   1.1273321034719910     
    12995367           3  0.69625325236649394     
    12995396           1  0.77532167105931826     
    12995396           2   1.1872686017917524     
    12995396           3   1.0374097271489291     
    12995587           1   1.1006064676091705     
    12995587           2  0.41907848335246167     
    12995587           3   1.4803150490383679     
    12995749           1   1.2946804907400906     
    12995749           2  0.75524628629164281     
    12995749           3  0.95007322296826657     
    12995759           1  0.41384314789179044     
    12995759           2   1.6495840638489709     
    12995759           3  0.93657278825923884     
    12995992           1  0.93029690706185297     
    12995992           2  0.44274939851330120     
    12995992           3   1.6269536944248459     
    12996014           1   1.1188612286145434     
    12996014           2  0.88064230131364940     
    12996014           3   1.0004964700718066     
    12996103           1   1.0271544865942865     
    12996103           2   1.4177844974363880     
    12996103           3  0.55506101596932533     
    12996168           1   1.2141519242022252     
    12996168           2   1.1952569983614092     
    12996168           3  0.59059107743636541     
    12996177           1  0.95410520478968641     
    12996177           2   1.4608030579508744     
    12996177           3  0.58509173725943886     
    12996228           1   1.3751772307116252     
    12996228           2  0.93947413271044833     
    12996228           3  0.68534863657792655     
    12996260           1   1.2668071803448353     
    12996260           2  0.91919717500929499     
    12996260           3  0.81399564464586915     
    12996307           1   1.3222816005099063     
    12996307           2   1.9103456521487741E-003
    12996307           3   1.6758080538379443     
    12996344           1  0.79683227545701241     
    12996344           2  0.59827207781995440     
    12996344           3   1.6048956467230333     
    12996405           1   1.0462302184872050     
    12996405           2   1.4034150924653699     
    12996405           3  0.55035468904742524     
    12996442           1   1.3966663306143647     
    12996442           2  0.33202410964036733     
    12996442           3   1.2713095597452677     
    12996498           1   1.1689656744634942     
    12996498           2  0.87842717216189714     
    12996498           3  0.95260715337460844     
    12996653           1  0.93974705780040968     
    12996653           2  0.58673045918618982     
    12996653           3   1.4735224830134008     
    12996671           1   1.2038371491259257     
    12996671           2  0.95259327159489326     
    12996671           3  0.84356957927918097     
    12996723           1   1.3498438526046470     
    12996723           2  0.57705527320868422     
    12996723           3   1.0731008741866690     
    12996747           1   1.1267501306438168     
    12996747           2   1.5807392041328192     
    12996747           3  0.29251066522336444     
    12996765           1   1.1873987179920604     
    12996765           2  0.53406057078275282     
    12996765           3   1.2785407112251868     
    12996779           1   1.1993830753214172     
    12996779           2  0.28807310306316314     
    12996779           3   1.5125438216154197     
    12996844           1   1.0150616871665286     
    12996844           2   1.8101460155405855     
    12996844           3  0.17479229729288626     
    12996876           1   1.1378470753467158     
    12996876           2   1.2829813853794370     
    12996876           3  0.57917153927384735     
    12996902           1  0.82654750496918949     
    12996902           2   1.0773646656889115     
    12996902           3   1.0960878293418994     
    12996951           1   1.1533408340423557     
    12996951           2  0.88393835642799401     
    12996951           3  0.96272080952965022     
    12996966           1   1.0341096563435586     
    12996966           2   1.4121214303371674     
    12996966           3  0.55376891331927458     
    12997041           1   1.4480291589286196     
    12997041           2  0.73129622442432063     
    12997041           3  0.82067461664705998     
    12997071           1   1.3454317076931634     
    12997071           2  0.97114898306750941     
    12997071           3  0.68341930923932681     
    12997104           1  0.19237475106063090     
    12997104           2   1.5070628784852549     
    12997104           3   1.3005623704541140     
    12997146           1   1.3663438254009757     
    12997146           2  0.57225435721685769     
    12997146           3   1.0614018173821662     
    12997160           1   1.2310991568066074     
    12997160           2  0.92872592947833987     
    12997160           3  0.84017491371505293     
    12997213           1   1.2851764824946168     
    12997213           2  0.91722753406547552     
    12997213           3  0.79759598343990801     
    12997259           1   1.2715195656068983     
    12997259           2  0.37636487443627670     
    12997259           3   1.3521155599568253     
    12997335           1   1.3012029759518562     
    12997335           2  0.24004714020051066     
    12997335           3   1.4587498838476334     
    12997336           1  0.89658249461502959     
    12997336           2  0.46384936059499238     
    12997336           3   1.6395681447899777     
    12997365           1   1.3430161896511270     
    12997365           2   1.6054307097028049     
    12997365           3   5.1553100646068474E-002
    12997366           1   1.2210758531720749     
    12997366           2   1.0294281614599237     
    12997366           3  0.74949598536800166     
    12997387           1   1.3489689435885934     
    12997387           2  0.66455047524471333     
    12997387           3  0.98648058116669324     
    12997480           1   1.4007119458373969     
    12997480           2  0.78021834185218264     
    12997480           3  0.81906971231042014     
    12997570           1   1.5001559685212391     
    12997570           2  0.66924194903581480     
    12997570           3  0.83060208244294653     
    12997603           1   1.0741807731481938     
    12997603           2   1.6801541451875843     
    12997603           3  0.24566508166422135     
    12997615           1  0.77686468827038124     
    12997615           2   1.3309202351741005     
    12997615           3  0.89221507655551813     
    12997623           1   1.0867259092685608     
    12997623           2  0.19324548197962604     
    12997623           3   1.7200286087518128     
    12997631           1  0.74928353065728659     
    12997631           2   1.2011646631441806     
    12997631           3   1.0495518061985323     
    12997670           1   1.3247459486554314     
    12997670           2  0.99105960323191922     
    12997670           3  0.68419444811264951     
    12997717           1  0.80959790421796574     
    12997717           2  0.70752172878713271     
    12997717           3   1.4828803669949013     
    12997755           1   1.4503190099236705     
    12997755           2  0.30808699497240666     
    12997755           3   1.2415939951039225     
    12997767           1  0.96035495330662135     
    12997767           2  0.17423567686461139     
    12997767           3   1.8654093698287675     
    12997814           1   1.0433216620861483     
    12997814           2   1.5404030554482284     
    12997814           3  0.41627528246562351     
    12997837           1   1.4562587925177732     
    12997837           2  0.31129714466135261     
    12997837           3   1.2324440628208739     
    12997865           1   1.3673404639254902     
    12997865           2  0.45614437164920391     
    12997865           3   1.1765151644253060     
    12997936           1   1.2189693173624612     
    12997936           2  0.47243095106838201     
    12997936           3   1.3085997315691571     
    12997984           1   1.3267946719231916     
    12997984           2  0.85851793404733034     
    12997984           3  0.81468739402947832     
    12997985           1   1.2596137493004222     
    12997985           2   1.0147409832719498     
    12997985           3  0.72564526742762792     
    12998039           1   1.4197991483602241     
    12998039           2  0.22389190471143966     
    12998039           3   1.3563089469283360     
    12998048           1  0.52638122717412761     
    12998048           2   1.1133329576520521     
    12998048           3   1.3602858151738204     
    12998054           1   1.0869048034182534     
    12998054           2  0.30581040514568208     
    12998054           3   1.6072847914360644     
    12998063           1   1.2155563382550008     
    12998063           2   1.2883825006690004     
    12998063           3  0.49606116107599890     
    12998091           1   1.0066088977512790     
    12998091           2   1.2718829023677463     
    12998091           3  0.72150819988097492     
    12998138           1   1.3516610668362217     
    12998138           2  0.68229123795689051     
    12998138           3  0.96604769520688794     
    12998145           1   1.2117339343799489     
    12998145           2  0.27426153991245755     
    12998145           3   1.5140045257075934     
    12998150           1  0.74784341536627219     
    12998150           2   1.5484831189335695     
    12998150           3  0.70367346570015832     
    12998175           1  0.97368907015210793     
    12998175           2   1.1140131691969251     
    12998175           3  0.91229776065096646     
    12998188           1  0.53824786568217020     
    12998188           2  0.81412142056199699     
    12998188           3   1.6476307137558328     
    12998274           1  0.96162888044875527     
    12998274           2  0.59496566616372804     
    12998274           3   1.4434054533875167     
    12998318           1   1.1964296853346976     
    12998318           2   1.1738955414112651     
    12998318           3  0.62967477325403753     
    12998365           1   1.4661134416261647     
    12998365           2  0.33881045196091197     
    12998365           3   1.1950761064129232     
    12998414           1   1.2209467073722193     
    12998414           2  0.49447235252231597     
    12998414           3   1.2845809401054646     
    12998435           1  0.69455280986586432     
    12998435           2  0.86160180054021862     
    12998435           3   1.4438453895939170     
    12998447           1  0.80086317217033265     
    12998447           2   1.0180027537187268     
    12998447           3   1.1811340741109406     
    12998480           1   1.3582335089458779     
    12998480           2  0.90936973704402613     
    12998480           3  0.73239675401009574     
    12998485           1   1.1946378442887389     
    12998485           2  0.55452627882257932     
    12998485           3   1.2508358768886814     
    12998570           1  0.94639819558888838     
    12998570           2  0.39848930320618514     
    12998570           3   1.6551125012049259     
    12998595           1   1.5518030202368049     
    12998595           2   1.0398862310842389     
    12998595           3  0.40831074867895562     
    12998599           1   1.2351511005537812     
    12998599           2  0.49001105930633210     
    12998599           3   1.2748378401398863     
    12998609           1   1.2657065693256626     
    12998609           2  0.99191711364816149     
    12998609           3  0.74237631702617635     
    12998616           1   1.3978783310694851     
    12998616           2  0.87304730250698293     
    12998616           3  0.72907436642353207     
    12998630           1  0.22378670300180628     
    12998630           2   1.2265192864820917     
    12998630           3   1.5496940105161023     
    12998632           1   1.4207501457108309     
    12998632           2   1.1382400069130847     
    12998632           3  0.44100984737608429     
    12998646           1  0.88203709041190514     
    12998646           2   1.3708021444932184     
    12998646           3  0.74716076509487639     
    12998678           1   1.1042875207622802     
    12998678           2   1.0523565924794938     
    12998678           3  0.84335588675822570     
    12998719           1   1.1313596522325238     
    12998719           2  0.98049169368493461     
    12998719           3  0.88814865408254129     
    12998728           1   1.5307477028358605     
    12998728           2  0.82302751156927167     
    12998728           3  0.64622478559486773     
    12998746           1  0.82087019635830760     
    12998746           2   1.0213019984377927     
    12998746           3   1.1578278052038997     
    12998759           1   1.1663647680589351     
    12998759           2  0.47791087625586554     
    12998759           3   1.3557243556851994     
    12998786           1   1.2427099745843377     
    12998786           2  0.57592009758753171     
    12998786           3   1.1813699278281307     
    12998789           1  0.98517263908529518     
    12998789           2  0.87586666097475874     
    12998789           3   1.1389606999399460     
    12998794           1  0.82741882773971576     
    12998794           2   1.4009516336356478     
    12998794           3  0.77162953862463657     
    12998805           1   1.0953453141702618     
    12998805           2  0.89236925538967449     
    12998805           3   1.0122854304400637     
    12998806           1   1.1559014442637257     
    12998806           2  0.39296491182669102     
    12998806           3   1.4511336439095834     
    12998811           1   1.4127910315613261     
    12998811           2  0.44677067596935577     
    12998811           3   1.1404382924693184     
    12998812           1   1.4768830503117485     
    12998812           2   1.3556797811686605     
    12998812           3  0.16743716851959092     
    12998829           1   1.4342609273083993     
    12998829           2   1.1285021480826722     
    12998829           3  0.43723692460892838     
    12998830           1   1.0413344105878195     
    12998830           2  0.87216438857545830     
    12998830           3   1.0865012008367221     
    12998834           1   1.3247897721136956     
    12998834           2  0.56867843043138810     
    12998834           3   1.1065317974549160     
    12998857           1   1.3721358268255059     
    12998857           2   1.1349988838952845     
    12998857           3  0.49286528927920992     
    12998870           1   1.0329123976445425     
    12998870           2   1.7952935036329070     
    12998870           3  0.17179409872255069     
    12998877           1   1.0763632067268929     
    12998877           2  0.12512703968519570     
    12998877           3   1.7985097535879111     
    12998883           1  0.92314124523915886     
    12998883           2  0.62940311818559758     
    12998883           3   1.4474556365752433     
    12998898           1  0.83495150795135786     
    12998898           2   1.9573637690662253     
    12998898           3  0.20768472298241678     
    12998920           1   1.1340422061000752     
    12998920           2  0.16342755416178251     
    12998920           3   1.7025302397381419     
    12998924           1  0.97324910642171913     
    12998924           2   1.9311048690095838     
    12998924           3   9.5646024568696961E-002
    12998929           1   1.4788640309781391     
    12998929           2  0.47084931317584994     
    12998929           3   1.0502866558460104     
    12998939           1   1.0488704076745377     
    12998939           2  0.93253823287405146     
    12998939           3   1.0185913594514104     
    12998961           1  0.77237207105058969     
    12998961           2   1.1941648781987728     
    12998961           3   1.0334630507506379     
    12998982           1   1.5297199995159343     
    12998982           2  0.83853898397318127     
    12998982           3  0.63174101651088432     
    12998987           1  0.98497018453496854     
    12998987           2  0.88666601724021288     
    12998987           3   1.1283637982248185     
    12998996           1   1.3836541965605260     
    12998996           2   1.1180904576801804     
    12998996           3  0.49825534575929381     
    12999005           1   1.2995067364723980     
    12999005           2  0.71793215808849731     
    12999005           3  0.98256110543910435     
    12999011           1   1.0958318319962963     
    12999011           2   1.3518639075135677     
    12999011           3  0.55230426049013603     
    12999021           1   1.3171674444279668     
    12999021           2  0.75370105408087007     
    12999021           3  0.92913150149116308     
    12999026           1   1.3429135548190942     
    12999026           2   1.1553735850888625     
    12999026           3  0.50171286009204319     
    12999037           1  0.84272364335517125     
    12999037           2  0.91966478495295823     
    12999037           3   1.2376115716918701     
    12999043           1  0.42349818232769026     
    12999043           2   1.6434255855152262     
    12999043           3  0.93307623215708346     
    12999048           1   1.0891107528224764     
    12999048           2   1.0529484342044355     
    12999048           3  0.85794081297308811     
    12999051           1  0.85719757523010642     
    12999051           2  0.49580233708820326     
    12999051           3   1.6470000876816906     
    12999061           1  0.78003509360782297     
    12999061           2   1.1173404439352135     
    12999061           3   1.1026244624569634     
    12999066           1   1.0569002765276805     
    12999066           2   1.7719917034703940     
    12999066           3  0.17110802000192593     
    12999069           1   1.0878385690867718     
    12999069           2  0.41421684415095100     
    12999069           3   1.4979445867622772     
    12999072           1   1.2274958485495577     
    12999072           2  0.95587136183072474     
    12999072           3  0.81663278961971730     
    12999073           1   1.0949326091299887     
    12999073           2  0.67398761073861491     
    12999073           3   1.2310797801313964     
    12999074           1   1.1471531141371487     
    12999074           2   1.0285608479915285     
    12999074           3  0.82428603787132271     
    12999081           1  0.27089491742983268     
    12999081           2   1.4768500441264940     
    12999081           3   1.2522550384436733     
    12999082           1   1.1378982883374695     
    12999082           2   1.5271833713017335     
    12999082           3  0.33491834036079732     
    12999084           1   1.4790699861731913     
    12999084           2  0.77062392644751343     
    12999084           3  0.75030608737929516     
    12999087           1   1.6626982561322879E-002
    12999087           2   1.3378148131271634     
    12999087           3   1.6455582043115138     
    12999089           1   1.0795678331974623     
    12999089           2   1.0729415247656855     
    12999089           3  0.84749064203685220     
    12999092           1   1.4450022186550611     
    12999092           2  0.22441102089954296     
    12999092           3   1.3305867604453956     
    12999093           1   1.4661407650921190     
    12999093           2   1.3655973552871068     
    12999093           3  0.16826187962077463     
    12999096           1   1.3305107282274831     
    12999096           2  0.93886094821737653     
    12999096           3  0.73062832355514062     
    12999098           1   1.3316945235995077     
    12999098           2  0.23462681904169280     
    12999098           3   1.4336786573587996     
    12999099           1   1.0853655480455475     
    12999099           2  0.74799334823483721     
    12999099           3   1.1666411037196154     
    12999105           1   1.2272820843199792     
    12999105           2   1.4000719021025974     
    12999105           3  0.37264601357742327     
    12999106           1   1.3554680431236505     
    12999106           2   1.5783548248555463     
    12999106           3   6.6177132020803039E-002
    12999108           1   1.0807090780389224     
    12999108           2  0.99297964164840125     
    12999108           3  0.92631128031267684     
    12999109           1   1.2215049189442455     
    12999109           2  0.56855612745089701     
    12999109           3   1.2099389536048577     
    12999110           1  0.85984112951388969     
    12999110           2  0.49733136660251032     
    12999110           3   1.6428275038836000     
    12999111           1  0.95565924100078603     
    12999111           2  0.59681213364914365     
    12999111           3   1.4475286253500703     
    12999112           1  0.59027332468182858     
    12999112           2   1.6230291448737615     
    12999112           3  0.78669753044441004     
    12999113           1   1.3339393009091904     
    12999113           2  0.86352318800453398     
    12999113           3  0.80253751108627558     
    12999114           1   1.0739855780216185     
    12999114           2  0.39761579510206763     
    12999114           3   1.5283986268763139     
    12999115           1  0.86236370899464387     
    12999115           2  0.49879042439524024     
    12999115           3   1.6388458666101158     
    12999116           1   1.6580730500567629     
    12999116           2   1.1764740968839882     
    12999116           3  0.16545285305924859     
    12999118           1  0.46490914025361491     
    12999118           2  0.99237849918581200     
    12999118           3   1.5427123605605728     
    12999119           1   1.5351624083847357     
    12999119           2  0.90538842944632125     
    12999119           3  0.55944916216894314     
    12999120           1   1.5659573416090826     
    12999120           2   1.3939055588703462     
    12999120           3   4.0137099520571047E-002
    12999121           1   1.2164781708825483     
    12999121           2  0.85464120592989634     
    12999121           3  0.92888062318755582     
    12999123           1   1.0145182612995616     
    12999123           2  0.84694374221866930     
    12999123           3   1.1385379964817692     
    12999125           1   1.1800275752347795     
    12999125           2  0.33855052356241616     
    12999125           3   1.4814219012028045     
    12999127           1   1.4705176386488477     
    12999127           2  0.67863605689526774     
    12999127           3  0.85084630445588472     
    12999129           1   1.0171134906667192     
    12999129           2  0.84505546260314335     
    12999129           3   1.1378310467301374     
    12999132           1   1.4044929293656079     
    12999132           2  0.30710381513604806     
    12999132           3   1.2884032554983440     
    12999133           1   1.1678074260858644     
    12999133           2  0.16829348180391923     
    12999133           3   1.6638990921102161     
    12999134           1  0.84188978635845424     
    12999134           2   1.0395850619400884     
    12999134           3   1.1185251517014576     
    12999138           1  0.76441391548740467     
    12999138           2   1.5163208237801691     
    12999138           3  0.71926526073242636     
    12999141           1   1.2975622391400492     
    12999141           2  0.70508957471645195     
    12999141           3  0.99734818614349896     
    12999142           1   1.2288933666284776     
    12999142           2  0.92706190873550087     
    12999142           3  0.84404472463602176     
    12999143           1   1.2499243059903216     
    12999143           2  0.26630243097213974     
    12999143           3   1.4837732630375389     
    12999144           1   1.1964808509813174     
    12999144           2  0.48144855210460763     
    12999144           3   1.3220705969140751     
    12999145           1   1.4545530406479188     
    12999145           2  0.64460968488972437     
    12999145           3  0.90083727446235695     
    12999146           1   1.2961582981443309     
    12999146           2  0.92889640954571517     
    12999146           3  0.77494529230995435     
    12999147           1  0.87217432000353889     
    12999147           2   1.7140179502014061     
    12999147           3  0.41380772979505520     
