    11004658           1  0.84628621298756557     
    11004658           2   1.2421665597358404     
    11004658           3  0.91154722727659365     
    11143645           1  0.96341391697580470     
    11143645           2  0.84742770632541509     
    11143645           3   1.1891583766987803     
    11294379           1   1.0152871552995435     
    11294379           2   1.2492010566586649     
    11294379           3  0.73551178804179174     
    11520055           1   1.0006191794236399     
    11520055           2   1.1680562426243211     
    11520055           3  0.83132457795203907     
    11522779           1   1.0074435441347043     
    11522779           2  0.93775861658265047     
    11522779           3   1.0547978392826451     
    11829049           1   1.1864858733212007     
    11829049           2  0.87781227028319719     
    11829049           3  0.93570185639560199     
    11889261           1   1.0969698552540477     
    11889261           2  0.92411476979323404     
    11889261           3  0.97891537495271830     
    11891638           1   1.0200740502762147     
    11891638           2   1.0086971794751740     
    11891638           3  0.97122877024861165     
    11891855           1   1.2710348302069285     
    11891855           2  0.61333056210691517     
    11891855           3   1.1156346076861565     
    11910822           1  0.73933101389325517     
    11910822           2   1.0819794604253590     
    11910822           3   1.1786895256813859     
    11948372           1  0.96795039806918992     
    11948372           2  0.80789805511041413     
    11948372           3   1.2241515468203961     
    11958965           1   1.2532693441596174     
    11958965           2  0.79640989580684418     
    11958965           3  0.95032076003353838     
    12017350           1  0.91202508143702532     
    12017350           2   1.0242143195595363     
    12017350           3   1.0637605990034382     
    12041840           1  0.75153117533590219     
    12041840           2   1.1913879960886526     
    12041840           3   1.0570808285754452     
    12081540           1  0.55587035598445389     
    12081540           2   1.2974637391268786     
    12081540           3   1.1466659048886672     
    12096118           1  0.85193918446768946     
    12096118           2   1.0915628082963271     
    12096118           3   1.0564980072359833     
    12153747           1  0.68931548592979297     
    12153747           2   1.1286986751166923     
    12153747           3   1.1819858389535145     
    12164471           1   1.0301352620619140     
    12164471           2  0.98361566513958276     
    12164471           3  0.98624907279850305     
    12176778           1   1.1162196808919460     
    12176778           2  0.69273058267078369     
    12176778           3   1.1910497364372705     
    12217365           1   1.0126300762114511     
    12217365           2   1.0007735933742348     
    12217365           3  0.98659633041431427     
    12237220           1   1.1787862011269317     
    12237220           2  0.80678491719673995     
    12237220           3   1.0144288816763287     
    12268874           1   1.0749774972948982     
    12268874           2   1.0418522046910630     
    12268874           3  0.88317029801403901     
    12277082           1   1.1043968846705858     
    12277082           2   1.0271665119135331     
    12277082           3  0.86843660341588091     
    12291223           1  0.89594608417972832     
    12291223           2   1.4786325619146461     
    12291223           3  0.62542135390562537     
    12299200           1   1.0820203184234114     
    12299200           2  0.50617575192600350     
    12299200           3   1.4118039296505855     
    12301064           1   1.1396401206357523     
    12301064           2   1.1113220174806591     
    12301064           3  0.74903786188358867     
    12337710           1   1.0992343192231702     
    12337710           2   1.0040933693511116     
    12337710           3  0.89667231142571846     
    12339871           1   1.1234269048711363     
    12339871           2   1.2336224085020187     
    12339871           3  0.64295068662684529     
    12356355           1  0.99080177343996889     
    12356355           2   1.0357097829967385     
    12356355           3  0.97348844356329212     
    12359641           1  0.80000088662447000     
    12359641           2  0.95165184967230010     
    12359641           3   1.2483472637032302     
    12364587           1   1.0180915815944982     
    12364587           2   1.0067368212373542     
    12364587           3  0.97517159716814772     
    12369764           1  0.81817625431914709     
    12369764           2   1.1587849363118861     
    12369764           3   1.0230388093689673     
    12382669           1   1.0670309133126554     
    12382669           2  0.75147124364479656     
    12382669           3   1.1814978430425482     
    12399127           1   1.0026213984576695     
    12399127           2   1.0575475204144389     
    12399127           3  0.93983108112789171     
    12413920           1   1.1884133324114925     
    12413920           2  0.81882188532503797     
    12413920           3  0.99276478226346987     
    12420243           1   1.1331594511227063     
    12420243           2  0.79432135418592742     
    12420243           3   1.0725191946913664     
    12454781           1   1.3802935096686455     
    12454781           2  0.58808470367138177     
    12454781           3   1.0316217866599731     
    12457229           1  0.85539063360633394     
    12457229           2  0.82484394629967073     
    12457229           3   1.3197654200939954     
    12465418           1  0.85011930976046757     
    12465418           2   1.1914971105413450     
    12465418           3  0.95838357969818733     
    12476703           1  0.95503794421293065     
    12476703           2   1.2178678081101033     
    12476703           3  0.82709424767696627     
    12481792           1   1.1690208694543842     
    12481792           2   1.1840837912493438     
    12481792           3  0.64689533929627197     
    12492788           1  0.96881950580625520     
    12492788           2   1.3053565677119676     
    12492788           3  0.72582392648177751     
    12497187           1  0.99866777930429207     
    12497187           2   1.0097863478389502     
    12497187           3  0.99154587285675799     
    12500327           1  0.82756341344336681     
    12500327           2   1.1694965631195491     
    12500327           3   1.0029400234370842     
    12505546           1  0.84856873004927769     
    12505546           2   1.1842520238658216     
    12505546           3  0.96717924608490058     
    12517132           1   1.2246962649247306     
    12517132           2  0.84766442648359652     
    12517132           3  0.92763930859167332     
    12519524           1   1.2602067981252045     
    12519524           2  0.77615789793899281     
    12519524           3  0.96363530393580266     
    12521717           1   1.1012655216317424     
    12521717           2   1.0769151211817951     
    12521717           3  0.82181935718646215     
    12522286           1  0.92096267181461955     
    12522286           2  0.87430929312112993     
    12522286           3   1.2047280350642502     
    12526100           1  0.87701824479717261     
    12526100           2  0.86033778755707302     
    12526100           3   1.2626439676457548     
    12534709           1   1.0778860491158626     
    12534709           2   1.1260451520839880     
    12534709           3  0.79606879880014969     
    12545175           1  0.91878739746308780     
    12545175           2  0.90116505191408980     
    12545175           3   1.1800475506228225     
    12562776           1   1.2342734076388233     
    12562776           2  0.95653030946034068     
    12562776           3  0.80919628290083656     
    12564708           1   1.2085593551555878     
    12564708           2  0.71067566651450731     
    12564708           3   1.0807649783299051     
    12575625           1  0.92702394755421935     
    12575625           2   1.1431885916842286     
    12575625           3  0.92978746076155250     
    12576583           1   1.4387330611319431     
    12576583           2   1.1750348894203120     
    12576583           3  0.38623204944774497     
    12577009           1  0.92963955970847989     
    12577009           2   1.1620955360402683     
    12577009           3  0.90826490425125173     
    12588540           1   1.1355047358321884     
    12588540           2  0.89294464102332993     
    12588540           3  0.97155062314448171     
    12600009           1   1.2693373819447149     
    12600009           2   1.0984672868307965     
    12600009           3  0.63219533122448879     
    12625048           1   1.2446514536315123     
    12625048           2  0.97929936159614583     
    12625048           3  0.77604918477234175     
    12642942           1  0.81908901143591273     
    12642942           2   1.0223225229244126     
    12642942           3   1.1585884656396743     
    12642961           1  0.92264889312189002     
    12642961           2  0.97514053029849368     
    12642961           3   1.1022105765796162     
    12648183           1   1.0616023603957612     
    12648183           2   1.1448276230223808     
    12648183           3  0.79357001658185788     
    12651678           1   1.0278014851755422     
    12651678           2   1.0270897417649774     
    12651678           3  0.94510877305948060     
    12652388           1  0.82460918237425007     
    12652388           2   1.1479314307629589     
    12652388           3   1.0274593868627910     
    12671784           1   1.0063674003610472     
    12671784           2   1.0001878575670997     
    12671784           3  0.99344474207185285     
    12672460           1  0.92152318430845648     
    12672460           2  0.98603464281169162     
    12672460           3   1.0924421728798521     
    12678289           1  0.96338856125641759     
    12678289           2  0.84740540320238156     
    12678289           3   1.1892060355412009     
    12682590           1  0.80757168264798751     
    12682590           2  0.88297434193012281     
    12682590           3   1.3094539754218897     
    12685313           1  0.99311716912319070     
    12685313           2   1.3016169726039761     
    12685313           3  0.70526585827283306     
    12704560           1  0.90603321224854105     
    12704560           2   1.0294713101595874     
    12704560           3   1.0644954775918718     
    12706450           1   1.0903284619848608     
    12706450           2  0.77651521932657008     
    12706450           3   1.1331563186885691     
    12706555           1  0.98968043155181351     
    12706555           2   1.1580790464335882     
    12706555           3  0.85224052201459799     
    12710952           1   1.2141379653308453     
    12710952           2  0.98986665601638901     
    12710952           3  0.79599537865276582     
    12711547           1  0.99329334062219565     
    12711547           2  0.92202354877440895     
    12711547           3   1.0846831106033954     
    12715285           1   1.0244365233555264     
    12715285           2   1.1883378209104112     
    12715285           3  0.78722565573406245     
    12715584           1  0.58851276008607489     
    12715584           2   1.0941754296731863     
    12715584           3   1.3173118102407388     
    12720281           1  0.99224959198054863     
    12720281           2   1.1422382088143530     
    12720281           3  0.86551219920509836     
    12722559           1   1.1373806224184462     
    12722559           2   1.4140338127461829     
    12722559           3  0.44858556483537121     
    12724024           1   1.1833719189057701     
    12724024           2  0.78928866205566484     
    12724024           3   1.0273394190385654     
    12728220           1   1.2905723397571014     
    12728220           2   1.0436526900419816     
    12728220           3  0.66577497020091747     
    12730487           1   1.1944315386642688     
    12730487           2  0.87396625528331273     
    12730487           3  0.93160220605241850     
    12737228           1  0.98153266711057618     
    12737228           2   1.2493424115877489     
    12737228           3  0.76912492130167487     
    12743241           1  0.73842856035752236     
    12743241           2   1.0980224932322113     
    12743241           3   1.1635489464102660     
    12744208           1   1.2142278637937995     
    12744208           2  0.97496335123255207     
    12744208           3  0.81080878497364850     
    12744490           1   1.2800774541370146     
    12744490           2  0.38722259511856061     
    12744490           3   1.3326999507444250     
    12751946           1   1.2721397101294667     
    12751946           2  0.93601735677775155     
    12751946           3  0.79184293309278209     
    12753592           1   1.2048849991046784     
    12753592           2  0.97870325157725246     
    12753592           3  0.81641174931806915     
    12755182           1  0.98386253692177927     
    12755182           2  0.94269850716809667     
    12755182           3   1.0734389559101241     
    12757067           1  0.89937389493368203     
    12757067           2   1.1628960305131852     
    12757067           3  0.93773007455313273     
    12761208           1   1.0880693630041987     
    12761208           2   1.1982552988258712     
    12761208           3  0.71367533816993012     
    12762145           1  0.65587861202473674     
    12762145           2  0.81847112476369499     
    12762145           3   1.5256502632115683     
    12766497           1   1.2554919637862183     
    12766497           2  0.70473690272865674     
    12766497           3   1.0397711334851250     
    12767637           1   1.0162734944972098     
    12767637           2   1.0537928654531836     
    12767637           3  0.92993364004960666     
    12767826           1   1.0887994392462164     
    12767826           2   1.1700207325533181     
    12767826           3  0.74117982820046580     
    12768185           1   1.0876204704474031     
    12768185           2  0.90525137967864666     
    12768185           3   1.0071281498739504     
    12770557           1   1.1022921762919284     
    12770557           2  0.78503559329002814     
    12770557           3   1.1126722304180432     
    12770847           1  0.89316058518156394     
    12770847           2   1.0354271637095591     
    12770847           3   1.0714122511088766     
    12772230           1  0.94338327053513549     
    12772230           2   1.2245638663865592     
    12772230           3  0.83205286307830506     
    12773790           1   1.0850099001547182     
    12773790           2   1.2188336774001913     
    12773790           3  0.69615642244509091     
    12781336           1  0.86644173693742332     
    12781336           2   1.1761139011808772     
    12781336           3  0.95744436188169935     
    12782396           1  0.95688487373556164     
    12782396           2   1.1113111661936650     
    12782396           3  0.93180396007077348     
    12782885           1   1.2332980102124929     
    12782885           2   1.0653484176678207     
    12782885           3  0.70135357211968608     
    12786689           1  0.92963618485726285     
    12786689           2  0.88254343038778871     
    12786689           3   1.1878203847549484     
    12788606           1  0.90998102220828792     
    12788606           2   1.0428169381975614     
    12788606           3   1.0472020395941504     
    12791292           1   1.0724869892766351     
    12791292           2  0.62519872183538205     
    12791292           3   1.3023142888879831     
    12797704           1   1.2212004693039265     
    12797704           2  0.97115657505033548     
    12797704           3  0.80764295564573829     
    12798495           1  0.97633882052812881     
    12798495           2  0.97508998342015629     
    12798495           3   1.0485711960517148     
    12806289           1   1.0311385044138586     
    12806289           2  0.96612324857387921     
    12806289           3   1.0027382470122621     
    12807325           1   1.2133389911002999     
    12807325           2  0.98020150235509318     
    12807325           3  0.80645950654460707     
    12809252           1  0.90163835917165369     
    12809252           2  0.91732964289626284     
    12809252           3   1.1810319979320834     
    12810114           1   1.0983102587234383     
    12810114           2  0.80219527040665006     
    12810114           3   1.0994944708699119     
    12811022           1  0.98925739735250440     
    12811022           2  0.95047524527889071     
    12811022           3   1.0602673573686052     
    12813824           1   1.0963175272074310     
    12813824           2   1.0014290315738399     
    12813824           3  0.90225344121872941     
    12816103           1  0.99519997761594825     
    12816103           2  0.96732139765230374     
    12816103           3   1.0374786247317480     
    12816106           1   1.3215069504217776     
    12816106           2  0.77842372446591568     
    12816106           3  0.90006932511230664     
    12818642           1  0.94719780944926857     
    12818642           2  0.81984878162897901     
    12818642           3   1.2329534089217520     
    12818967           1  0.89407792508595896     
    12818967           2   1.1813541925065369     
    12818967           3  0.92456788240750387     
    12819267           1  0.91686911864043119     
    12819267           2   1.0371068410237025     
    12819267           3   1.0460240403358660     
    12821900           1  0.81977906598268369     
    12821900           2   1.1610550022074024     
    12821900           3   1.0191659318099142     
    12826120           1   1.1368106313740372     
    12826120           2   1.1142528168946884     
    12826120           3  0.74893655173127416     
    12826579           1  0.91267128550805998     
    12826579           2   1.1584315466692425     
    12826579           3  0.92889716782269716     
    12831191           1  0.93768946042663248     
    12831191           2  0.96428795286832991     
    12831191           3   1.0980225867050377     
    12832095           1   1.1493501430952677     
    12832095           2  0.76355006747986498     
    12832095           3   1.0870997894248675     
    12832646           1  0.88279476701509807     
    12832646           2   1.1978732629152036     
    12832646           3  0.91933197006969813     
    12833036           1  0.90261894603906279     
    12833036           2  0.99500286111889802     
    12833036           3   1.1023781928420395     
    12834226           1   1.0187515769464770     
    12834226           2   1.1598509764894760     
    12834226           3  0.82139744656404723     
    12835762           1   1.2159290587295075     
    12835762           2  0.97212617198948725     
    12835762           3  0.81194476928100501     
    12836246           1  0.91351016861656320     
    12836246           2  0.88546375140999722     
    12836246           3   1.2010260799734396     
    12839398           1   1.0098502850631805     
    12839398           2   1.0161658142406715     
    12839398           3  0.97398390069614804     
    12843025           1   1.0225102115865412     
    12843025           2   1.0111061703144248     
    12843025           3  0.96638361809903350     
    12843273           1  0.88324831082032440     
    12843273           2   1.1598930940448313     
    12843273           3  0.95685859513484406     
    12845286           1  0.81105281597987333     
    12845286           2  0.81840071453056129     
    12845286           3   1.3705464694895657     
    12845752           1   1.3617722811360795     
    12845752           2  0.62044856982852792     
    12845752           3   1.0177791490353927     
    12846525           1   1.2840360186912048     
    12846525           2  0.82621938189124544     
    12846525           3  0.88974459941754980     
    12849770           1   1.0022357797179129     
    12849770           2  0.93410761052888269     
    12849770           3   1.0636566097532045     
    12850864           1  0.67170333035023799     
    12850864           2   1.1415559031426707     
    12850864           3   1.1867407665070913     
    12851910           1  0.81724959929403151     
    12851910           2   1.0758980288672337     
    12851910           3   1.1068523718387346     
    12855701           1  0.83404733245944762     
    12855701           2   1.0951733203089762     
    12855701           3   1.0707793472315761     
    12855801           1  0.87884980326097262     
    12855801           2   1.0610403407755085     
    12855801           3   1.0601098559635187     
    12861857           1   1.1403547295255017     
    12861857           2  0.89427971696465813     
    12861857           3  0.96536555350984021     
    12862724           1  0.75103362324210965     
    12862724           2   1.2352458789052205     
    12862724           3   1.0137204978526697     
    12862872           1  0.84654729336530332     
    12862872           2   1.1864906988944390     
    12862872           3  0.96696200774025753     
    12869073           1  0.79666041140314248     
    12869073           2   1.0957940243180693     
    12869073           3   1.1075455642787879     
    12869405           1  0.90126890943755511     
    12869405           2  0.95106167267238562     
    12869405           3   1.1476694178900595     
    12870482           1   1.0050356707408070     
    12870482           2  0.93317786734454211     
    12870482           3   1.0617864619146506     
    12874288           1   1.0384613780350256     
    12874288           2  0.71385954175132882     
    12874288           3   1.2476790802136453     
    12875257           1  0.94750280986327062     
    12875257           2   1.2333437642987126     
    12875257           3  0.81915342583801687     
    12875918           1   1.0693305848081784     
    12875918           2   1.0449084018086132     
    12875918           3  0.88576101338320878     
    12879783           1   1.0035281325771190     
    12879783           2   1.2347328507590323     
    12879783           3  0.76173901666384858     
    12883236           1   1.1217041123164622     
    12883236           2  0.90714076892876694     
    12883236           3  0.97115511875477067     
    12883417           1   1.0303230291241701     
    12883417           2  0.75101721726125237     
    12883417           3   1.2186597536145773     
    12883733           1  0.87689325094016946     
    12883733           2   1.0722135830376476     
    12883733           3   1.0508931660221825     
    12884878           1  0.98916145643940301     
    12884878           2  0.94961602023780178     
    12884878           3   1.0612225233227957     
    12886643           1   1.0384220139111313     
    12886643           2  0.96208358622495782     
    12886643           3  0.99949439986391064     
    12888370           1   1.0717413081455935     
    12888370           2  0.99376391948961917     
    12888370           3  0.93449477236478729     
    12888842           1   1.0051725455393592     
    12888842           2  0.99396187100033162     
    12888842           3   1.0008655834603093     
    12892326           1   1.1409725953863141     
    12892326           2   1.4184994868845688     
    12892326           3  0.44052791772911742     
    12892440           1   1.1189677815297208     
    12892440           2   1.0575681876014287     
    12892440           3  0.82346403086885001     
    12892713           1  0.99520245981165456     
    12892713           2   1.0305811438234795     
    12892713           3  0.97421639636486590     
    12893899           1   1.0776982891012505     
    12893899           2   1.0422298580550011     
    12893899           3  0.88007185284374834     
    12895949           1   1.1029226225297726     
    12895949           2   1.1113778051743208     
    12895949           3  0.78569957229590648     
    12895981           1  0.93153599461690784     
    12895981           2  0.99674840238296503     
    12895981           3   1.0717156030001274     
    12896231           1  0.82423384682806977     
    12896231           2  0.93530138471061564     
    12896231           3   1.2404647684613141     
    12897093           1  0.99897236176597204     
    12897093           2  0.92729509446429514     
    12897093           3   1.0737325437697325     
    12898571           1  0.99114242031584010     
    12898571           2  0.91922095222114553     
    12898571           3   1.0896366274630143     
    12900341           1   1.0002986141080310     
    12900341           2   1.0279614276583413     
    12900341           3  0.97173995823362747     
    12900442           1   1.0638158146134706     
    12900442           2  0.61228532171205341     
    12900442           3   1.3238988636744760     
    12900650           1  0.97474679263286423     
    12900650           2  0.96779827500190474     
    12900650           3   1.0574549323652314     
    12901794           1   1.1327562276586876     
    12901794           2  0.99674329357871105     
    12901794           3  0.87050047876260150     
    12902057           1  0.83277326520660055     
    12902057           2   1.0305859854270649     
    12902057           3   1.1366407493663346     
    12903957           1  0.76864407577424043     
    12903957           2   1.2219589850957868     
    12903957           3   1.0093969391299726     
    12904737           1  0.91443253750436759     
    12904737           2  0.91111309027488929     
    12904737           3   1.1744543722207430     
    12904755           1   1.0266492691101099     
    12904755           2  0.75903627806644403     
    12904755           3   1.2143144528234466     
    12904986           1   1.0568765109667113     
    12904986           2  0.77320709257593401     
    12904986           3   1.1699163964573547     
    12906045           1  0.69812681969525980     
    12906045           2   1.2921537477875380     
    12906045           3   1.0097194325172016     
    12906925           1  0.94316389974458870     
    12906925           2  0.98081326007873115     
    12906925           3   1.0760228401766803     
    12908155           1  0.91899942413110303     
    12908155           2   1.0091052982114272     
    12908155           3   1.0718952776574699     
    12909314           1   1.3060371190715361     
    12909314           2  0.33423609359085554     
    12909314           3   1.3597267873376080     
    12909373           1  0.47826608540157628     
    12909373           2   1.4480826389386747     
    12909373           3   1.0736512756597494     
    12909944           1  0.84029886675445342     
    12909944           2   1.2276276185938220     
    12909944           3  0.93207351465172505     
    12911514           1   1.1033226559120795     
    12911514           2  0.89781853236136033     
    12911514           3  0.99885881172656033     
    12914274           1   1.0933666647131981     
    12914274           2   1.2282211549490387     
    12914274           3  0.67841218033776396     
    12916129           1  0.98620676051063716     
    12916129           2   1.0160736431354918     
    12916129           3  0.99771959635387120     
    12916965           1  0.85021699805032802     
    12916965           2   1.1914429701810774     
    12916965           3  0.95834003176859495     
    12917184           1  0.90818478149396820     
    12917184           2  0.90220823687235274     
    12917184           3   1.1896069816336790     
    12917388           1  0.97205606375260267     
    12917388           2   1.2296491757020458     
    12917388           3  0.79829476054535142     
    12918072           1   1.0014692736159836     
    12918072           2   1.0552624212705697     
    12918072           3  0.94326830511344673     
    12919317           1   1.0010344996561746     
    12919317           2   1.2286124905973559     
    12919317           3  0.77035300974646925     
    12920371           1   1.0881258562115408     
    12920371           2  0.77494655725381634     
    12920371           3   1.1369275865346431     
    12920792           1   1.0971155687302589     
    12920792           2   1.0792688715785543     
    12920792           3  0.82361555969118627     
    12921881           1   1.0117413394459196     
    12921881           2   1.2107885867912365     
    12921881           3  0.77747007376284416     
    12922096           1  0.90581306365480674     
    12922096           2  0.90328052894569155     
    12922096           3   1.1909064073995015     
    12927468           1  0.69084810198280711     
    12927468           2   1.2786816649139152     
    12927468           3   1.0304702331032773     
    12927645           1  0.92723360737222360     
    12927645           2   1.2069597850224418     
    12927645           3  0.86580660760533457     
    12928124           1   1.2227658185816432     
    12928124           2   1.0562504919470401     
    12928124           3  0.72098368947131664     
    12928235           1  0.81225798467265209     
    12928235           2   1.0693266358232405     
    12928235           3   1.1184153795041076     
    12928248           1   1.0332790444479889     
    12928248           2   1.0242371156746770     
    12928248           3  0.94248383987733408     
    12930065           1  0.84156863616266009     
    12930065           2  0.98405341317665196     
    12930065           3   1.1743779506606880     
    12931844           1   1.0159467228767922     
    12931844           2   1.0770574091615392     
    12931844           3  0.90699586796166864     
    12933918           1   1.1526774816119543     
    12933918           2  0.78891558593729150     
    12933918           3   1.0584069324507546     
    12934352           1   1.4020514673995101     
    12934352           2   1.1017297491681668     
    12934352           3  0.49621878343232340     
    12934854           1  0.97008272034918019     
    12934854           2  0.97596567322696726     
    12934854           3   1.0539516064238530     
    12935452           1   1.0634752860626329     
    12935452           2  0.75896393201849610     
    12935452           3   1.1775607819188711     
    12936433           1   1.0359153963638914     
    12936433           2  0.95670103280009355     
    12936433           3   1.0073835708360153     
    12937598           1   1.1370814586140294     
    12937598           2   1.0566012097028896     
    12937598           3  0.80631733168308117     
    12937816           1  0.92557662265859164     
    12937816           2  0.89822531742069645     
    12937816           3   1.1761980599207118     
    12938579           1   1.2881955278026664     
    12938579           2  0.60724300147444710     
    12938579           3   1.1045614707228866     
    12939161           1   1.2735190951920961     
    12939161           2  0.71485595176959826     
    12939161           3   1.0116249530383055     
    12939596           1   1.0283588683750997     
    12939596           2  0.74958551235092474     
    12939596           3   1.2220556192739755     
    12939646           1  0.90774337761405144     
    12939646           2   1.0194059185003321     
    12939646           3   1.0728507038856165     
    12940887           1  0.62922437351493943     
    12940887           2   1.2305365808690958     
    12940887           3   1.1402390456159650     
    12941044           1   1.0933699105479902     
    12941044           2  0.76422325618652076     
    12941044           3   1.1424068332654891     
    12941225           1   1.2546303826363538     
    12941225           2  0.78422673052671066     
    12941225           3  0.96114288683693583     
    12943563           1   1.0070411099929550     
    12943563           2   1.1643044930756652     
    12943563           3  0.82865439693137966     
    12943648           1  0.97432009381625406     
    12943648           2   1.2255258255796806     
    12943648           3  0.80015408060406568     
    12943666           1  0.83456033096916604     
    12943666           2   1.1451248462594024     
    12943666           3   1.0203148227714312     
    12946152           1  0.63456902550692285     
    12946152           2   1.1832021653438343     
    12946152           3   1.1822288091492432     
    12948092           1   1.0202866936141510     
    12948092           2   1.0233232395122920     
    12948092           3  0.95639006687355677     
    12948167           1   1.0352128077053688     
    12948167           2   1.1478463341098188     
    12948167           3  0.81694085818481244     
    12948195           1  0.95573299221371966     
    12948195           2   1.2013218365636333     
    12948195           3  0.84294517122264745     
    12950243           1  0.87682904339967294     
    12950243           2   1.0414790318073386     
    12950243           3   1.0816919247929881     
    12950424           1   1.1080347352851365     
    12950424           2  0.70469714051223009     
    12950424           3   1.1872681242026335     
    12950925           1   1.1057207013412738     
    12950925           2  0.82027522719024881     
    12950925           3   1.0740040714684775     
    12950962           1  0.94422094202839268     
    12950962           2  0.99063579852144990     
    12950962           3   1.0651432594501573     
    12951041           1   1.1420083740885489     
    12951041           2   1.1056307751826495     
    12951041           3  0.75236085072880177     
    12951337           1   1.4335383197086917     
    12951337           2   1.1707922661160035     
    12951337           3  0.39566941417530505     
    12951504           1   1.2174261607308901     
    12951504           2  0.86044123027382879     
    12951504           3  0.92213260899528138     
    12951830           1   1.0456761818462950     
    12951830           2  0.68565842897680529     
    12951830           3   1.2686653891769002     
    12953104           1  0.87794317231566421     
    12953104           2   1.2066714456239769     
    12953104           3  0.91538538206035891     
    12954761           1  0.97307999984999338     
    12954761           2   1.2979041803413036     
    12954761           3  0.72901581980870311     
    12955476           1  0.81032643534258930     
    12955476           2   1.0113857641912691     
    12955476           3   1.1782878004661417     
    12956517           1  0.94595010569645321     
    12956517           2  0.81876882938312834     
    12956517           3   1.2352810649204187     
    12958278           1   1.1338282123978418     
    12958278           2   1.1193733054841433     
    12958278           3  0.74679848211801503     
    12958313           1   1.0555317018111454     
    12958313           2   1.0126482842599329     
    12958313           3  0.93182001392892122     
    12958509           1   1.1217893591219290     
    12958509           2  0.91628604270974101     
    12958509           3  0.96192459816832987     
    12959095           1   1.0032724136634483     
    12959095           2  0.81006313462307655     
    12959095           3   1.1866644517134755     
    12959115           1   1.3724602178462282     
    12959115           2  0.88975904791016536     
    12959115           3  0.73778073424360635     
    12959533           1  0.76036251921132869     
    12959533           2   1.1998167775325488     
    12959533           3   1.0398207032561224     
    12960142           1   1.0277185368211716     
    12960142           2   1.0162564071747180     
    12960142           3  0.95602505600411058     
    12960320           1  0.47827315664641784     
    12960320           2   1.4481040490850414     
    12960320           3   1.0736227942685401     
    12961287           1   1.0981863615493683     
    12961287           2   1.0059961717229102     
    12961287           3  0.89581746672772156     
    12961294           1   1.0431914147217374     
    12961294           2  0.94908102740923694     
    12961294           3   1.0077275578690261     
    12961332           1   1.2251127857477782     
    12961332           2  0.84795271827863083     
    12961332           3  0.92693449597359079     
    12961419           1  0.87890216179890013     
    12961419           2   1.2058195809034096     
    12961419           3  0.91527825729769030     
    12961620           1   1.0338571375161432     
    12961620           2  0.75359327950097099     
    12961620           3   1.2125495829828858     
    12961779           1   1.0836962247368458     
    12961779           2   1.2330619736044681     
    12961779           3  0.68324180165868642     
    12962734           1   1.3967261612273771     
    12962734           2  0.55937040241870184     
    12962734           3   1.0439034363539206     
    12962751           1  0.98842401242850064     
    12962751           2   1.0404237558805207     
    12962751           3  0.97115223169097864     
    12962776           1  0.90375347554120522     
    12962776           2   1.1616731347632387     
    12962776           3  0.93457338969555592     
    12963252           1   1.0920970573131972     
    12963252           2  0.90313232518455278     
    12963252           3   1.0047706175022499     
    12963682           1  0.82313679707201159     
    12963682           2  0.93577297590365005     
    12963682           3   1.2410902270243385     
    12963882           1  0.93842462579829622     
    12963882           2  0.81225513661048065     
    12963882           3   1.2493202375912229     
    12965039           1   1.0829273959565406     
    12965039           2  0.78557662529359085     
    12965039           3   1.1314959787498684     
    12965258           1  0.85339987808658080     
    12965258           2  0.82292428226020364     
    12965258           3   1.3236758396532158     
    12965632           1   1.1305823542474431     
    12965632           2  0.88661610425585569     
    12965632           3  0.98280154149670096     
    12965997           1   1.1200635904878735     
    12965997           2   1.0662533225834037     
    12965997           3  0.81368308692872249     
    12966079           1   1.0864487033412848     
    12966079           2  0.77809281608814818     
    12966079           3   1.1354584805705670     
    12966186           1  0.92033154492277747     
    12966186           2  0.86532082270400690     
    12966186           3   1.2143476323732159     
    12966735           1   1.2174023023120286     
    12966735           2  0.85114711652290209     
    12966735           3  0.93145058116506951     
    12967004           1   1.0815309306422789     
    12967004           2  0.93161193861257729     
    12967004           3  0.98685713074514358     
    12967008           1   1.2667387259646417     
    12967008           2  0.76463123726824023     
    12967008           3  0.96863003676711790     
    12967328           1   1.0022062557159779     
    12967328           2   1.0538312872133713     
    12967328           3  0.94396245707065107     
    12967508           1   1.0026624239563342     
    12967508           2   1.0574680386861108     
    12967508           3  0.93986953735755452     
    12967593           1  0.92015930079203812     
    12967593           2  0.95689036003817074     
    12967593           3   1.1229503391697913     
    12968250           1  0.85539499482949799     
    12968250           2   1.1988913238520003     
    12968250           3  0.94571368131850220     
    12969211           1   1.0015983840663281     
    12969211           2   1.0225533634644235     
    12969211           3  0.97584825246924833     
    12970394           1   1.1225568809492614     
    12970394           2   1.1997597660280963     
    12970394           3  0.67768335302264193     
    12970438           1   1.2365287670610585     
    12970438           2  0.99248660200034156     
    12970438           3  0.77098463093859981     
    12971163           1   1.0021453538700986     
    12971163           2  0.96397023494760836     
    12971163           3   1.0338844111822929     
    12971232           1   1.2151281334226876     
    12971232           2  0.85516128206710496     
    12971232           3  0.92971058451020749     
    12971979           1  0.79479965571762956     
    12971979           2  0.88811812336402052     
    12971979           3   1.3170822209183501     
    12972312           1   1.3294221416225809     
    12972312           2  0.76511755079622146     
    12972312           3  0.90546030758119800     
    12972953           1  0.99819582826281172     
    12972953           2   1.0164260714628939     
    12972953           3  0.98537810027429396     
    12972957           1  0.95852689314329287     
    12972957           2   1.2223169282860875     
    12972957           3  0.81915617857061940     
    12972961           1  0.80414605297202546     
    12972961           2   1.0732915935626297     
    12972961           3   1.1225623534653453     
    12973056           1   1.0732820227926665     
    12973056           2   1.0135468207574807     
    12973056           3  0.91317115644985303     
    12973340           1  0.65670177499112004     
    12973340           2  0.81573318858576882     
    12973340           3   1.5275650364231110     
    12975160           1   1.0897615631214415     
    12975160           2  0.48833384691783155     
    12975160           3   1.4219045899607266     
    12975428           1  0.63160478921370444     
    12975428           2   1.1776751215396948     
    12975428           3   1.1907200892466010     
    12975817           1   1.1753617377168790     
    12975817           2   1.1799831878034543     
    12975817           3  0.64465507447966697     
    12975923           1   1.0007546814666437     
    12975923           2   1.0118964843192582     
    12975923           3  0.98734883421409858     
    12975940           1   1.2250435288257431     
    12975940           2   1.0782970686377968     
    12975940           3  0.69665940253646019     
    12976308           1   1.0441038318784168     
    12976308           2   1.0633293974765370     
    12976308           3  0.89256677064504630     
    12976514           1   1.2749627539819894     
    12976514           2  0.60100519896755056     
    12976514           3   1.1240320470504597     
    12976858           1   1.0742642217575977     
    12976858           2  0.80329151136713783     
    12976858           3   1.1224442668752643     
    12977097           1   1.0372702046761355     
    12977097           2  0.97186833340129497     
    12977097           3  0.99086146192256952     
    12977113           1  0.82174085370515382     
    12977113           2   1.0653239870166609     
    12977113           3   1.1129351592781853     
    12977494           1   1.0085065713047865     
    12977494           2  0.73511488859454399     
    12977494           3   1.2563785401006695     
    12977856           1  0.92676318321633855     
    12977856           2  0.99164146913950069     
    12977856           3   1.0815953476441611     
    12978017           1  0.87133697053161197     
    12978017           2   1.2212630723731630     
    12978017           3  0.90739995709522525     
    12978343           1   1.1327255208669276     
    12978343           2  0.91095083048717940     
    12978343           3  0.95632364864589336     
    12978445           1   1.1744217276308788     
    12978445           2  0.80379778400434765     
    12978445           3   1.0217804883647732     
    12978495           1   1.1148074646075594     
    12978495           2  0.81424467122946353     
    12978495           3   1.0709478641629768     
    12979093           1   1.0749363250850175     
    12979093           2  0.52250283382980867     
    12979093           3   1.4025608410851733     
    12979163           1  0.87402883326540326     
    12979163           2   1.0552199564186056     
    12979163           3   1.0707512103159913     
    12979951           1   1.0253402983327966     
    12979951           2  0.99437314697887258     
    12979951           3  0.98028655468833092     
    12980075           1  0.96461612630197080     
    12980075           2   1.3033238796185544     
    12980075           3  0.73205999407947453     
    12981268           1  0.84782544427633200     
    12981268           2   1.1882821099350322     
    12981268           3  0.96389244578863598     
    12981335           1   1.0167014756353858     
    12981335           2   1.0159974188829564     
    12981335           3  0.96730110548165826     
    12981588           1   1.1263226975875631     
    12981588           2   1.1192774381569073     
    12981588           3  0.75439986425552963     
    12982102           1   1.0571207657496346     
    12982102           2  0.77338578850548889     
    12982102           3   1.1694934457448765     
    12982148           1   1.0198433192446270     
    12982148           2  0.77440065311235673     
    12982148           3   1.2057560276430164     
    12982413           1   1.0534041002073327     
    12982413           2   1.0106071213938694     
    12982413           3  0.93598877839879790     
    12982467           1   1.0904175682980681     
    12982467           2  0.78994782994473711     
    12982467           3   1.1196346017571948     
    12982554           1  0.89111677486320828     
    12982554           2   1.0330578062208773     
    12982554           3   1.0758254189159140     
    12982679           1   1.1456552526252319     
    12982679           2   1.4149264643061081     
    12982679           3  0.43941828306865982     
    12982717           1   1.0060910222279831     
    12982717           2  0.99562171332225291     
    12982717           3  0.99828726444976379     
    12982848           1   1.2166140123853320     
    12982848           2  0.97188716526576202     
    12982848           3  0.81149882234890580     
    12983085           1  0.92854097462810070     
    12983085           2   1.1401500151890482     
    12983085           3  0.93130901018285073     
    12983087           1   1.2322978761708847     
    12983087           2  0.74713982916221755     
    12983087           3   1.0205622946668980     
    12983750           1   1.0891374916589809     
    12983750           2  0.92791817926658116     
    12983750           3  0.98294432907443785     
    12983989           1  0.81561952440434415     
    12983989           2   1.1372593975200591     
    12983989           3   1.0471210780755964     
    12984028           1   1.2772665121072964     
    12984028           2   1.1053290481091691     
    12984028           3  0.61740443978353465     
    12984115           1   1.1782637934645630     
    12984115           2  0.78588163047861759     
    12984115           3   1.0358545760568196     
    12984333           1   1.0777782857624705     
    12984333           2  0.51595272536250081     
    12984333           3   1.4062689888750288     
    12984378           1   1.0251909333292439     
    12984378           2   1.1892129301863905     
    12984378           3  0.78559613648436599     
    12984451           1   1.0220784603707085     
    12984451           2   1.0380753401596530     
    12984451           3  0.93984619946963843     
    12984654           1   1.1874485395523038     
    12984654           2  0.99440557317635425     
    12984654           3  0.81814588727134163     
    12984668           1   1.0450527662025193     
    12984668           2  0.71146074863858433     
    12984668           3   1.2434864851588965     
    12984677           1   1.0761491351260710     
    12984677           2  0.50772522121849550     
    12984677           3   1.4161256436554335     
    12984800           1   1.2687115636365929     
    12984800           2  0.96587635770517810     
    12984800           3  0.76541207865822858     
    12984850           1   1.0068078322717375     
    12984850           2   1.1262027788421491     
    12984850           3  0.86698938888611310     
    12985012           1   1.2060517569554201     
    12985012           2  0.86834161191865233     
    12985012           3  0.92560663112592767     
    12985080           1   1.0589728480691449     
    12985080           2  0.76845181205622937     
    12985080           3   1.1725753398746255     
    12985372           1  0.84711197028826912     
    12985372           2   1.1262567341114544     
    12985372           3   1.0266312956002768     
    12985425           1   1.1810244454315764     
    12985425           2  0.69448416525554812     
    12985425           3   1.1244913893128758     
    12985461           1  0.82232531728772729     
    12985461           2   1.1283368231039417     
    12985461           3   1.0493378596083307     
    12985620           1   1.0663548097178259     
    12985620           2   1.0334952241169195     
    12985620           3  0.90014996616525444     
    12985719           1   1.1123415735461124     
    12985719           2   1.2495364055360207     
    12985719           3  0.63812202091786718     
    12985750           1  0.77326582962036483     
    12985750           2   1.0811085436735650     
    12985750           3   1.1456256267060700     
    12986132           1   1.4354675951556173     
    12986132           2   1.1693503024849186     
    12986132           3  0.39518210235946416     
    12986137           1   1.1027660004858364     
    12986137           2   1.1114695601367168     
    12986137           3  0.78576443937744700     
    12986152           1  0.63590131173705788     
    12986152           2   1.1652786672713227     
    12986152           3   1.1988200209916189     
    12986196           1   1.1597042185023616     
    12986196           2  0.84855625481407893     
    12986196           3  0.99173952668355936     
    12986607           1  0.69945201789969880     
    12986607           2   1.1279508164329459     
    12986607           3   1.1725971656673553     
    12986625           1  0.83638375519921038     
    12986625           2   1.0350540928248033     
    12986625           3   1.1285621519759870     
    12986727           1  0.84417415237473092     
    12986727           2   1.2041445521262453     
    12986727           3  0.95168129549902380     
    12986809           1  0.80445650925148537     
    12986809           2   1.1585657897498935     
    12986809           3   1.0369777009986210     
    12987074           1  0.96735104282552120     
    12987074           2   1.1709422735589903     
    12987074           3  0.86170668361548808     
    12987134           1   1.0079755318961894     
    12987134           2   1.0323148901382304     
    12987134           3  0.95970957796558043     
    12987398           1   1.1064753391122497     
    12987398           2   1.0290996202269018     
    12987398           3  0.86442504066084835     
    12987739           1   1.1716627181490231     
    12987739           2  0.82003866100058243     
    12987739           3   1.0082986208503946     
    12987755           1   1.0173361279974458     
    12987755           2   1.0035039637546705     
    12987755           3  0.97915990824788379     
    12987759           1   1.0046332073162856     
    12987759           2  0.99789803371037722     
    12987759           3  0.99746875897333698     
    12987797           1   1.4136404987845530     
    12987797           2   1.0860390887140345     
    12987797           3  0.50032041250141257     
    12987804           1   1.0021674488708723     
    12987804           2  0.99099029013055828     
    12987804           3   1.0068422609985694     
    12988218           1  0.83404195815716420     
    12988218           2   1.0275856709580238     
    12988218           3   1.1383723708848121     
    12988335           1   1.1245870458463010     
    12988335           2   1.0584437510161400     
    12988335           3  0.81696920313755872     
    12988381           1   1.2347432509094523     
    12988381           2  0.96376273376933930     
    12988381           3  0.80149401532120845     
    12988906           1   1.1981715978931020     
    12988906           2  0.98372945889737529     
    12988906           3  0.81809894320952270     
    12988938           1  0.80048955134898525     
    12988938           2   1.2043256319629516     
    12988938           3  0.99518481668806313     
    12988958           1   1.0772500704428671     
    12988958           2  0.77068447630598513     
    12988958           3   1.1520654532511481     
    12989014           1   1.1256301581416581     
    12989014           2   1.1209391333814456     
    12989014           3  0.75343070847689653     
    12989307           1   1.0102418981049346     
    12989307           2  0.94752071992213960     
    12989307           3   1.0422373819729251     
    12989609           1   1.1196902065411771     
    12989609           2   1.1244914334935563     
    12989609           3  0.75581835996526625     
    12989657           1  0.84162176874063033     
    12989657           2   1.0783434289195866     
    12989657           3   1.0800348023397830     
    12989826           1   1.0041403651504961     
    12989826           2   1.0104201849101229     
    12989826           3  0.98543944993938093     
    12989827           1   1.1784017175810995     
    12989827           2  0.79857372302827512     
    12989827           3   1.0230245593906255     
    12989979           1  0.96746964668700153     
    12989979           2  0.80749679683577891     
    12989979           3   1.2250335564772199     
    12990125           1   1.1660307140833126     
    12990125           2  0.80749232737023235     
    12990125           3   1.0264769585464553     
    12990193           1  0.96802688648221102     
    12990193           2  0.97389737199663806     
    12990193           3   1.0580757415211506     
    12990410           1   1.0958748168943981     
    12990410           2   1.2241567444285428     
    12990410           3  0.67996843867705870     
    12990444           1   1.0264061162257154     
    12990444           2  0.99091508641312520     
    12990444           3  0.98267879736115948     
    12990513           1   1.0603144745717228     
    12990513           2   1.0151542733256147     
    12990513           3  0.92453125210266263     
    12990517           1  0.99673651200168700     
    12990517           2  0.97495922271871260     
    12990517           3   1.0283042652795999     
    12990563           1  0.82595051189368263     
    12990563           2   1.2048918319108939     
    12990563           3  0.96915765619542327     
    12990571           1   1.0102634615624058     
    12990571           2  0.74692170033445671     
    12990571           3   1.2428148381031376     
    12990643           1   1.0778892871858372     
    12990643           2  0.96022247981556608     
    12990643           3  0.96188823299859660     
    12990733           1  0.85835573325570458     
    12990733           2   1.0771890354112585     
    12990733           3   1.0644552313330369     
    12990757           1   1.0653409019115330     
    12990757           2  0.76029535472184784     
    12990757           3   1.1743637433666192     
    12991434           1  0.97620106183903299     
    12991434           2   1.1008045162003612     
    12991434           3  0.92299442196060577     
    12991559           1   1.2474709886044066     
    12991559           2  0.93468032344856655     
    12991559           3  0.81784868794702703     
    12991717           1   1.0932834827717111     
    12991717           2   1.1896211869008151     
    12991717           3  0.71709533032747386     
    12991724           1   1.0953300628657661     
    12991724           2  0.90580592621888711     
    12991724           3  0.99886401091534704     
    12991760           1  0.87510241122744126     
    12991760           2   1.1776510895293866     
    12991760           3  0.94724649924317217     
    12991784           1  0.81937026851507433     
    12991784           2  0.79602812898470077     
    12991784           3   1.3846016025002248     
    12991804           1  0.99071984189502527     
    12991804           2   1.0356241379112039     
    12991804           3  0.97365602019377084     
    12991892           1   1.0651092832959870     
    12991892           2   1.1335302521240587     
    12991892           3  0.80136046457995458     
    12991958           1  0.96090109995139872     
    12991958           2  0.80201437114208551     
    12991958           3   1.2370845289065160     
    12992029           1   1.0365565593354724     
    12992029           2  0.71455275930450690     
    12992029           3   1.2488906813600211     
    12992064           1  0.50064905527158754     
    12992064           2   1.4352546679213256     
    12992064           3   1.0640962768070867     
    12992082           1   1.2297973040318766     
    12992082           2  0.95687420941783385     
    12992082           3  0.81332848655028922     
    12992107           1  0.96504448524214503     
    12992107           2  0.84671639649933395     
    12992107           3   1.1882391182585212     
    12992123           1   1.3717848716742860     
    12992123           2   1.1427084005194696     
    12992123           3  0.48550672780624482     
    12992139           1  0.82986170578093421     
    12992139           2   1.1727444652696035     
    12992139           3  0.99739382894946227     
    12992203           1   1.0729854156940672     
    12992203           2  0.70129526520499175     
    12992203           3   1.2257193191009410     
    12992204           1  0.99302729448024851     
    12992204           2  0.96726874328322909     
    12992204           3   1.0397039622365225     
    12992330           1   1.0132587310540202     
    12992330           2   1.0492793016572795     
    12992330           3  0.93746196728870046     
    12992362           1   1.2445744860717909     
    12992362           2  0.80374368286623998     
    12992362           3  0.95168183106196880     
    12992458           1   1.0911010278544007     
    12992458           2  0.76842295393143001     
    12992458           3   1.1404760182141689     
    12992515           1   1.0979034533886116     
    12992515           2  0.75495284408503638     
    12992515           3   1.1471437025263522     
    12992519           1   1.0209919057812240     
    12992519           2   1.1904098218309123     
    12992519           3  0.78859827238786329     
    12992574           1  0.84739381581429996     
    12992574           2   1.1930076214159251     
    12992574           3  0.95959856276977484     
    12992616           1   1.1373899846489040     
    12992616           2   1.0092886095467952     
    12992616           3  0.85332140580430083     
    12992708           1  0.89999593131216160     
    12992708           2   1.0426017728544787     
    12992708           3   1.0574022958333595     
    12992743           1  0.99322636152532595     
    12992743           2  0.98614611162170618     
    12992743           3   1.0206275268529681     
    12992769           1  0.82969628049557220     
    12992769           2   1.1550131367997838     
    12992769           3   1.0152905827046441     
    12992818           1  0.78127788099839957     
    12992818           2   1.0772185880100795     
    12992818           3   1.1415035309915209     
    12992942           1   1.0660002727557463     
    12992942           2   1.0309168384106371     
    12992942           3  0.90308288883361698     
    12992949           1   1.0915240813454021     
    12992949           2   1.0117114276423131     
    12992949           3  0.89676449101228450     
    12992967           1   1.1141157969265514     
    12992967           2  0.90689768534314164     
    12992967           3  0.97898651773030665     
    12992981           1  0.98926138346980452     
    12992981           2  0.92201516429753128     
    12992981           3   1.0887234522326641     
    12993125           1   1.2702004105388818     
    12993125           2   1.0560903141804130     
    12993125           3  0.67370927528070534     
    12993244           1  0.97845944327780210     
    12993244           2   1.2454306631526311     
    12993244           3  0.77610989356956672     
    12993313           1  0.93086552469818473     
    12993313           2   1.1254638650556208     
    12993313           3  0.94367061024619470     
    12993343           1   1.2208209040095614     
    12993343           2  0.97178716648160934     
    12993343           3  0.80739192950882877     
    12993355           1   1.0149985219096240     
    12993355           2  0.93420301067463885     
    12993355           3   1.0507984674157371     
    12993356           1   1.1461857635260282     
    12993356           2  0.76896582361761834     
    12993356           3   1.0848484128563536     
    12993506           1   1.2026254351654795     
    12993506           2  0.79622430401023503     
    12993506           3   1.0011502608242857     
    12993533           1   1.1399941659838451     
    12993533           2  0.98394314458239551     
    12993533           3  0.87606268943375942     
    12993542           1  0.93302369945067454     
    12993542           2  0.95948984295032747     
    12993542           3   1.1074864575989984     
    12993586           1   1.0524392909130174     
    12993586           2   1.1349462065458691     
    12993586           3  0.81261450254111334     
    12993668           1   1.1439099545605695     
    12993668           2  0.89706776664410226     
    12993668           3  0.95902227879532786     
    12993747           1   1.3052994599217012     
    12993747           2  0.61530563082908718     
    12993747           3   1.0793949092492117     
    12993778           1  0.81084987710832768     
    12993778           2   1.1484085711890666     
    12993778           3   1.0407415517026055     
    12993877           1   1.3686917254396136     
    12993877           2  0.61782795776544241     
    12993877           3   1.0134803167949442     
    12993894           1  0.92478965735104268     
    12993894           2  0.94040300279624056     
    12993894           3   1.1348073398527170     
    12993906           1  0.85011879543160362     
    12993906           2   1.1914973955903518     
    12993906           3  0.95838380897804476     
    12993951           1  0.89107428631033836     
    12993951           2   1.1686995380646732     
    12993951           3  0.94022617562498856     
    12994029           1  0.92758408572122841     
    12994029           2   1.0052469122147427     
    12994029           3   1.0671690020640288     
    12994048           1   1.0635712077149344     
    12994048           2  0.78489937782981778     
    12994048           3   1.1515294144552481     
    12994130           1  0.92376517928549617     
    12994130           2   1.0223433049978023     
    12994130           3   1.0538915157167017     
    12994139           1  0.91742965087106365     
    12994139           2   1.1265064859356082     
    12994139           3  0.95606386319332826     
    12994188           1   1.0008445016355965     
    12994188           2   1.0207641463062851     
    12994188           3  0.97839135205811822     
    12994202           1  0.99805819687413966     
    12994202           2   1.2789113135535919     
    12994202           3  0.72303048957226879     
    12994240           1  0.91996123530082330     
    12994240           2   1.0101614128528063     
    12994240           3   1.0698773518463702     
    12994249           1  0.92270026335236610     
    12994249           2   1.1518488492462220     
    12994249           3  0.92545088740141201     
    12994308           1  0.48817850459262802     
    12994308           2   1.4780952251926054     
    12994308           3   1.0337262702147663     
    12994323           1   1.1660770135859646     
    12994323           2   1.1886566741869973     
    12994323           3  0.64526631222703801     
    12994352           1  0.84838113309436447     
    12994352           2   1.2141320192854688     
    12994352           3  0.93748684762016676     
    12994356           1   1.0452789444838506     
    12994356           2   1.1272245183805718     
    12994356           3  0.82749653713557758     
    12994393           1   1.0698845984255632     
    12994393           2  0.79844182042340406     
    12994393           3   1.1316735811510328     
    12994430           1   1.0989117783754028     
    12994430           2   1.2101956972162322     
    12994430           3  0.69089252440836502     
    12994442           1  0.98958030020840926     
    12994442           2   1.1977332733054686     
    12994442           3  0.81268642648612233     
    12994446           1   1.0944353113299559     
    12994446           2  0.89212604880788404     
    12994446           3   1.0134386398621607     
    12994467           1  0.80074442131168644     
    12994467           2   1.2047090803519795     
    12994467           3  0.99454649833633380     
    12994474           1  0.89550704612382570     
    12994474           2   1.0129433578231037     
    12994474           3   1.0915495960530708     
    12994496           1   1.2225942120928470     
    12994496           2   1.0821392661064473     
    12994496           3  0.69526652180070581     
    12994520           1   1.0188747797480990     
    12994520           2   1.0126184360898403     
    12994520           3  0.96850678416206104     
    12994586           1   1.0978986146716752     
    12994586           2  0.75496273853218721     
    12994586           3   1.1471386467961378     
    12994588           1  0.63584885734079477     
    12994588           2   1.2434916888086600     
    12994588           3   1.1206594538505452     
    12994602           1   1.0469613467895154     
    12994602           2  0.76543608504274352     
    12994602           3   1.1876025681677407     
    12994622           1   1.1752116658245180     
    12994622           2   1.1800802384428100     
    12994622           3  0.64470809573267185     
    12994623           1  0.91135184914197853     
    12994623           2  0.91815047064927913     
    12994623           3   1.1704976802087421     
    12994643           1  0.90062275951139281     
    12994643           2   1.0114093851008705     
    12994643           3   1.0879678553877361     
    12994673           1   1.0544560584142391     
    12994673           2  0.97693890596065880     
    12994673           3  0.96860503562510225     
    12994682           1   1.1267639484124259     
    12994682           2  0.91937575305862473     
    12994682           3  0.95386029852894960     
    12994700           1  0.80771101840066362     
    12994700           2  0.88291822611846649     
    12994700           3   1.3093707554808698     
    12994729           1   1.1708451398010222     
    12994729           2  0.85670807344295175     
    12994729           3  0.97244678675602614     
    12994736           1   1.0079438471618181     
    12994736           2  0.99130036353966566     
    12994736           3   1.0007557892985166     
    12994773           1   1.1923073074425556     
    12994773           2  0.79247762666403099     
    12994773           3   1.0152150658934136     
    12994778           1  0.89821753482330835     
    12994778           2   1.0047797630256798     
    12994778           3   1.0970027021510120     
    12994787           1  0.92631311395101101     
    12994787           2   1.0191340240463700     
    12994787           3   1.0545528620026183     
    12994837           1   1.0343610779171957     
    12994837           2  0.97534406314089062     
    12994837           3  0.99029485894191371     
    12994850           1  0.84179741596925373     
    12994850           2   1.1748020616888819     
    12994850           3  0.98340052234186415     
    12994852           1  0.72044871343926731     
    12994852           2   1.2078575470943536     
    12994852           3   1.0716937394663792     
    12994871           1  0.91035604493514954     
    12994871           2   1.0297396463407196     
    12994871           3   1.0599043087241309     
    12994881           1   1.0081758756396850     
    12994881           2  0.72488129509309551     
    12994881           3   1.2669428292672196     
    12994886           1  0.85050600011939648     
    12994886           2   1.1912828007671188     
    12994886           3  0.95821119911348429     
    12994911           1  0.85451019132727213     
    12994911           2   1.2542375951902789     
    12994911           3  0.89125221348244954     
    12994913           1   1.0277710692196880     
    12994913           2  0.96296813661246194     
    12994913           3   1.0092607941678500     
    12995037           1  0.96203432159849156     
    12995037           2   1.2100724532889755     
    12995037           3  0.82789322511253272     
    12995047           1  0.91912592191501152     
    12995047           2  0.90039174249295373     
    12995047           3   1.1804823355920346     
    12995066           1   1.1296884624471031     
    12995066           2  0.80180852563814198     
    12995066           3   1.0685030119147549     
    12995083           1  0.87786655780704259     
    12995083           2   1.0734036855296056     
    12995083           3   1.0487297566633518     
    12995084           1  0.84790511286108727     
    12995084           2   1.1833258879261424     
    12995084           3  0.96876899921277060     
    12995107           1   1.0629625373862477     
    12995107           2  0.94352643344603637     
    12995107           3  0.99351102916771616     
    12995141           1  0.96949892842285834     
    12995141           2  0.95314840382713084     
    12995141           3   1.0773526677500112     
    12995162           1  0.95602536409329930     
    12995162           2  0.84092866753018991     
    12995162           3   1.2030459683765107     
    12995183           1  0.99779633185547278     
    12995183           2   1.1429743254046736     
    12995183           3  0.85922934273985341     
    12995198           1   1.0939363618097897     
    12995198           2  0.99925396084934714     
    12995198           3  0.90680967734086348     
    12995208           1  0.86709435650974787     
    12995208           2   1.1742572986881146     
    12995208           3  0.95864834480213768     
    12995222           1  0.90752710302464323     
    12995222           2   1.0262222519639264     
    12995222           3   1.0662506450114306     
    12995237           1  0.87709580035911028     
    12995237           2   1.1702408991114037     
    12995237           3  0.95266330052948578     
    12995242           1  0.90962274217097150     
    12995242           2  0.92210036172282805     
    12995242           3   1.1682768961062004     
    12995361           1   1.1993736207369576     
    12995361           2  0.79996152121952790     
    12995361           3   1.0006648580435140     
    12995367           1  0.84905418137695510     
    12995367           2   1.1939164802071545     
    12995367           3  0.95702933841589011     
    12995370           1   1.4222786898179764     
    12995370           2   1.0877837851857102     
    12995370           3  0.48993752499631343     
    12995374           1   1.1326395858399942     
    12995374           2   1.1213448235766164     
    12995374           3  0.74601559058338962     
    12995378           1   1.0539065750128167     
    12995378           2  0.77912784825403325     
    12995378           3   1.1669655767331499     
    12995402           1   1.1717653148224760     
    12995402           2  0.81097149129306545     
    12995402           3   1.0172631938844585     
    12995411           1  0.87986947333703291     
    12995411           2   1.0622713942285185     
    12995411           3   1.0578591324344491     
    12995417           1  0.84431445253188564     
    12995417           2   1.1947142521466263     
    12995417           3  0.96097129532148806     
    12995440           1   1.2963651857623726     
    12995440           2   1.0348714552748191     
    12995440           3  0.66876335896280881     
    12995444           1  0.90212157939456583     
    12995444           2  0.95196145042690528     
    12995444           3   1.1459169701785288     
    12995465           1  0.99915097353142435     
    12995465           2   1.1803027463654108     
    12995465           3  0.82054628010316488     
    12995469           1  0.89596517302459133     
    12995469           2   1.1809970054089212     
    12995469           3  0.92303782156648750     
    12995495           1  0.90517739440544553     
    12995495           2   1.0206561372553540     
    12995495           3   1.0741664683392007     
    12995498           1  0.84111859837853897     
    12995498           2   1.1392195812041068     
    12995498           3   1.0196618204173546     
    12995504           1   1.1427814398923519     
    12995504           2  0.82273477345705570     
    12995504           3   1.0344837866505929     
    12995525           1  0.59284772503764183     
    12995525           2   1.1022350886308021     
    12995525           3   1.3049171863315556     
    12995530           1  0.85745155834020903     
    12995530           2   1.2526867002574993     
    12995530           3  0.88986174140229168     
    12995552           1  0.96023631413308219     
    12995552           2  0.84463265775784369     
    12995552           3   1.1951310281090739     
    12995578           1   1.1203445726172656     
    12995578           2  0.90604128656565830     
    12995578           3  0.97361414081707576     
    12995608           1  0.89478198355278582     
    12995608           2  0.91035394522985369     
    12995608           3   1.1948640712173610     
    12995656           1  0.91201922059981899     
    12995656           2  0.99394619882273838     
    12995656           3   1.0940345805774423     
    12995658           1  0.98370466466166961     
    12995658           2   1.0533342774693919     
    12995658           3  0.96296105786893849     
    12995659           1   1.1345627532664664     
    12995659           2   1.1920875428773168     
    12995659           3  0.67334970385621673     
    12995673           1   1.0166784129853446     
    12995673           2   1.0053394136768048     
    12995673           3  0.97798217333785054     
    12995676           1   1.0554253948725980     
    12995676           2   1.0206899933032796     
    12995676           3  0.92388461182412251     
    12995680           1   1.1128864275660797     
    12995680           2  0.70778276009449537     
    12995680           3   1.1793308123394248     
    12995690           1  0.85492135310052597     
    12995690           2  0.82439142417805222     
    12995690           3   1.3206872227214221     
    12995691           1  0.99866008953442109     
    12995691           2  0.93577951924532843     
    12995691           3   1.0655603912202505     
    12995692           1  0.92045170628640893     
    12995692           2  0.90986284068749035     
    12995692           3   1.1696854530261007     
    12995694           1   1.2480293476525512     
    12995694           2  0.77288491217669020     
    12995694           3  0.97908574017075878     
    12995699           1   1.0265707063210316     
    12995699           2  0.70568565137812234     
    12995699           3   1.2677436423008464     
    12995704           1  0.87321095301780538     
    12995704           2   1.0734810366775169     
    12995704           3   1.0533080103046777     
    12995709           1   1.0374519343382023     
    12995709           2   1.0220639407292864     
    12995709           3  0.94048412493251110     
    12995713           1   1.1887519519674867     
    12995713           2   1.0922103745450893     
    12995713           3  0.71903767348742420     
    12995739           1   1.2610910593136160     
    12995739           2   1.1037013027229832     
    12995739           3  0.63520763796340118     
    12995748           1   1.1317508344276681     
    12995748           2  0.79706320641272999     
    12995748           3   1.0711859591596022     
    12995751           1   1.1193709937429663     
    12995751           2   1.0038883928614621     
    12995751           3  0.87674061339557163     
    12995757           1  0.91667016509924837     
    12995757           2  0.87611444517932324     
    12995757           3   1.2072153897214288     
    12995762           1   1.0946749491821615     
    12995762           2   1.2273783800789395     
    12995762           3  0.67794667073889903     
    12995775           1   1.0255613552172536     
    12995775           2   1.0131042480508268     
    12995775           3  0.96133439673191945     
    12995778           1   1.1628354829781939     
    12995778           2  0.83646235623692444     
    12995778           3   1.0007021607848818     
    12995784           1  0.98909215823412966     
    12995784           2   1.0180384621424028     
    12995784           3  0.99286937962346722     
    12995787           1  0.93469733360173679     
    12995787           2   1.1684180041433876     
    12995787           3  0.89688466225487495     
    12995788           1   1.1214913783554741     
    12995788           2   1.0857673289842946     
    12995788           3  0.79274129266023141     
    12995792           1   1.1522296148666977     
    12995792           2   1.1235986843638770     
    12995792           3  0.72417170076942583     
    12995797           1  0.82263957588057757     
    12995797           2   1.1489707719158231     
    12995797           3   1.0283896522035991     
    12995805           1  0.92274615249102054     
    12995805           2   1.0362542017053382     
    12995805           3   1.0409996458036410     
    12995812           1   1.0637487181315843     
    12995812           2  0.94966174697284844     
    12995812           3  0.98658953489556689     
    12995817           1  0.84096374471820368     
    12995817           2   1.2109742188053916     
    12995817           3  0.94806203647640497     
    12995825           1   1.1072344643456802     
    12995825           2   1.0114010857595983     
    12995825           3  0.88136444989472174     
    12995827           1   1.0250542688899060     
    12995827           2   1.0323631445277646     
    12995827           3  0.94258258658232918     
    12995835           1   1.0158876748676513     
    12995835           2   1.0168694696697835     
    12995835           3  0.96724285546256539     
    12995843           1   1.1209600466385490     
    12995843           2   1.1282319399641625     
    12995843           3  0.75080801339728886     
    12995850           1  0.99004850482804274     
    12995850           2  0.93143049399808009     
    12995850           3   1.0785210011738777     
    12995853           1   1.2877274214562111     
    12995853           2  0.72759323305263957     
    12995853           3  0.98467934549114944     
    12995854           1   1.0500708704072805     
    12995854           2   1.0358390630987382     
    12995854           3  0.91409006649398128     
    12995855           1   1.0103467853155759     
    12995855           2   1.0015055301693936     
    12995855           3  0.98814768451503066     
    12995873           1   1.0304718579174783     
    12995873           2  0.96554872501816835     
    12995873           3   1.0039794170643537     
    12995880           1   1.1891721690991746     
    12995880           2  0.81742913927394256     
    12995880           3  0.99339869162688266     
    12995891           1   1.2213579064674336     
    12995891           2  0.97089501655764510     
    12995891           3  0.80774707697492165     
    12995892           1   1.2529629460586262     
    12995892           2  0.77169642939165539     
    12995892           3  0.97534062454971870     
    12995894           1   1.0864436903509342     
    12995894           2  0.48684707253668635     
    12995894           3   1.4267092371123797     
    12995896           1   1.0057609325479047     
    12995896           2   1.1577919259164509     
    12995896           3  0.83644714153564481     
    12995905           1   1.0958831544860426     
    12995905           2   1.2241432335277891     
    12995905           3  0.67997361198616801     
    12995906           1   1.1184613911522403     
    12995906           2   1.1022746221561466     
    12995906           3  0.77926398669161323     
    12995911           1  0.87727228799758294     
    12995911           2  0.86058699898030344     
    12995911           3   1.2621407130221136     
    12995917           1  0.80838932070426150     
    12995917           2  0.94802327147908450     
    12995917           3   1.2435874078166540     
    12995921           1   1.1282375378384100     
    12995921           2   1.0717164547951556     
    12995921           3  0.80004600736643472     
    12995926           1   1.1169512220394822     
    12995926           2  0.79993810947261301     
    12995926           3   1.0831106684879048     
    12995928           1  0.90425716436580406     
    12995928           2   1.4923488267712153     
    12995928           3  0.60339400886298078     
    12995930           1   1.0025776866728411     
    12995930           2   1.2572005421663242     
    12995930           3  0.74022177116083465     
    12995932           1  0.63707012910416383     
    12995932           2   1.1619063607232603     
    12995932           3   1.2010235101725764     
    12995936           1   1.0132210969683988     
    12995936           2  0.96746532220749237     
    12995936           3   1.0193135808241083     
    12995937           1   1.1943517190399673     
    12995937           2  0.99637372200459362     
    12995937           3  0.80927455895543865     
    12995942           1   1.2312670264965586     
    12995942           2  0.78906853139239375     
    12995942           3  0.97966444211104753     
    12995945           1   1.1212871379906162     
    12995945           2   1.0535419843020128     
    12995945           3  0.82517087770737085     
    12995946           1   1.1918497130435453     
    12995946           2  0.79494320454166134     
    12995946           3   1.0132070824147934     
    12995948           1  0.83710494386109280     
    12995948           2   1.2191832459617056     
    12995948           3  0.94371181017720185     
    12995950           1  0.91559527510346073     
    12995950           2   1.0356659463313991     
    12995950           3   1.0487387785651401     
    12995952           1   1.0038012873307258     
    12995952           2   1.0135648142413831     
    12995952           3  0.98263389842789139     
    12995958           1  0.90679400683978140     
    12995958           2  0.86085837286372957     
    12995958           3   1.2323476202964889     
    12995961           1  0.96866657668768630     
    12995961           2  0.99100208593570627     
    12995961           3   1.0403313373766070     
    12995962           1  0.87579296642200954     
    12995962           2  0.96260635940534756     
    12995962           3   1.1616006741726430     
    12995968           1   1.0750757828008959     
    12995968           2  0.94395717105237309     
    12995968           3  0.98096704614673091     
    12995972           1   1.1272164744320381     
    12995972           2   1.1922871935429016     
    12995972           3  0.68049633202506032     
    12995980           1   1.0952681275051639     
    12995980           2  0.90575470748712961     
    12995980           3  0.99897716500770661     
    12995987           1  0.76643122787748774     
    12995987           2   1.1854489105653634     
    12995987           3   1.0481198615571488     
    12995992           1  0.88805375111434959     
    12995992           2   1.0476780302560260     
    12995992           3   1.0642682186296242     
    12995993           1  0.90579433046130509     
    12995993           2  0.94077361270963589     
    12995993           3   1.1534320568290590     
    12995997           1  0.91069420189534589     
    12995997           2  0.90814802016289864     
    12995997           3   1.1811577779417552     
    12996003           1  0.97939017074604318     
    12996003           2  0.96876153525192099     
    12996003           3   1.0518482940020353     
    12996004           1   1.1050058888582430     
    12996004           2   1.1876407496076011     
    12996004           3  0.70735336153415551     
    12996005           1  0.80497849969656654     
    12996005           2  0.84423309200010366     
    12996005           3   1.3507884083033299     
    12996010           1   1.0164785829642602     
    12996010           2  0.94616870125975461     
    12996010           3   1.0373527157759852     
    12996011           1  0.99507747224369125     
    12996011           2   1.0061560684512743     
    12996011           3  0.99876645930503427     
    12996013           1   1.2104046597154638     
    12996013           2  0.86349874789620573     
    12996013           3  0.92609659238832986     
    12996014           1   1.0107406332339866     
    12996014           2  0.98572673641525654     
    12996014           3   1.0035326303507568     
    12996015           1   1.0937596691984599     
    12996015           2  0.80218095630585717     
    12996015           3   1.1040593744956828     
    12996017           1   1.0124655343197793     
    12996017           2  0.73800063345583045     
    12996017           3   1.2495338322243905     
    12996018           1   1.1962924848323389     
    12996018           2  0.86027184179012028     
    12996018           3  0.94343567337754108     
    12996019           1   1.2535953655552232     
    12996019           2  0.97150433245295298     
    12996019           3  0.77490030199182391     
    12996021           1   1.0350151733093420     
    12996021           2   1.0234716643840158     
    12996021           3  0.94151316230664195     
    12996022           1   1.0284483890075753     
    12996022           2   1.0258479813426407     
    12996022           3  0.94570362964978405     
    12996023           1   1.1196688088562243     
    12996023           2  0.79277910140796715     
    12996023           3   1.0875520897358080     
    12996024           1   1.0876991812503096     
    12996024           2  0.50467703810275433     
    12996024           3   1.4076237806469363     
    12996026           1  0.99321825403702679     
    12996026           2  0.95428082332037023     
    12996026           3   1.0525009226426030     
    12996027           1  0.81581505830105228     
    12996027           2   1.1099197152891740     
    12996027           3   1.0742652264097736     
    12996028           1   1.0249498072995307     
    12996028           2   1.0152892977466483     
    12996028           3  0.95976089495382089     
    12996030           1   1.2250475488764863     
    12996030           2  0.94938050498237048     
    12996030           3  0.82557194614114326     
    12996031           1   1.0418457358973776     
    12996031           2  0.69413615893665148     
    12996031           3   1.2640181051659705     
    12996032           1  0.80301205319691482     
    12996032           2   1.1929102918054708     
    12996032           3   1.0040776549976151     
    12996035           1  0.82731997586706119     
    12996035           2   1.0024489893489157     
    12996035           3   1.1702310347840232     
    12996036           1   1.0357512095732604     
    12996036           2  0.97044511384633170     
    12996036           3  0.99380367658040747     
    12996039           1   1.0921102263509301     
    12996039           2   1.0160488195209805     
    12996039           3  0.89184095412808917     
    12996040           1   1.0511356161903467     
    12996040           2  0.76900707439712412     
    12996040           3   1.1798573094125291     
    12996044           1   1.0414469218504185     
    12996044           2  0.95614716590927717     
    12996044           3   1.0024059122403040     
    12996045           1  0.90614869030255718     
    12996045           2   1.0600578326296937     
    12996045           3   1.0337934770677495     
    12996046           1   1.2497638224940777     
    12996046           2  0.70152156350781358     
    12996046           3   1.0487146139981087     
    12996047           1   1.2639083536075539     
    12996047           2   1.0173305429979491     
    12996047           3  0.71876110339449717     
    12996048           1  0.88513453668767827     
    12996048           2   1.1623701102253894     
    12996048           3  0.95249535308693212     
    12996052           1   1.3723103308099753     
    12996052           2  0.75486297359645160     
    12996052           3  0.87282669559357295     
    12996053           1  0.88175517145908089     
    12996053           2  0.85841814929633942     
    12996053           3   1.2598266792445796     
