    10818292           1   1.3336403144661988     
    10818292           2  0.40687613721012622     
    10818292           3   1.2594835483236750     
    10908880           1  0.51416550827871599     
    10908880           2   1.5885092036381938     
    10908880           3  0.89732528808308964     
    10966564           1  0.76475680235186116     
    10966564           2   1.2742718083955329     
    10966564           3  0.96097138925260572     
    11078624           1  0.83922171692022840     
    11078624           2   1.5811468122535921     
    11078624           3  0.57963147082617938     
    11414323           1   1.2383820127169096     
    11414323           2   1.3728549243538124     
    11414323           3  0.38876306292927887     
    11489831           1  0.67088479774495502     
    11489831           2   1.3737115769176167     
    11489831           3  0.95540362533742840     
    11664642           1   1.5218806827872291     
    11664642           2   1.1512577333838292     
    11664642           3  0.32686158382894120     
    11728418           1  0.53692422042252597     
    11728418           2   1.5742461877488094     
    11728418           3  0.88882959182866428     
    11782624           1   1.3619618926368857     
    11782624           2   1.2219040384866042     
    11782624           3  0.41613406887651050     
    11856273           1   1.1944989130553683     
    11856273           2  0.46139819842346302     
    11856273           3   1.3441028885211690     
    11877853           1  0.92714474371275979     
    11877853           2   1.1685113258300914     
    11877853           3  0.90434393045714823     
    11896841           1  0.65239562957682407     
    11896841           2   1.1703160941321402     
    11896841           3   1.1772882762910359     
    11915878           1  0.93625696248170986     
    11915878           2   1.0971971558805738     
    11915878           3  0.96654588163771682     
    11921975           1   1.0762673736434878     
    11921975           2   1.0536839846163477     
    11921975           3  0.87004864174016461     
    11943605           1  0.99157737498329179     
    11943605           2  0.71798324702012795     
    11943605           3   1.2904393779965802     
    12023266           1  0.92980431693814647     
    12023266           2   1.0486359941025876     
    12023266           3   1.0215596889592660     
    12034286           1  0.88449681072643649     
    12034286           2  0.91079357595034327     
    12034286           3   1.2047096133232202     
    12051163           1  0.76755216475280352     
    12051163           2   1.3563308299656134     
    12051163           3  0.87611700528158321     
    12058512           1   1.0849129786377456     
    12058512           2  0.60107567468857015     
    12058512           3   1.3140113466736842     
    12091177           1  0.81649736054392608     
    12091177           2   1.1035452476489347     
    12091177           3   1.0799573918071395     
    12098753           1  0.99078415282368570     
    12098753           2  0.49254647917829592     
    12098753           3   1.5166693679980181     
    12112537           1   1.0235146961683965     
    12112537           2   1.6620213349127908     
    12112537           3  0.31446396891881240     
    12127594           1   1.3195062540037512     
    12127594           2   1.1033206077708075     
    12127594           3  0.57717313822544114     
    12135575           1   1.1431425343540094     
    12135575           2   1.4464753120176173     
    12135575           3  0.41038215362837349     
    12156879           1  0.63225338849612411     
    12156879           2   1.5807999794111367     
    12156879           3  0.78694663209273930     
    12157784           1   1.1919499271437253     
    12157784           2  0.79542446262371425     
    12157784           3   1.0126256102325604     
    12182313           1   4.8803804875555083E-003
    12182313           2   1.4898357241932076     
    12182313           3   1.5052838953192367     
    12198816           1  0.95300804983028242     
    12198816           2  0.67129161584165453     
    12198816           3   1.3757003343280629     
    12238498           1   1.0862508445932071     
    12238498           2   1.0763739792247755     
    12238498           3  0.83737517618201751     
    12239687           1  0.67574351087840678     
    12239687           2   1.1219745211360475     
    12239687           3   1.2022819679855459     
    12250533           1  0.90806226539105761     
    12250533           2   1.0132556078609509     
    12250533           3   1.0786821267479911     
    12250738           1   1.0819390086954312     
    12250738           2   1.3727884472314049     
    12250738           3  0.54527254407316439     
    12258158           1   1.1009910553690239     
    12258158           2   1.5160267725687304     
    12258158           3  0.38298217206224583     
    12267463           1   1.0117799785612818     
    12267463           2   1.3402017754434412     
    12267463           3  0.64801824599527702     
    12267922           1   1.0446601327345122     
    12267922           2   1.0159621692635858     
    12267922           3  0.93937769800190229     
    12270051           1  0.91420335117123386     
    12270051           2  0.62741087924041594     
    12270051           3   1.4583857695883500     
    12272517           1  0.91430290848217899     
    12272517           2  0.95429790102982492     
    12272517           3   1.1313991904879956     
    12272628           1   1.3232069740015824     
    12272628           2  0.22852269531086436     
    12272628           3   1.4482703306875528     
    12282811           1   1.0918993040674381     
    12282811           2  0.78745393395547181     
    12282811           3   1.1206467619770899     
    12316523           1   1.3265600968618905     
    12316523           2   1.2564465851815698     
    12316523           3  0.41699331795653977     
    12317917           1  0.71149559601104473     
    12317917           2   1.2975827549289327     
    12317917           3  0.99092164906002300     
    12318286           1   1.1308218095439095     
    12318286           2   1.5008694806112026     
    12318286           3  0.36830870984488828     
    12337240           1   1.3364564786239339     
    12337240           2  0.65091351182404089     
    12337240           3   1.0126300095520253     
    12352192           1  0.79695900495626970     
    12352192           2   1.1905950556270912     
    12352192           3   1.0124459394166390     
    12367961           1   1.0945550065066565     
    12367961           2  0.97446153640690503     
    12367961           3  0.93098345708643859     
    12386483           1  0.55095938795938337     
    12386483           2   1.4653504815774645     
    12386483           3  0.98369013046315235     
    12387148           1  0.69152134166201917     
    12387148           2   1.2173245760495377     
    12387148           3   1.0911540822884433     
    12387562           1   1.1462769376227291     
    12387562           2  0.48728421748463052     
    12387562           3   1.3664388448926397     
    12389146           1   1.1881031113584914     
    12389146           2   1.0632450969393701     
    12389146           3  0.74865179170213869     
    12400347           1   1.0113362705241860     
    12400347           2  0.61897725348127253     
    12400347           3   1.3696864759945415     
    12400807           1  0.99243176408395384     
    12400807           2   1.1817345091757727     
    12400807           3  0.82583372674027378     
    12408675           1   1.2188634284034197     
    12408675           2   1.0872494692402068     
    12408675           3  0.69388710235637363     
    12418244           1   1.3833948267968328     
    12418244           2   1.4135886518623297     
    12418244           3  0.20301652134083761     
    12433528           1  0.41339136537270760     
    12433528           2   1.2494441358962243     
    12433528           3   1.3371644987310680     
    12435707           1  0.86873979620441277     
    12435707           2   1.1624210503182331     
    12435707           3  0.96883915347735428     
    12439266           1   1.2855302436697551     
    12439266           2  0.82892783955395055     
    12439266           3  0.88554191677629446     
    12451903           1  0.71412093121459763     
    12451903           2   1.0152144707800068     
    12451903           3   1.2706645980053959     
    12466863           1   1.0586736315834937     
    12466863           2   1.3498535411790027     
    12466863           3  0.59147282723750383     
    12466956           1  0.74231081414124256     
    12466956           2   1.6306916601996153     
    12466956           3  0.62699752565914191     
    12472659           1   1.4191538988632115     
    12472659           2   1.1651627337186135     
    12472659           3  0.41568336741817508     
    12480053           1  0.67369808414791588     
    12480053           2  0.93912809597116531     
    12480053           3   1.3871738198809191     
    12481940           1  0.89411414342624840     
    12481940           2   1.1717731296674458     
    12481940           3  0.93411272690630598     
    12486770           1  0.57639560105307164     
    12486770           2   1.3277270617312389     
    12486770           3   1.0958773372156894     
    12495502           1  0.23354763083937999     
    12495502           2   1.1635238653398325     
    12495502           3   1.6029285038207872     
    12509059           1   1.4512851213361135     
    12509059           2   1.2873188822411272     
    12509059           3  0.26139599642275901     
    12515153           1  0.97942508823091912     
    12515153           2  0.92708831527622915     
    12515153           3   1.0934865964928515     
    12518014           1  0.77429927709415747     
    12518014           2  0.69197177589879777     
    12518014           3   1.5337289470070448     
    12518344           1  0.93169263089679566     
    12518344           2  0.95006485694585019     
    12518344           3   1.1182425121573543     
    12530893           1   1.2899580011426868     
    12530893           2   1.1397986060874350     
    12530893           3  0.57024339276987801     
    12546496           1   1.0019787723739704     
    12546496           2   1.5172241412829370     
    12546496           3  0.48079708634309287     
    12550719           1  0.84631354345641430     
    12550719           2   1.0749558616305219     
    12550719           3   1.0787305949130632     
    12554980           1  0.40994802250026013     
    12554980           2   1.4482743100762223     
    12554980           3   1.1417776674235176     
    12554991           1  0.86184558277819345     
    12554991           2   1.2795365352369612     
    12554991           3  0.85861788198484568     
    12564895           1  0.52562972286602061     
    12564895           2   1.6812478672484463     
    12564895           3  0.79312240988553295     
    12569917           1  0.80282206441425363     
    12569917           2  0.74283624389901914     
    12569917           3   1.4543416916867271     
    12574423           1   1.2200593573422491     
    12574423           2   1.3488900249182645     
    12574423           3  0.43105061773948655     
    12578794           1  0.66993846922177280     
    12578794           2  0.86201095219442170     
    12578794           3   1.4680505785838058     
    12587582           1  0.88961789575754779     
    12587582           2   1.5227268595737447     
    12587582           3  0.58765524466870755     
    12595502           1  0.90434668996811773     
    12595502           2   1.2663802656047281     
    12595502           3  0.82927304442715399     
    12596577           1  0.45154596988101298     
    12596577           2   1.5849362010562944     
    12596577           3  0.96351782906269279     
    12596992           1   1.2510785154273578     
    12596992           2  0.34322953645077597     
    12596992           3   1.4056919481218662     
    12601194           1  0.99878865915188719     
    12601194           2  0.90999857276190543     
    12601194           3   1.0912127680862074     
    12602221           1   1.2514891714577021     
    12602221           2  0.26566215647008762     
    12602221           3   1.4828486720722103     
    12605375           1   1.0385870313167509     
    12605375           2   1.2854940481437589     
    12605375           3  0.67591892053949010     
    12607329           1  0.79746972878128475     
    12607329           2   1.1871539805176006     
    12607329           3   1.0153762907011148     
    12608670           1   1.1464263919894326     
    12608670           2   1.2107862056872025     
    12608670           3  0.64278740232336506     
    12613330           1   1.1532311024523272     
    12613330           2   1.3355053119262679     
    12613330           3  0.51126358562140517     
    12614734           1  0.64299045772644114     
    12614734           2  0.86508824170275500     
    12614734           3   1.4919213005708041     
    12623852           1   1.2982496763709859     
    12623852           2   1.2777025209843123     
    12623852           3  0.42404780264470171     
    12626772           1  0.84803773187446818     
    12626772           2  0.77181110558028565     
    12626772           3   1.3801511625452461     
    12632292           1  0.78262573821138215     
    12632292           2  0.98870587149104461     
    12632292           3   1.2286683902975737     
    12637267           1   1.0714277076518564     
    12637267           2  0.50566012189843423     
    12637267           3   1.4229121704497096     
    12641088           1   1.2329756542679744     
    12641088           2  0.40160982635477782     
    12641088           3   1.3654145193772478     
    12643876           1  0.61136807401690041     
    12643876           2   1.1328195870607403     
    12643876           3   1.2558123389223590     
    12646115           1   1.1674402879955550     
    12646115           2   1.2079742957672586     
    12646115           3  0.62458541623718644     
    12649012           1  0.67425500990197518     
    12649012           2   1.3156501791866486     
    12649012           3   1.0100948109113761     
    12656590           1  0.43438700848829831     
    12656590           2  0.86729226954808414     
    12656590           3   1.6983207219636174     
    12658013           1  0.88050014584580871     
    12658013           2   1.5303875859026952     
    12658013           3  0.58911226825149587     
    12658660           1   1.0754221681469935     
    12658660           2   1.1656324468072905     
    12658660           3  0.75894538504571618     
    12659992           1  0.61052490211699373     
    12659992           2   1.6975522674403032     
    12659992           3  0.69192283044270331     
    12661328           1  0.85627992435428191     
    12661328           2   1.2556056585085993     
    12661328           3  0.88811441713711858     
    12662502           1  0.91779860567978999     
    12662502           2   1.3132482756523309     
    12662502           3  0.76895311866787952     
    12663086           1  0.70297243433910228     
    12663086           2   1.5118045514255063     
    12663086           3  0.78522301423539143     
    12667316           1  0.78306367566522084     
    12667316           2  0.86833659248237505     
    12667316           3   1.3485997318524041     
    12668767           1  0.47211637893712344     
    12668767           2   1.4987879090091927     
    12668767           3   1.0290957120536834     
    12669668           1  0.79791078951202687     
    12669668           2  0.94596402795851819     
    12669668           3   1.2561251825294550     
    12671955           1  0.81915150702034600     
    12671955           2  0.46102215851577388     
    12671955           3   1.7198263344638800     
    12676060           1  0.31523001853022697     
    12676060           2   1.3698260571255609     
    12676060           3   1.3149439243442118     
    12681744           1  0.94009894588640552     
    12681744           2   1.0753438930467052     
    12681744           3  0.98455716106688962     
    12686557           1  0.82612693120116487     
    12686557           2   1.4346087791095270     
    12686557           3  0.73926428968930813     
    12692613           1  0.99079450240640099     
    12692613           2   1.4869721035360333     
    12692613           3  0.52223339405756541     
    12693672           1  0.65729663256379933     
    12693672           2   1.5041240462797627     
    12693672           3  0.83857932115643818     
    12695740           1  0.99077443413904953     
    12695740           2  0.97417877626648086     
    12695740           3   1.0350467895944697     
    12702014           1  0.68941262692550109     
    12702014           2  0.91413072136654627     
    12702014           3   1.3964566517079524     
    12707025           1  0.67882465480754139     
    12707025           2   1.4156155287743835     
    12707025           3  0.90555981641807493     
    12713843           1   1.0789860476075170     
    12713843           2   1.5568496707069039     
    12713843           3  0.36416428168557918     
    12717677           1  0.53204146685162956     
    12717677           2   1.4832066336650165     
    12717677           3  0.98475189948335384     
    12721289           1   1.0639973107156138     
    12721289           2  0.79864221156491566     
    12721289           3   1.1373604777194706     
    12722052           1   1.3380918637943815     
    12722052           2   1.1975615348563438     
    12722052           3  0.46434660134927447     
    12722231           1  0.99921567695965974     
    12722231           2  0.70040445436697263     
    12722231           3   1.3003798686733672     
    12724307           1  0.50452518458978846     
    12724307           2  0.99120381435064409     
    12724307           3   1.5042710010595675     
    12728435           1  0.99450801901026775     
    12728435           2  0.60979029203756629     
    12728435           3   1.3957016889521658     
    12732521           1  0.89825042205202654     
    12732521           2  0.93636188154857958     
    12732521           3   1.1653876963993941     
    12734708           1   1.2912203109033518     
    12734708           2  0.83259687430602103     
    12734708           3  0.87618281479062710     
    12737173           1  0.57070476152521332     
    12737173           2  0.92845592612185335     
    12737173           3   1.5008393123529336     
    12737395           1   1.4718494346019386     
    12737395           2  0.30396024709304353     
    12737395           3   1.2241903183050180     
    12738422           1   1.0235993969036954     
    12738422           2   1.1281526632067196     
    12738422           3  0.84824793988958525     
    12739414           1   1.2121831329065420     
    12739414           2   1.2293577501191293     
    12739414           3  0.55845911697432871     
    12739875           1  0.68694479521919305     
    12739875           2   1.6134755406191428     
    12739875           3  0.69957966416166439     
    12741600           1  0.92387483125674696     
    12741600           2   1.3830984794254360     
    12741600           3  0.69302668931781719     
    12744146           1  0.90083556346388161     
    12744146           2   1.0460855778043869     
    12744146           3   1.0530788587317315     
    12744392           1   1.1857213936894464     
    12744392           2   1.4832893041664139     
    12744392           3  0.33098930214413980     
    12745534           1   1.0121029473431953     
    12745534           2  0.66795249844564997     
    12745534           3   1.3199445542111543     
    12746001           1  0.83932411051304889     
    12746001           2   1.4450952043757952     
    12746001           3  0.71558068511115547     
    12746430           1   1.2781520794865626     
    12746430           2  0.47789640035664527     
    12746430           3   1.2439515201567917     
    12750019           1   1.2241102523932441     
    12750019           2  0.53645382043244760     
    12750019           3   1.2394359271743083     
    12756374           1  0.18809686774502621     
    12756374           2   1.1224667693174113     
    12756374           3   1.6894363629375626     
    12756720           1  0.92337350895307491     
    12756720           2  0.89248227084651255     
    12756720           3   1.1841442202004124     
    12762838           1  0.90856146581846109     
    12762838           2   1.6443740908861186     
    12762838           3  0.44706444329542017     
    12764075           1   1.2731818647879647     
    12764075           2   1.4245212891553181     
    12764075           3  0.30229684605671775     
    12764756           1  0.89766492349242555     
    12764756           2   1.4659772947534657     
    12764756           3  0.63635778175410851     
    12764998           1   1.3600286408517150     
    12764998           2   1.5824137879102826     
    12764998           3   5.7557571238002585E-002
    12766878           1  0.91254892025318057     
    12766878           2   1.4519941751447023     
    12766878           3  0.63545690460211701     
    12767916           1  0.78227911418303875     
    12767916           2   1.4477275699563761     
    12767916           3  0.76999331586058506     
    12770585           1  0.90918825820795157     
    12770585           2  0.58425458511298334     
    12770585           3   1.5065571566790652     
    12773183           1  0.67218489218387889     
    12773183           2   1.1560861695569533     
    12773183           3   1.1717289382591682     
    12779238           1   1.1190644257043201     
    12779238           2   1.0835570693947301     
    12779238           3  0.79737850490094975     
    12779617           1  0.91118815162075961     
    12779617           2   1.0580658181446816     
    12779617           3   1.0307460302345586     
    12781206           1   1.2087699157930882     
    12781206           2  0.67556058443811018     
    12781206           3   1.1156694997688017     
    12782190           1  0.95432508820715589     
    12782190           2   1.5368272545990438     
    12782190           3  0.50884765719380043     
    12782230           1  0.96802129106371626     
    12782230           2  0.46274856868639413     
    12782230           3   1.5692301402498896     
    12783018           1   1.0787783966350686     
    12783018           2   1.0805768020035746     
    12783018           3  0.84064480136135655     
    12786189           1   1.0904947127273588     
    12786189           2  0.97808281647205386     
    12786189           3  0.93142247080058704     
    12786243           1  0.94073345154074128     
    12786243           2  0.65689899636303073     
    12786243           3   1.4023675520962280     
    12786402           1  0.99991047725754256     
    12786402           2  0.47576168009428088     
    12786402           3   1.5243278426481763     
    12787503           1  0.89984486088074478     
    12787503           2   1.0537173964007644     
    12787503           3   1.0464377427184903     
    12789593           1   1.5531816462374974     
    12789593           2  0.32669038062531708     
    12789593           3   1.1201279731371852     
    12789823           1  0.50703540576690387     
    12789823           2   1.5146869365976121     
    12789823           3  0.97827765763548391     
    12789957           1  0.91588237492451363     
    12789957           2   1.5887649241945807     
    12789957           3  0.49535270088090572     
    12793998           1   1.4839338814398273     
    12793998           2   1.2880911012134819     
    12793998           3  0.22797501734669087     
    12801949           1   1.1257546639964884     
    12801949           2  0.77530514722378285     
    12801949           3   1.0989401887797288     
    12804209           1   1.1758450081295262     
    12804209           2  0.63968994143676317     
    12804209           3   1.1844650504337109     
    12804436           1  0.92504808140213590     
    12804436           2  0.73366395639514004     
    12804436           3   1.3412879622027245     
    12804823           1  0.91572325205150473     
    12804823           2  0.62346635170336051     
    12804823           3   1.4608103962451349     
    12806162           1   1.2123003693901762     
    12806162           2   1.1477859098463981     
    12806162           3  0.63991372076342579     
    12807642           1   1.4312625708845925     
    12807642           2   1.1011457008316470     
    12807642           3  0.46759172828376044     
    12809537           1   1.1649193506643616     
    12809537           2   1.1049871829973801     
    12809537           3  0.73009346633825789     
    12810195           1  0.63013098091379693     
    12810195           2  0.98329330169104201     
    12810195           3   1.3865757173951612     
    12811506           1  0.95641611119975500     
    12811506           2   1.1827000367222844     
    12811506           3  0.86088385207796048     
    12812944           1  0.62240225845836550     
    12812944           2   1.6029125124663803     
    12812944           3  0.77468522907525383     
    12813113           1  0.95277786416706278     
    12813113           2   1.2253928019866380     
    12813113           3  0.82182933384629941     
    12813286           1  0.80420733150326640     
    12813286           2   1.0869345348693460     
    12813286           3   1.1088581336273877     
    12813484           1  0.87192941875447783     
    12813484           2   1.1746688573811073     
    12813484           3  0.95340172386441502     
    12814773           1  0.70162572241298848     
    12814773           2   1.0947414405644962     
    12814773           3   1.2036328370225156     
    12817947           1  0.95142007580586874     
    12817947           2  0.78512788010999146     
    12817947           3   1.2634520440841397     
    12823955           1   1.2047260573714511     
    12823955           2  0.22864559605221313     
    12823955           3   1.5666283465763358     
    12824556           1   1.3488248726900947     
    12824556           2  0.64607399021623302     
    12824556           3   1.0051011370936727     
    12825014           1   1.5344185542445876     
    12825014           2   1.4442276087391490     
    12825014           3   2.1353837016263623E-002
    12826255           1  0.88819988952981332     
    12826255           2  0.75495040580799411     
    12826255           3   1.3568497046621928     
    12826874           1  0.82404890967962774     
    12826874           2   1.4585041112134005     
    12826874           3  0.71744697910697175     
    12827746           1  0.82200792881842544     
    12827746           2  0.76546204195397505     
    12827746           3   1.4125300292275995     
    12827996           1  0.91465788342508669     
    12827996           2   1.1931779632110411     
    12827996           3  0.89216415336387256     
    12829636           1  0.65655593012289193     
    12829636           2  0.72153442087450992     
    12829636           3   1.6219096490025984     
    12830626           1  0.89594292191539049     
    12830626           2  0.61944791292878587     
    12830626           3   1.4846091651558235     
    12832133           1  0.83557098837300792     
    12832133           2  0.98310850938600558     
    12832133           3   1.1813205022409863     
    12832524           1   1.0895181642975011     
    12832524           2   1.3613895703475869     
    12832524           3  0.54909226535491218     
    12835922           1   1.1147094891952134     
    12835922           2  0.65321326683138481     
    12835922           3   1.2320772439734020     
    12837480           1  0.93578197789259232     
    12837480           2  0.85765360729641804     
    12837480           3   1.2065644148109895     
    12838901           1   1.5881174362299884     
    12838901           2   1.3052504398222402     
    12838901           3  0.10663212394777152     
    12840035           1  0.50477534865172435     
    12840035           2  0.99543492258505950     
    12840035           3   1.4997897287632160     
    12844025           1   1.0985904905783541     
    12844025           2  0.43444576045179056     
    12844025           3   1.4669637489698555     
    12847610           1  0.98717917234113317     
    12847610           2  0.87142768965998652     
    12847610           3   1.1413931379988802     
    12847757           1   1.3697757813894149     
    12847757           2   1.4861313927325204     
    12847757           3  0.14409282587806482     
    12848054           1   1.1989478543540211     
    12848054           2   1.0136520674964955     
    12848054           3  0.78740007814948343     
    12849215           1  0.75893815899497707     
    12849215           2   1.6055245724845268     
    12849215           3  0.63553726852049630     
    12850898           1   1.3008763740745437     
    12850898           2  0.99814766517426479     
    12850898           3  0.70097596075119140     
    12851650           1  0.60353855594710515     
    12851650           2   1.4930575992454087     
    12851650           3  0.90340384480748592     
    12852416           1  0.61347133296722145     
    12852416           2   1.3045249906349112     
    12852416           3   1.0820036763978678     
    12853489           1   1.3035807541674835     
    12853489           2   1.3869046655013748     
    12853489           3  0.30951458033114204     
    12854469           1   1.1283157659114265     
    12854469           2  0.52739321609006840     
    12854469           3   1.3442910179985050     
    12857413           1   1.0267545108111602     
    12857413           2   1.0587080240637183     
    12857413           3  0.91453746512512124     
    12857728           1   1.4926326751115226     
    12857728           2  0.14553119012597046     
    12857728           3   1.3618361347625068     
    12861808           1   1.2909934206504909     
    12861808           2   1.1668192733065363     
    12861808           3  0.54218730604297261     
    12865051           1   1.0068673502090495     
    12865051           2   1.1032962241883222     
    12865051           3  0.88983642560262821     
    12865223           1   1.0795377125157544     
    12865223           2   1.1631398419496923     
    12865223           3  0.75732244553455363     
    12867711           1   1.3440029981374304     
    12867711           2   1.0007067751529575     
    12867711           3  0.65529022670961268     
    12869173           1  0.80649459197683937     
    12869173           2  0.74159461183271147     
    12869173           3   1.4519107961904487     
    12869190           1  0.90293248313915697     
    12869190           2   1.1668663615766635     
    12869190           3  0.93020115528417935     
    12871385           1  0.89701113258232301     
    12871385           2   1.3827605079111005     
    12871385           3  0.72022835950657660     
    12871772           1  0.95096682039986125     
    12871772           2  0.95082291549364850     
    12871772           3   1.0982102641064904     
    12874095           1  0.96989252762951161     
    12874095           2   1.1224020054766579     
    12874095           3  0.90770546689383069     
    12876606           1  0.47469817512944767     
    12876606           2   1.6237622378115897     
    12876606           3  0.90153958705896298     
    12878676           1   1.0964804298877531     
    12878676           2   1.5585619965986355     
    12878676           3  0.34495757351361178     
    12879514           1  0.94322382879389166     
    12879514           2  0.72575115191613093     
    12879514           3   1.3310250192899775     
    12880905           1  0.27235900525857865     
    12880905           2   1.1326905572480943     
    12880905           3   1.5949504374933268     
    12881214           1   1.1789802326231851     
    12881214           2   1.3168846278946460     
    12881214           3  0.50413513948216893     
    12881847           1   1.1450011181621012     
    12881847           2   1.0957024355085618     
    12881847           3  0.75929644632933702     
    12884729           1   1.3251839526258222     
    12884729           2   1.2574798172222796     
    12884729           3  0.41733623015189769     
    12884791           1  0.97219810719859534     
    12884791           2  0.92346230101007420     
    12884791           3   1.1043395917913306     
    12885550           1  0.47127132458222065     
    12885550           2   1.3992306375237811     
    12885550           3   1.1294980378939978     
    12890535           1  0.93605077994431252     
    12890535           2  0.85789996708401062     
    12890535           3   1.2060492529716769     
    12890573           1   1.4012681451239624     
    12890573           2   1.1577697071514153     
    12890573           3  0.44096214772462261     
    12890609           1  0.86632559698701272     
    12890609           2   1.6430098191812268     
    12890609           3  0.49066458383176043     
    12890965           1  0.98720421442365025     
    12890965           2  0.72930237266100084     
    12890965           3   1.2834934129153490     
    12891434           1  0.72860299671733197     
    12891434           2  0.80921537248754472     
    12891434           3   1.4621816307951234     
    12892176           1  0.47703739601209549     
    12892176           2   1.5144102454098076     
    12892176           3   1.0085523585780967     
    12892245           1  0.91633980273188453     
    12892245           2  0.62003809008527122     
    12892245           3   1.4636221071828446     
    12892289           1  0.62305283849862081     
    12892289           2   1.6908452009682284     
    12892289           3  0.68610196053315076     
    12892987           1   1.2076638396776205     
    12892987           2  0.47673242278326561     
    12892987           3   1.3156037375391139     
    12893926           1   1.3188156080476885     
    12893926           2  0.90716409734088932     
    12893926           3  0.77402029461142186     
    12894113           1  0.83857232421831507     
    12894113           2  0.99989636568151474     
    12894113           3   1.1615313101001699     
    12895076           1   1.5384094766285108     
    12895076           2   5.7988920467246283E-002
    12895076           3   1.4036016029042433     
    12897377           1  0.46681127982914916     
    12897377           2   1.4196630417694589     
    12897377           3   1.1135256784013918     
    12900370           1   1.1316425889751804     
    12900370           2   1.1829188639542050     
    12900370           3  0.68543854707061469     
    12900439           1   1.0013636941371233     
    12900439           2   1.5181343633215316     
    12900439           3  0.48050194254134504     
    12902657           1  0.81569904948419869     
    12902657           2   1.6509484380472221     
    12902657           3  0.53335251246857940     
    12902947           1   1.4132899524863636     
    12902947           2   1.0926649870796112E-002
    12902947           3   1.5757833976428404     
    12903284           1  0.89952566441503345     
    12903284           2   1.4312723363492956     
    12903284           3  0.66920199923567136     
    12903884           1   1.0940507171155145     
    12903884           2   1.2015541409146919     
    12903884           3  0.70439514196979314     
    12903909           1   1.0854096777918656     
    12903909           2   1.4789887634339316     
    12903909           3  0.43560155877420265     
    12904556           1   1.2988511228265855     
    12904556           2   1.0012642210746812     
    12904556           3  0.69988465609873352     
    12904725           1   1.3671873468643170     
    12904725           2   1.3439652253424796     
    12904725           3  0.28884742779320349     
    12905561           1  0.97225138683838430     
    12905561           2  0.52974497703520629     
    12905561           3   1.4980036361264097     
    12905842           1  0.43148907286672034     
    12905842           2   1.6463740795049340     
    12905842           3  0.92213684762834547     
    12905847           1   1.2980006665206882     
    12905847           2   1.1568691466281409     
    12905847           3  0.54513018685117121     
    12907701           1  0.47543067699369640     
    12907701           2   1.4180842038934056     
    12907701           3   1.1064851191128982     
    12908973           1  0.88987734217724690     
    12908973           2  0.90687808786879909     
    12908973           3   1.2032445699539540     
    12910351           1   1.3199013763304752     
    12910351           2   1.0975630018876215     
    12910351           3  0.58253562178190299     
    12910393           1  0.63657979068747483     
    12910393           2   1.2367210312845531     
    12910393           3   1.1266991780279718     
    12911013           1   1.2881982163916197     
    12911013           2   1.0972959728951936     
    12911013           3  0.61450581071318633     
    12911292           1  0.72112300869777501     
    12911292           2   1.3645612171867718     
    12911292           3  0.91431577411545295     
    12913775           1   1.0790247748404254     
    12913775           2   1.1594874137020745     
    12913775           3  0.76148781145750022     
    12915126           1   1.0226254127835828     
    12915126           2  0.86011930285382554     
    12915126           3   1.1172552843625920     
    12915893           1  0.79926495224567029     
    12915893           2   1.4633711701368632     
    12915893           3  0.73736387761746680     
    12916140           1   1.2612288308902375     
    12916140           2   1.2413084683935518     
    12916140           3  0.49746270071621096     
    12917350           1  0.63814286744532844     
    12917350           2   1.4327676260759616     
    12917350           3  0.92908950647871014     
    12918209           1  0.93952881403112953     
    12918209           2  0.66179694475095863     
    12918209           3   1.3986742412179123     
    12919036           1  0.90087518169993086     
    12919036           2   1.4258188058800412     
    12919036           3  0.67330601242002797     
    12920585           1   1.5558965115031733     
    12920585           2   1.2917274602531281     
    12920585           3  0.15237602824369842     
    12921101           1  0.71582248653153158     
    12921101           2   1.6157443446139339     
    12921101           3  0.66843316885453430     
    12921151           1  0.64470907249133846     
    12921151           2   1.7647444720098371     
    12921151           3  0.59054645549882434     
    12922015           1   1.1452852513431973     
    12922015           2   1.1097536471108456     
    12922015           3  0.74496110154595774     
    12922045           1  0.96011448527085008     
    12922045           2  0.91198442502234411     
    12922045           3   1.1279010897068056     
    12923742           1   1.0002147890007993     
    12923742           2   1.5145530685692348     
    12923742           3  0.48523214242996615     
    12924305           1   1.0241206774637353     
    12924305           2  0.94656332340030613     
    12924305           3   1.0293159991359586     
    12926164           1   1.3443852355764621     
    12926164           2   1.2061348834453833     
    12926164           3  0.44947988097815500     
    12926569           1   1.0353495409500120     
    12926569           2   1.3743923054292413     
    12926569           3  0.59025815362074641     
    12927565           1   1.0829630837032815     
    12927565           2   1.0057377846583271     
    12927565           3  0.91129913163839082     
    12928109           1  0.67949374480392211     
    12928109           2   1.3943048032271210     
    12928109           3  0.92620145196895709     
    12930084           1  0.82131408688535212     
    12930084           2   1.4262510456339783     
    12930084           3  0.75243486748066946     
    12930921           1  0.95080322726597322     
    12930921           2   1.0697558656082098     
    12930921           3  0.97944090712581666     
    12931349           1   1.1540588148462299     
    12931349           2  0.61737731140318997     
    12931349           3   1.2285638737505800     
    12931862           1  0.86201884592958788     
    12931862           2   1.4841695654053753     
    12931862           3  0.65381158866503641     
    12932382           1  0.99617489731169639     
    12932382           2  0.86753309371771770     
    12932382           3   1.1362920089705859     
    12933080           1  0.98785634187702920     
    12933080           2  0.94971167515106059     
    12933080           3   1.0624319829719104     
    12933449           1  0.27597773016447663     
    12933449           2   1.6323476776287238     
    12933449           3   1.0916745922067996     
    12933575           1  0.46961350959128240     
    12933575           2   1.4180926013217459     
    12933575           3   1.1122938890869720     
    12933860           1   1.5078448006381366     
    12933860           2  0.11643994847513113     
    12933860           3   1.3757152508867321     
    12936205           1  0.79946648876620308     
    12936205           2  0.52203629903574034     
    12936205           3   1.6784972121980568     
    12936292           1   1.1294402448624998     
    12936292           2   1.1864551730161126     
    12936292           3  0.68410458212138769     
    12936390           1  0.66320333725819336     
    12936390           2   1.3145787646516254     
    12936390           3   1.0222178980901810     
    12936478           1  0.95508300858942152     
    12936478           2  0.78815059397158438     
    12936478           3   1.2567663974389940     
    12937639           1   1.1781600221621484     
    12937639           2   1.1120958271993950     
    12937639           3  0.70974415063845597     
    12938001           1  0.81684311150007360     
    12938001           2   1.4126130554914060     
    12938001           3  0.77054383300852036     
    12938003           1  0.42873409988796690     
    12938003           2  0.91476062074809783     
    12938003           3   1.6565052793639352     
    12938543           1   1.1970356146040306     
    12938543           2  0.47253686825662605     
    12938543           3   1.3304275171393434     
    12938723           1  0.57737919277824934     
    12938723           2   1.6017237615615432     
    12938723           3  0.82089704566020782     
    12939964           1   1.0520184425967278     
    12939964           2   1.0956277391291347     
    12939964           3  0.85235381827413759     
    12939966           1  0.91238029161884904     
    12939966           2   1.1396645654408037     
    12939966           3  0.94795514294034688     
    12942113           1   1.0361516537534805     
    12942113           2   1.2870901747180969     
    12942113           3  0.67675817152842221     
    12942645           1   1.3186588615523469     
    12942645           2   1.2668315091950597     
    12942645           3  0.41450962925259333     
    12943278           1  0.60407006162373311     
    12943278           2   1.6796047126766807     
    12943278           3  0.71632522569958579     
    12946117           1   1.5604423801830170     
    12946117           2   1.2654548934322272     
    12946117           3  0.17410272638475641     
    12946973           1  0.98968129690255413     
    12946973           2   1.0504866160619508     
    12946973           3  0.95983208703549516     
    12947256           1  0.94006243361065622     
    12947256           2   1.1935433575789292     
    12947256           3  0.86639420881041462     
    12949798           1   1.4308788526740066     
    12949798           2   1.3094186357212423     
    12949798           3  0.25970251160475116     
    12950771           1  0.96270612237658137     
    12950771           2   1.1500304583100891     
    12950771           3  0.88726341931332930     
    12950800           1   1.1033644111496592     
    12950800           2   1.0933319386360705     
    12950800           3  0.80330365021427008     
    12951763           1   1.2624280114071365     
    12951763           2   1.4124891565078774     
    12951763           3  0.32508283208498617     
    12952247           1   1.1134239415602896     
    12952247           2   1.1858436658171936     
    12952247           3  0.70073239262251685     
    12952730           1  0.94656964700419610     
    12952730           2   1.0134508900522960     
    12952730           3   1.0399794629435077     
    12953182           1   1.1254645369531051     
    12953182           2  0.47843683162052431     
    12953182           3   1.3960986314263708     
    12953514           1  0.50933680885157717     
    12953514           2   1.5079451903074308     
    12953514           3  0.98271800084099237     
    12954930           1  0.90286723410558978     
    12954930           2  0.61963098741851885     
    12954930           3   1.4775017784758913     
    12955266           1  0.60826992656900492     
    12955266           2   1.1270789501813581     
    12955266           3   1.2646511232496367     
    12955557           1  0.50982891506478267     
    12955557           2   1.5230320974929563     
    12955557           3  0.96713898744226146     
    12957729           1   1.0031249053140729     
    12957729           2   1.5167965735491002     
    12957729           3  0.48007852113682670     
    12958876           1   1.1859160709164787     
    12958876           2   1.0026343287544308     
    12958876           3  0.81144960032909019     
    12959038           1   1.0406227059365645     
    12959038           2  0.80246476707760817     
    12959038           3   1.1569125269858276     
    12961234           1  0.78183203979840832     
    12961234           2   1.4469001901878049     
    12961234           3  0.77126777001378666     
    12961249           1   1.1867078608769588     
    12961249           2   1.3112963333358569     
    12961249           3  0.50199580578718406     
    12962182           1  0.80867565957600385     
    12962182           2  0.74825246604337758     
    12962182           3   1.4430718743806183     
    12962374           1  0.94459111501233650     
    12962374           2  0.52416069698469625     
    12962374           3   1.5312481880029674     
    12962625           1  0.99260866548199100     
    12962625           2   1.3197665564341792     
    12962625           3  0.68762477808383038     
    12962839           1   1.1051473382421431     
    12962839           2   1.1195644294244931     
    12962839           3  0.77528823233336386     
    12962971           1  0.89451426658104005     
    12962971           2   1.1722975074158462     
    12962971           3  0.93318822600311346     
    12963279           1  0.82026552562343857     
    12963279           2   1.1520760118545494     
    12963279           3   1.0276584625220120     
    12963382           1  0.91354565253110709     
    12963382           2   1.0077786347830338     
    12963382           3   1.0786757126858593     
    12963449           1  0.80541907597841933     
    12963449           2   1.4709913813387754     
    12963449           3  0.72358954268280529     
    12963487           1  0.90193999434749528     
    12963487           2   1.1545933686299867     
    12963487           3  0.94346663702251787     
    12964072           1  0.89667745558038270     
    12964072           2   1.0553065885534185     
    12964072           3   1.0480159558661992     
    12964582           1   1.1433026400966408     
    12964582           2  0.63958407042725030     
    12964582           3   1.2171132894761088     
    12964815           1  0.90300232026663185     
    12964815           2   1.4368041866791421     
    12964815           3  0.66019349305422614     
    12965096           1  0.69315470859696438     
    12965096           2   1.2201998853015077     
    12965096           3   1.0866454061015278     
    12965213           1   1.0337899019775789     
    12965213           2   1.0366071124128335     
    12965213           3  0.92960298560958743     
    12966111           1  0.88949863725603318     
    12966111           2   1.5225227290989027     
    12966111           3  0.58797863364506420     
    12966363           1  0.67817154727648199     
    12966363           2  0.91857799584239697     
    12966363           3   1.4032504568811215     
    12966721           1  0.90912266893769222     
    12966721           2  0.64059653577721842     
    12966721           3   1.4502807952850896     
    12967004           1  0.99879582117995214     
    12967004           2  0.61241939113709221     
    12967004           3   1.3887847876829558     
    12967821           1   1.3589682114961295     
    12967821           2  0.64210509117691239     
    12967821           3  0.99892669732695794     
    12967852           1   1.5570232569017406     
    12967852           2   1.2692554974350443     
    12967852           3  0.17372124566321512     
    12968091           1  0.91895864815786743     
    12968091           2   1.1846822003306789     
    12968091           3  0.89635915151145362     
    12968288           1  0.27714350509844710     
    12968288           2   1.6265704912055410     
    12968288           3   1.0962860036960116     
    12968367           1  0.91258875683747476     
    12968367           2   1.1614933438430182     
    12968367           3  0.92591789931950685     
    12968560           1  0.90551897701043060     
    12968560           2   1.4226645338583661     
    12968560           3  0.67181648913120362     
    12968753           1   1.0439913394256044     
    12968753           2   1.2819521087260086     
    12968753           3  0.67405655184838731     
    12969407           1  0.82819698813013731     
    12969407           2   1.4306863201979829     
    12969407           3  0.74111669167188021     
    12970299           1  0.85835857265087023     
    12970299           2   1.0774833100542776     
    12970299           3   1.0641581172948522     
    12970723           1   1.1326918368299472     
    12970723           2  0.66914107855417093     
    12970723           3   1.1981670846158816     
    12970924           1  0.94422519623640866     
    12970924           2  0.79233540503785482     
    12970924           3   1.2634393987257369     
    12970993           1  0.89855556872848441     
    12970993           2  0.87758639286517715     
    12970993           3   1.2238580384063380     
    12971516           1   1.2997184271504987     
    12971516           2  0.82206800418125692     
    12971516           3  0.87821356866824474     
    12971538           1  0.69253541596861456     
    12971538           2  0.91827140183738032     
    12971538           3   1.3891931821940047     
    12971607           1  0.85057647858678742     
    12971607           2   1.0007635325042683     
    12971607           3   1.1486599889089442     
    12971912           1   1.5715091390589877     
    12971912           2   1.2916003238468070     
    12971912           3  0.13689053709420562     
    12972527           1  0.61317284178078835     
    12972527           2   1.1361636875460586     
    12972527           3   1.2506634706731534     
    12972737           1  0.67415089869503231     
    12972737           2   1.3362786430766713     
    12972737           3  0.98957045822829626     
    12973560           1   1.1405483365909523     
    12973560           2  0.48484897973410906     
    12973560           3   1.3746026836749385     
    12973664           1  0.68630480238326996     
    12973664           2   1.2081416035462063     
    12973664           3   1.1055535940705234     
    12974066           1  0.80902589549175574     
    12974066           2  0.72539394469249752     
    12974066           3   1.4655801598157465     
    12974767           1   1.0430395630994647     
    12974767           2   1.3742222436537186     
    12974767           3  0.58273819324681675     
    12974943           1  0.47350412302055939     
    12974943           2   1.5031934626943568     
    12974943           3   1.0233024142850833     
    12975011           1  0.54747740134367118     
    12975011           2   1.5675012451159092     
    12975011           3  0.88502135354041944     
    12975355           1  0.65158295873848870     
    12975355           2   1.5374114788746849     
    12975355           3  0.81100556238682675     
    12975401           1   1.3394991389653232     
    12975401           2  0.66234896231937579     
    12975401           3  0.99815189871530074     
    12975547           1   1.0919937623734821     
    12975547           2  0.78741495196419253     
    12975547           3   1.1205912856623255     
    12975824           1  0.88037063556122863     
    12975824           2   1.1537617008783969     
    12975824           3  0.96586766356037446     
    12975934           1  0.44967993032261255     
    12975934           2   1.5783863615139522     
    12975934           3  0.97193370816343538     
    12976156           1  0.81813755268080424     
    12976156           2  0.75230064385045414     
    12976156           3   1.4295618034687416     
    12976395           1  0.40522298023855985     
    12976395           2   1.2247558096260291     
    12976395           3   1.3700212101354112     
    12976749           1   1.1253430556928394     
    12976749           2  0.42833316953562645     
    12976749           3   1.4463237747715338     
    12977256           1   1.2972835159329867     
    12977256           2   1.4046388739433284     
    12977256           3  0.29807761012368478     
    12977570           1  0.61094566310261478     
    12977570           2   1.6966546477203348     
    12977570           3  0.69239968917705019     
    12977952           1   1.4415812915409905     
    12977952           2   1.2953848752120818     
    12977952           3  0.26303383324692731     
    12978539           1   1.4895762767370806     
    12978539           2  0.14523319229948017     
    12978539           3   1.3651905309634391     
    12979435           1  0.90839162704161092     
    12979435           2   1.4590464152649976     
    12979435           3  0.63256195769339185     
    12980954           1   1.1263932355880550     
    12980954           2  0.64916509594930694     
    12980954           3   1.2244416684626380     
    12981090           1  0.63647799196246557     
    12981090           2   1.1205648036029927     
    12981090           3   1.2429572044345418     
    12981535           1   1.1435365521841372     
    12981535           2  0.48611927511318243     
    12981535           3   1.3703441727026804     
    12981813           1  0.86787867086423109     
    12981813           2   1.4608699293361564     
    12981813           3  0.67125139979961235     
    12982188           1  0.81741865915864387     
    12982188           2   1.4114945826460161     
    12982188           3  0.77108675819534034     
    12982355           1  0.81844929860120919     
    12982355           2   1.1025587354607209     
    12982355           3   1.0789919659380698     
    12982744           1   1.4314498464119092     
    12982744           2   1.3038063095243217     
    12982744           3  0.26474384406376894     
    12983279           1  0.88286374664959821     
    12983279           2  0.64800222871344715     
    12983279           3   1.4691340246369551     
    12983343           1  0.99923026839076856     
    12983343           2  0.97007894078577817     
    12983343           3   1.0306907908234535     
    12983415           1   1.0756075926500559     
    12983415           2   1.1812987613183026     
    12983415           3  0.74309364603164130     
    12983502           1   1.0947793965477037     
    12983502           2  0.53684291565615516     
    12983502           3   1.3683776877961411     
    12983611           1  0.77027659718035979     
    12983611           2  0.97310496846791283     
    12983611           3   1.2566184343517275     
    12984102           1   1.0763446153616050     
    12984102           2   1.5530383953606088     
    12984102           3  0.37061698927778602     
    12984168           1  0.71270724625929605     
    12984168           2   1.6087126685396502     
    12984168           3  0.67858008520105373     
    12984385           1   1.2970165072040727     
    12984385           2   1.3799208367589262     
    12984385           3  0.32306265603700068     
    12984399           1   1.4178685466564063     
    12984399           2   1.2430362636563163E-003
    12984399           3   1.5808884170799378     
    12984494           1  0.91422051643047020     
    12984494           2  0.91337316042603911     
    12984494           3   1.1724063231434907     
    12984558           1  0.91630758936281775     
    12984558           2  0.62001629302290218     
    12984558           3   1.4636761176142801     
    12984588           1  0.87127713204141599     
    12984588           2   1.0936997638496539     
    12984588           3   1.0350231041089302     
    12984671           1  0.78782440885698879     
    12984671           2   1.4579899888775225     
    12984671           3  0.75418560226548870     
    12984721           1  0.70286817070264951     
    12984721           2   1.5120252779599210     
    12984721           3  0.78510655133742935     
    12984858           1   1.0974281380241269     
    12984858           2   1.4891784941692812     
    12984858           3  0.41339336780659186     
    12985415           1   1.2719301812040507     
    12985415           2  0.47962327922740600     
    12985415           3   1.2484465395685436     
    12985434           1  0.87757157869341929     
    12985434           2   1.1822700111282824     
    12985434           3  0.94015841017829826     
    12985476           1   1.2209231299054406     
    12985476           2   1.3477210789266574     
    12985476           3  0.43135579116790168     
    12985533           1   1.1951565132110107     
    12985533           2  0.22986437056709763     
    12985533           3   1.5749791162218918     
    12985671           1   1.2840655667080121     
    12985671           2   1.4366987050600837     
    12985671           3  0.27923572823190423     
    12985799           1   1.1532875142382688     
    12985799           2  0.48544136220082229     
    12985799           3   1.3612711235609085     
    12985891           1  0.95859841725617390     
    12985891           2  0.93770584181570438     
    12985891           3   1.1036957409281216     
    12986124           1  0.61260746650213938     
    12986124           2   1.7127929524780650     
    12986124           3  0.67459958101979611     
    12986266           1  0.94989043268006723     
    12986266           2   1.0687288735510034     
    12986266           3  0.98138069376892911     
    12986291           1  0.93565307666059461     
    12986291           2  0.85770716394858548     
    12986291           3   1.2066397593908198     
    12986374           1  0.67086132141117150     
    12986374           2   1.1243312714410305     
    12986374           3   1.2048074071477977     
    12986772           1  0.62367704663978507     
    12986772           2   1.2763190557285904     
    12986772           3   1.1000038976316249     
    12986810           1  0.99832608040595361     
    12986810           2  0.88126756940414919     
    12986810           3   1.1204063501898966     
    12987792           1  0.95855856111792404     
    12987792           2  0.73968163869086723     
    12987792           3   1.3017598001912092     
    12987883           1  0.69672107544901363     
    12987883           2   1.1118481460677767     
    12987883           3   1.1914307784832097     
    12987966           1   1.1067113613941308     
    12987966           2   1.0401407438605210     
    12987966           3  0.85314789474534802     
    12988275           1  0.45721975715336344     
    12988275           2   1.4218414664554861     
    12988275           3   1.1209387763911507     
    12988363           1  0.95039207908027556     
    12988363           2   1.0382074782879238     
    12988363           3   1.0114004426318006     
    12988487           1  0.67766542913842465     
    12988487           2   1.4183211746813014     
    12988487           3  0.90401339618027421     
    12988578           1   1.1533110546153671     
    12988578           2  0.47186496215169532     
    12988578           3   1.3748239832329379     
    12988728           1   1.0659261540907226     
    12988728           2  0.60703494350899045     
    12988728           3   1.3270389024002873     
    12989028           1  0.62068685776898391     
    12989028           2   1.3198685477314056     
    12989028           3   1.0594445944996107     
    12989078           1  0.89213883268026395     
    12989078           2  0.63404792075364758     
    12989078           3   1.4738132465660885     
    12989118           1   1.3253570220111279     
    12989118           2   1.1020996399712484     
    12989118           3  0.57254333801762425     
    12989166           1   1.3497371434401890     
    12989166           2   1.5082779844126284     
    12989166           3  0.14198487214718300     
    12989258           1   1.1370701892340997     
    12989258           2   1.1088926834499702     
    12989258           3  0.75403712731593020     
    12989266           1  0.89680906792266168     
    12989266           2   1.2808297797936687     
    12989266           3  0.82236115228366979     
    12989306           1   1.0761653560607694     
    12989306           2  0.42557757462433371     
    12989306           3   1.4982570693148967     
    12989475           1  0.69729434506959964     
    12989475           2  0.95542624002579357     
    12989475           3   1.3472794149046068     
    12989556           1   1.3417436320913698     
    12989556           2  0.97414025479566368     
    12989556           3  0.68411611311296650     
    12989898           1  0.78627356196396592     
    12989898           2   1.1704867973957640     
    12989898           3   1.0432396406402700     
    12989909           1  0.69467182094923563     
    12989909           2   1.1136246996327654     
    12989909           3   1.1917034794179988     
    12989997           1  0.89456614595828621     
    12989997           2   1.4368401134746192     
    12989997           3  0.66859374056709497     
    12990125           1  0.66100852801401111     
    12990125           2   1.4188966862294794     
    12990125           3  0.92009478575650927     
    12990137           1   1.2340815132492957     
    12990137           2  0.33856646126669271     
    12990137           3   1.4273520254840113     
    12990153           1  0.97009733092639150     
    12990153           2  0.85634877590628067     
    12990153           3   1.1735538931673275     
    12990187           1   1.0945693668263552     
    12990187           2   1.5246822596644252     
    12990187           3  0.38074837350921925     
    12990223           1  0.76572665163018616     
    12990223           2  0.68431063628275479     
    12990223           3   1.5499627120870587     
    12990270           1  0.81913396594019061     
    12990270           2   1.0514267401337123     
    12990270           3   1.1294392939260971     
    12990282           1   1.1073837685662289     
    12990282           2  0.75607733092625129     
    12990282           3   1.1365389005075193     
    12990439           1  0.74356937259704625     
    12990439           2   1.6334564330395840     
    12990439           3  0.62297419436336965     
    12990497           1   1.0162997389889690     
    12990497           2  0.66654233615303859     
    12990497           3   1.3171579248579925     
    12990883           1  0.80082222004617809     
    12990883           2  0.51783418056392727     
    12990883           3   1.6813435993898946     
    12990984           1   1.2869033546472781     
    12990984           2   1.0981260027451027     
    12990984           3  0.61497064260761924     
    12991178           1   1.1563155644359848     
    12991178           2  0.61662253871300976     
    12991178           3   1.2270618968510056     
    12991458           1   1.1765696445165794     
    12991458           2   1.1105946284572559     
    12991458           3  0.71283572702616460     
    12991509           1   1.2770562865433064     
    12991509           2   1.1137529082661248     
    12991509           3  0.60919080519056901     
    12991519           1   1.1700393142026932     
    12991519           2   1.4636716596728705     
    12991519           3  0.36628902612443626     
    12991543           1   1.3289271442488844     
    12991543           2  0.21654171098200187     
    12991543           3   1.4545311447691140     
    12991587           1  0.61934210218486330     
    12991587           2   1.7079613060801526     
    12991587           3  0.67269659173498397     
    12991622           1   1.2179180079659799     
    12991622           2   1.0887331083431313     
    12991622           3  0.69334888369088876     
    12991729           1   1.0184635147460652     
    12991729           2  0.61675887840460131     
    12991729           3   1.3647776068493334     
    12991817           1  0.99831624518721118     
    12991817           2  0.95875815138930542     
    12991817           3   1.0429256034234833     
    12991873           1   1.0826271618307262     
    12991873           2   1.0502005447314935     
    12991873           3  0.86717229343778024     
    12991878           1  0.64383586128592329     
    12991878           2  0.86622565932694129     
    12991878           3   1.4899384793871355     
    12992075           1  0.67921198098218327     
    12992075           2  0.91998725506600809     
    12992075           3   1.4008007639518085     
    12992228           1  0.83952721995749946     
    12992228           2  0.92808662045569890     
    12992228           3   1.2323861595868013     
    12992319           1   1.0498597137811270     
    12992319           2  0.82789220008279707     
    12992319           3   1.1222480861360760     
    12992507           1  0.74415523822015961     
    12992507           2   1.5742514808949675     
    12992507           3  0.68159328088487314     
    12992509           1  0.41222135842377555     
    12992509           2   1.4396693319796561     
    12992509           3   1.1481093095965687     
    12992557           1  0.63727293135722396     
    12992557           2   1.5695327636690997     
    12992557           3  0.79319430497367616     
    12992559           1   1.0399613579551779     
    12992559           2  0.78060069371864060     
    12992559           3   1.1794379483261817     
    12992561           1   1.3634288379692603     
    12992561           2   1.3402705559427943     
    12992561           3  0.29630060608794484     
    12992703           1  0.49981975765529324     
    12992703           2   1.5291538728584060     
    12992703           3  0.97102636948630094     
    12992758           1  0.68654686169741597     
    12992758           2   1.2236950889282820     
    12992758           3   1.0897580493743022     
    12992889           1  0.77501475718191470     
    12992889           2  0.99209953478069213     
    12992889           3   1.2328857080373934     
    12992907           1   1.4181143542355736     
    12992907           2   1.3231336372818943     
    12992907           3  0.25875200848253205     
    12993133           1   1.4202864622554074     
    12993133           2   1.0927012021947420     
    12993133           3  0.48701233554985024     
    12993175           1  0.46294708801237777     
    12993175           2   1.6262099991495165     
    12993175           3  0.91084291283810592     
    12993179           1  0.53672420261325515     
    12993179           2  0.98268937482338092     
    12993179           3   1.4805864225633645     
    12993315           1  0.70993879792857550     
    12993315           2   1.0268380449738732     
    12993315           3   1.2632231570975514     
    12993316           1   1.1490208437157676     
    12993316           2   1.3415821106594243     
    12993316           3  0.50939704562480781     
    12993324           1  0.53395076485898441     
    12993324           2   1.4820591737575199     
    12993324           3  0.98399006138349576     
    12993345           1  0.45231887732795839     
    12993345           2   1.4277849507506422     
    12993345           3   1.1198961719213993     
    12993436           1   1.2693192742362212     
    12993436           2   1.1975960587173806     
    12993436           3  0.53308466704639834     
    12993624           1  0.86262004830151973     
    12993624           2   1.4053733870872660     
    12993624           3  0.73200656461121438     
    12993811           1  0.96970544683146376     
    12993811           2  0.49771378981676934     
    12993811           3   1.5325807633517670     
    12993891           1  0.83777603197993400     
    12993891           2   1.0943754804598969     
    12993891           3   1.0678484875601695     
    12993892           1  0.95145143416916045     
    12993892           2  0.97021328785735317     
    12993892           3   1.0783352779734865     
    12993908           1   1.0042115818440460     
    12993908           2   1.0708030116940681     
    12993908           3  0.92498540646188587     
    12993966           1   1.5069290032793652     
    12993966           2  0.11819129362545928     
    12993966           3   1.3748797030951752     
    12993999           1   1.5572766828990572     
    12993999           2   1.2694620854476903     
    12993999           3  0.17326123165325266     
    12994029           1   1.0588625068750459     
    12994029           2  0.80926586663686118     
    12994029           3   1.1318716264880928     
    12994065           1   1.2154153359393438     
    12994065           2   1.0472179217429542     
    12994065           3  0.73736674231770216     
    12994141           1   1.3256875713585907     
    12994141           2   1.0117746524780902     
    12994141           3  0.66253777616331933     
    12994159           1  0.45139052057284601     
    12994159           2   1.4248545097049192     
    12994159           3   1.1237549697222349     
    12994170           1   1.2070254028719796     
    12994170           2   1.3665289144617230     
    12994170           3  0.42644568266629734     
    12994184           1  0.85277364597844407     
    12994184           2   1.0773345840496134     
    12994184           3   1.0698917699719426     
    12994210           1   1.0021108360325794     
    12994210           2  0.96868228930575873     
    12994210           3   1.0292068746616616     
    12994230           1   1.0807318281302638     
    12994230           2   1.0709051450773093     
    12994230           3  0.84836302679242692     
    12994234           1   1.4265490640252703     
    12994234           2   1.3130318085824015     
    12994234           3  0.26041912739232803     
    12994236           1  0.84742261733925872     
    12994236           2  0.99580213850657739     
    12994236           3   1.1567752441541641     
    12994393           1   1.2953332130102038     
    12994393           2   1.4025271757157163     
    12994393           3  0.30213961127408034     
    12994414           1  0.96102037224889292     
    12994414           2  0.94615771652306457     
    12994414           3   1.0928219112280426     
    12994463           1   1.1168183057927654     
    12994463           2   1.5261892277546560     
    12994463           3  0.35699246645257904     
    12994565           1  0.82637261236474480     
    12994565           2   1.4189433467560062     
    12994565           3  0.75468404087924867     
    12994574           1   1.0079507005227410     
    12994574           2  0.66934769324921339     
    12994574           3   1.3227016062280459     
    12994613           1   1.3709263814721429     
    12994613           2  0.60750314426662622     
    12994613           3   1.0215704742612313     
    12994676           1  0.27521899852681875     
    12994676           2   1.1445847384801526     
    12994676           3   1.5801962629930286     
    12994719           1  0.65676477005804346     
    12994719           2   1.5044655266376015     
    12994719           3  0.83876970330435541     
    12994793           1   1.5226440270792896     
    12994793           2   1.1518351807681140     
    12994793           3  0.32552079215259616     
    12994909           1   1.1192556885219997     
    12994909           2   1.5014456549129422     
    12994909           3  0.37929865656505779     
    12994950           1  0.95362202799509432     
    12994950           2  0.94510137985009046     
    12994950           3   1.1012765921548153     
    12995052           1  0.47085229877380691     
    12995052           2   1.4059826277282870     
    12995052           3   1.1231650734979066     
    12995218           1   1.0741225330734117     
    12995218           2  0.82362542871033295     
    12995218           3   1.1022520382162555     
    12995249           1   1.0190282120274126     
    12995249           2   1.1365119493322702     
    12995249           3  0.84445983864031682     
    12995262           1  0.61011740839436102     
    12995262           2   1.6964192393026725     
    12995262           3  0.69346335230296619     
    12995266           1  0.60018693699979453     
    12995266           2   1.6022087930142905     
    12995266           3  0.79760426998591472     
    12995275           1   1.4588280934618532     
    12995275           2   1.2810490319417234     
    12995275           3  0.26012287459642414     
    12995316           1  0.47978298827138399     
    12995316           2   1.6411554531193013     
    12995316           3  0.87906155860931512     
    12995331           1  0.97720517364036319     
    12995331           2  0.70757659591315125     
    12995331           3   1.3152182304464857     
    12995349           1  0.90067543872263489     
    12995349           2   1.0546900021899535     
    12995349           3   1.0446345590874118     
    12995360           1  0.74993976152309139     
    12995360           2  0.69954516484380291     
    12995360           3   1.5505150736331057     
    12995374           1  0.50996465642164424     
    12995374           2   1.6000414119206721     
    12995374           3  0.88999393165768359     
    12995400           1   1.2856941024368640     
    12995400           2   1.1620296697902546     
    12995400           3  0.55227622777288154     
    12995401           1   1.4725636322121982     
    12995401           2   1.2977515749021871     
    12995401           3  0.22968479288561436     
    12995424           1  0.70031041505400038     
    12995424           2   1.0926891761919593     
    12995424           3   1.2070004087540402     
    12995435           1   1.2570045786828428     
    12995435           2  0.33064504264950700     
    12995435           3   1.4123503786676503     
    12995466           1   1.1560052940119143     
    12995466           2   1.0191658525959892     
    12995466           3  0.82482885339209688     
    12995488           1   1.0172271153495325     
    12995488           2   1.5060847448933279     
    12995488           3  0.47668813975713947     
    12995501           1  0.97404514672131315     
    12995501           2  0.53072233258424684     
    12995501           3   1.4952325206944399     
    12995522           1  0.89729380840360484     
    12995522           2   1.1700038761392071     
    12995522           3  0.93270231545718829     
    12995534           1  0.97434683036648884     
    12995534           2   1.0584996001901723     
    12995534           3  0.96715356944333908     
    12995536           1  0.62974145380178514     
    12995536           2   1.6839002729441883     
    12995536           3  0.68635827325402632     
    12995539           1   1.0275751630582646     
    12995539           2   1.0571564110875269     
    12995539           3  0.91526842585420842     
    12995575           1   1.3115774177260267     
    12995575           2   1.1689696986432674     
    12995575           3  0.51945288363070585     
    12995616           1  0.43279269268429932     
    12995616           2   1.5965992515042271     
    12995616           3  0.97060805581147380     
    12995640           1  0.76088586768980171     
    12995640           2   1.6172752054018862     
    12995640           3  0.62183892690831233     
    12995650           1   1.5129820411033787     
    12995650           2  0.11683666040120202     
    12995650           3   1.3701812984954196     
    12995651           1  0.98673203211813165     
    12995651           2   1.1412264777041243     
    12995651           3  0.87204149017774402     
    12995674           1  0.99418368465878826     
    12995674           2  0.70118072562247902     
    12995674           3   1.3046355897187329     
    12995742           1   1.0314917253858109     
    12995742           2  0.95337615685987642     
    12995742           3   1.0151321177543127     
    12995747           1  0.95009441309562248     
    12995747           2  0.78821397578104946     
    12995747           3   1.2616916111233278     
    12995765           1  0.84821146472004316     
    12995765           2   1.0113898782595214     
    12995765           3   1.1403986570204352     
    12995773           1  0.96113518364089467     
    12995773           2  0.93548016293016401     
    12995773           3   1.1033846534289413     
    12995786           1  0.97105022249667161     
    12995786           2   1.5111842520645884     
    12995786           3  0.51776552543873999     
    12995790           1   1.4238087385608722     
    12995790           2   1.3177719656629432     
    12995790           3  0.25841929577618411     
    12995829           1  0.65482613747048746     
    12995829           2  0.86074421712606308     
    12995829           3   1.4844296454034498     
    12995850           1  0.89483258365683582     
    12995850           2   1.3277329882754751     
    12995850           3  0.77743442806768970     
    12995864           1  0.99242045361016873     
    12995864           2   1.1817552314510082     
    12995864           3  0.82582431493882280     
    12995880           1   1.2321559638735058     
    12995880           2  0.33803819272757568     
    12995880           3   1.4298058433989187     
    12995895           1   1.2779672169039926     
    12995895           2   1.2577824815125260     
    12995895           3  0.46425030158348163     
    12995903           1   1.1046630943016940     
    12995903           2  0.61201785561149646     
    12995903           3   1.2833190500868090     
    12995937           1  0.79773533273083364     
    12995937           2   1.1917548292217099     
    12995937           3   1.0105098380474569     
    12995939           1   1.0056391309628834     
    12995939           2  0.68284616798764919     
    12995939           3   1.3115147010494674     
    12995941           1   1.4349815191375532     
    12995941           2   1.0962117767410067     
    12995941           3  0.46880670412143988     
    12995953           1   1.1112900109840307     
    12995953           2  0.65120947252009920     
    12995953           3   1.2375005164958701     
    12995983           1  0.86000780159839485     
    12995983           2  0.91971527140656506     
    12995983           3   1.2202769269950404     
    12995998           1  0.64865836417035949     
    12995998           2   1.7571776723690244     
    12995998           3  0.59416396346061617     
    12996000           1   1.3443164252570918     
    12996000           2   1.2350667773480717     
    12996000           3  0.42061679739483632     
    12996018           1   1.1412061016525097     
    12996018           2  0.62167591721988302     
    12996018           3   1.2371179811276072     
    12996019           1   1.0871196490551589     
    12996019           2   1.0772348839785293     
    12996019           3  0.83564546696631170     
    12996022           1  0.87328349828740570     
    12996022           2   1.0893099591504614     
    12996022           3   1.0374065425621328     
    12996025           1  0.94555598267551988     
    12996025           2  0.72754559700367882     
    12996025           3   1.3268984203208014     
    12996038           1  0.65042572691696376     
    12996038           2   1.1668926420906691     
    12996038           3   1.1826816309923667     
    12996039           1   1.3638423576590479     
    12996039           2   1.4915403709401915     
    12996039           3  0.14461727140076058     
    12996066           1  0.68886120652903970     
    12996066           2  0.92931590106389983     
    12996066           3   1.3818228924070610     
    12996086           1   1.1460106619097796     
    12996086           2   1.1085563867111135     
    12996086           3  0.74543295137910670     
    12996103           1   1.0001240389488146     
    12996103           2  0.69958510194203938     
    12996103           3   1.3002908591091458     
    12996109           1  0.88594986014339416     
    12996109           2   1.2774972677005394     
    12996109           3  0.83655287215606622     
    12996114           1  0.88055098859863412     
    12996114           2  0.75768482221101852     
    12996114           3   1.3617641891903469     
    12996125           1   1.0028038654305798     
    12996125           2   1.5170404306619218     
    12996125           3  0.48015570390749857     
    12996132           1  0.77638688085040308     
    12996132           2   1.2480277079523798     
    12996132           3  0.97558541119721687     
    12996134           1   1.5709383934947061     
    12996134           2   1.2921163755597134     
    12996134           3  0.13694523094558045     
    12996171           1  0.12124397930131901     
    12996171           2   1.1491533734362267     
    12996171           3   1.7296026472624544     
    12996173           1   1.4332464878772495     
    12996173           2   1.1469422943976506     
    12996173           3  0.41981121772509961     
    12996176           1   1.3335421985907310     
    12996176           2  0.23030762648653133     
    12996176           3   1.4361501749227381     
    12996179           1  0.92534842834748066     
    12996179           2  0.95297902917067945     
    12996179           3   1.1216725424818397     
    12996180           1  0.63361974211554262     
    12996180           2  0.98873736907509813     
    12996180           3   1.3776428888093590     
    12996191           1  0.52867022330864799     
    12996191           2   1.4928176887441500     
    12996191           3  0.97851208794720168     
    12996192           1  0.96684162651294869     
    12996192           2  0.91517726616727912     
    12996192           3   1.1179811073197721     
    12996194           1   1.0477719378039849     
    12996194           2   1.5821465596277342     
    12996194           3  0.37008150256828082     
    12996200           1  0.82764013869492992     
    12996200           2  0.76348258439312000     
    12996200           3   1.4088772769119497     
    12996209           1  0.49465443533812853     
    12996209           2   1.4854250444592059     
    12996209           3   1.0199205202026653     
    12996211           1  0.76634461597841741     
    12996211           2   1.6211928433983389     
    12996211           3  0.61246254062324323     
    12996220           1  0.80492945769672741     
    12996220           2  0.52560351307449182     
    12996220           3   1.6694670292287808     
    12996221           1   1.0987584867219571     
    12996221           2   1.2037388765759873     
    12996221           3  0.69750263670205603     
    12996222           1  0.64434201513559197     
    12996222           2   1.7637397359713614     
    12996222           3  0.59191824889304645     
    12996227           1  0.98632064030968769     
    12996227           2  0.91249417158064661     
    12996227           3   1.1011851881096655     
    12996246           1  0.99054971107261547     
    12996246           2  0.86416007744147960     
    12996246           3   1.1452902114859047     
    12996253           1   1.1750157094071132     
    12996253           2   1.4868060314549651     
    12996253           3  0.33817825913792132     
    12996258           1   1.0541251038634147     
    12996258           2   1.6362811229512488     
    12996258           3  0.30959377318533665     
    12996260           1  0.98740636704943974     
    12996260           2  0.49337452186612440     
    12996260           3   1.5192191110844357     
    12996269           1   1.2204864488567282     
    12996269           2  0.46639066599909168     
    12996269           3   1.3131228851441805     
    12996274           1   1.3351194812727574     
    12996274           2  0.63083669581270219     
    12996274           3   1.0340438229145399     
    12996276           1  0.90624009154658003     
    12996276           2  0.61320415619406676     
    12996276           3   1.4805557522593535     
    12996277           1  0.87933102196403434     
    12996277           2  0.93168457847638964     
    12996277           3   1.1889843995595761     
    12996284           1  0.89166315581015743     
    12996284           2   1.5212511209334953     
    12996284           3  0.58708572325634767     
    12996285           1  0.68449745178878729     
    12996285           2  0.90761341602880607     
    12996285           3   1.4078891321824063     
    12996289           1   1.0258101364763890     
    12996289           2  0.85873401028450269     
    12996289           3   1.1154558532391083     
    12996290           1   1.0658334725143581     
    12996290           2  0.60706403286128763     
    12996290           3   1.3271024946243544     
    12996292           1   1.0191170965857053     
    12996292           2  0.69199793714066649     
    12996292           3   1.2888849662736279     
    12996293           1  0.91478926631190050     
    12996293           2  0.95782931830983753     
    12996293           3   1.1273814153782622     
    12996295           1   1.1461322581523690     
    12996295           2  0.61313690684374567     
    12996295           3   1.2407308350038853     
    12996299           1   4.8870549399370952E-003
    12996299           2   1.4918732369696952     
    12996299           3   1.5032397080903674     
    12996306           1   1.1726410744319624     
    12996306           2  0.80391910224830787     
    12996306           3   1.0234398233197295     
    12996310           1  0.94718546388742175     
    12996310           2  0.86810501705881282     
    12996310           3   1.1847095190537649     
    12996311           1  0.60439358066490234     
    12996311           2   1.1198963694202491     
    12996311           3   1.2757100499148486     
    12996313           1   1.3906422325264747     
    12996313           2   1.1489902599349644     
    12996313           3  0.46036750753856109     
    12996315           1  0.65205506595788076     
    12996315           2   1.7506696289134613     
    12996315           3  0.59727530512865845     
    12996320           1  0.89678774372909054     
    12996320           2   1.2034027875769278     
    12996320           3  0.89980946869398148     
    12996321           1   1.2754762575620289     
    12996321           2  0.84026810874574154     
    12996321           3  0.88425563369223004     
    12996326           1  0.90376126795255418     
    12996326           2  0.92370127890810327     
    12996326           3   1.1725374531393424     
    12996327           1  0.23676384750876062     
    12996327           2   1.1795469131330332     
    12996327           3   1.5836892393582065     
    12996338           1   1.2887719721213642     
    12996338           2   1.0167745122709999     
    12996338           3  0.69445351560763591     
    12996339           1  0.84029520613162356     
    12996339           2   1.4531700909719512     
    12996339           3  0.70653470289642561     
    12996340           1  0.61018830807735447     
    12996340           2   1.2975437548647033     
    12996340           3   1.0922679370579420     
    12996341           1  0.45932825669019994     
    12996341           2   1.4238567172372527     
    12996341           3   1.1168150260725478     
    12996342           1   1.1955867685388415     
    12996342           2   1.1733217982909574     
    12996342           3  0.63109143317020133     
    12996343           1   1.2188067921246997     
    12996343           2  0.33706882035894853     
    12996343           3   1.4441243875163523     
    12996348           1  0.77270086542772742     
    12996348           2   1.3654290278215377     
    12996348           3  0.86187010675073461     
    12996349           1  0.71561559863183399     
    12996349           2   1.6152773601866561     
    12996349           3  0.66910704118150999     
    12996350           1   1.1381817492169677     
    12996350           2  0.50502941238646415     
    12996350           3   1.3567888383965676     
    12996356           1   1.1405168624172608     
    12996356           2   1.3207815197324662     
    12996356           3  0.53870161785027315     
    12996360           1  0.95817581099890659     
    12996360           2   1.1830483301480927     
    12996360           3  0.85877585885300067     
    12996361           1   1.0109588475019187     
    12996361           2  0.90176260042277978     
    12996361           3   1.0872785520753017     
    12996366           1   1.2901618870720082     
    12996366           2  0.83437351234446533     
    12996366           3  0.87546460058352615     
    12996368           1  0.90653742949194194     
    12996368           2   1.4597904159403787     
    12996368           3  0.63367215456767956     
    12996369           1  0.88786358209306004     
    12996369           2  0.91426044399919004     
    12996369           3   1.1978759739077498     
    12996372           1  0.90531617535630793     
    12996372           2  0.95840972560589210     
    12996372           3   1.1362740990378004     
    12996375           1  0.75536229882750294     
    12996375           2   1.6117832064789166     
    12996375           3  0.63285449469358068     
    12996378           1   1.2885378350197492     
    12996378           2   1.1385437564210870     
    12996378           3  0.57291840855916432     
    12996381           1   1.4426531423873294     
    12996381           2   1.0860338435750230     
    12996381           3  0.47131301403764747     
