    11143524           1   1.2138536750443072     
    11143524           2  0.95304139958333656     
    11143524           3  0.83310492537235648     
    11253466           1   1.0267388111152358     
    11253466           2   1.1753782710413714     
    11253466           3  0.79788291784339282     
    11396578           1   1.5510652933976643     
    11396578           2  0.88244089639585166     
    11396578           3  0.56649381020648382     
    11475898           1  0.88167714114867723     
    11475898           2   1.0695664961393545     
    11475898           3   1.0487563627119687     
    11555259           1  0.97931437951749412     
    11555259           2   1.3444347069464015     
    11555259           3  0.67625091353610445     
    11718461           1  0.88400855458456551     
    11718461           2  0.94054965362627230     
    11718461           3   1.1754417917891622     
    11860903           1  0.99801248401338494     
    11860903           2   1.1152000019541235     
    11860903           3  0.88678751403249134     
    11931880           1   1.5970550706016833     
    11931880           2  0.61667704667953094     
    11931880           3  0.78626788271878589     
    11960009           1  0.29308144838300332     
    11960009           2   1.4150653400770032     
    11960009           3   1.2918532115399934     
    12019910           1  0.16657303297992204     
    12019910           2   1.2688119580139581     
    12019910           3   1.5646150090061195     
    12025075           1   1.1253253317687668     
    12025075           2   1.1080542645306308     
    12025075           3  0.76662040370060236     
    12064105           1  0.57562534844262436     
    12064105           2   1.1070334360486964     
    12064105           3   1.3173412155086794     
    12066523           1  0.44872058809065446     
    12066523           2   1.2680910355084642     
    12066523           3   1.2831883764008816     
    12080022           1  0.67331328318545869     
    12080022           2   1.0929081193714147     
    12080022           3   1.2337785974431268     
    12083068           1  0.93450014710182205     
    12083068           2   1.0582552982679589     
    12083068           3   1.0072445546302189     
    12101205           1  0.94127328539222466     
    12101205           2   1.0927711073241717     
    12101205           3  0.96595560728360397     
    12163601           1   1.8992263672081032E-002
    12163601           2   1.6524493839687986     
    12163601           3   1.3285583523591205     
    12168953           1   1.2754447785422085     
    12168953           2   1.0049197360699749     
    12168953           3  0.71963548538781685     
    12181009           1  0.80774017158118749     
    12181009           2   1.4377436764726843     
    12181009           3  0.75451615194612831     
    12186068           1  0.77123227072738665     
    12186068           2  0.96866048913096847     
    12186068           3   1.2601072401416447     
    12196317           1   1.4988736756056431     
    12196317           2   1.0174370687186589     
    12196317           3  0.48368925567569798     
    12215546           1  0.65652940319842179     
    12215546           2   1.0336312164570947     
    12215546           3   1.3098393803444834     
    12226654           1   1.0201347531408580     
    12226654           2   1.1913224370643150     
    12226654           3  0.78854280979482683     
    12238457           1  0.94030055893761888     
    12238457           2   1.0756165997227922     
    12238457           3  0.98408284133958868     
    12244981           1   1.3338265764617692     
    12244981           2  0.73651510968530076     
    12244981           3  0.92965831385292963     
    12247146           1   2.5017164523696729     
    12247146           2  0.14391286591547187     
    12247146           3  0.35437068171485542     
    12271487           1  0.85527431668077381     
    12271487           2   1.2185291701919221     
    12271487           3  0.92619651312730433     
    12286943           1   1.6742364693784930     
    12286943           2  0.36849266440584999     
    12286943           3  0.95727086621565682     
    12288897           1  0.83948718094007113     
    12288897           2   1.1653790142174609     
    12288897           3  0.99513380484246827     
    12289136           1   1.7158766954720861     
    12289136           2  0.59928414058814561     
    12289136           3  0.68483916393976818     
    12289566           1   1.4013976236533179     
    12289566           2  0.82849063835684011     
    12289566           3  0.77011173798984156     
    12303394           1   1.4613277365062673     
    12303394           2  0.45083910183907616     
    12303394           3   1.0878331616546566     
    12303774           1   1.9160080481273218     
    12303774           2  0.39675157501486302     
    12303774           3  0.68724037685781525     
    12316015           1  0.75548980036416580     
    12316015           2   1.0741160514889248     
    12316015           3   1.1703941481469096     
    12316630           1  0.86352664678813107     
    12316630           2   1.5175666759591213     
    12316630           3  0.61890667725274751     
    12326378           1  0.51274926451069480     
    12326378           2   1.1343796686918497     
    12326378           3   1.3528710667974557     
    12328180           1   1.1247415161212888     
    12328180           2  0.70021394404111714     
    12328180           3   1.1750445398375942     
    12342130           1  0.58248010625498681     
    12342130           2   1.0030016182585950     
    12342130           3   1.4145182754864183     
    12354806           1   1.1967007982749207     
    12354806           2  0.92222228986271093     
    12354806           3  0.88107691186236814     
    12373533           1  0.83437342819885119     
    12373533           2  0.99295174041363488     
    12373533           3   1.1726748313875142     
    12384640           1  0.61844016523081280     
    12384640           2   1.1220708474650347     
    12384640           3   1.2594889873041526     
    12389918           1   2.2191035584297656     
    12389918           2  0.77225548358896778     
    12389918           3   8.6409579812666542E-003
    12398206           1   1.1361031955712608     
    12398206           2  0.93554465373271789     
    12398206           3  0.92835215069602128     
    12421081           1  0.81337637139932828     
    12421081           2   1.0427311738562317     
    12421081           3   1.1438924547444402     
    12426845           1  0.54850468884573256     
    12426845           2  0.98513796862217740     
    12426845           3   1.4663573425320895     
    12430031           1  0.90659859369831930     
    12430031           2   1.0735397666704107     
    12430031           3   1.0198616396312701     
    12431275           1   1.1086334125345840     
    12431275           2   1.1788740287823694     
    12431275           3  0.71249255868304606     
    12432322           1   1.0403897570961538     
    12432322           2   1.1675705636673894     
    12432322           3  0.79203967923645691     
    12446552           1   1.0802530797580365     
    12446552           2  0.82530849463879841     
    12446552           3   1.0944384256031650     
    12450463           1  0.48041056489463646     
    12450463           2   1.3654865454848080     
    12450463           3   1.1541028896205558     
    12452721           1  0.34973238741942075     
    12452721           2   1.1550764130317235     
    12452721           3   1.4951911995488560     
    12453499           1  0.94948180858317810     
    12453499           2   1.1516999284670113     
    12453499           3  0.89881826294981049     
    12455275           1   1.9693823497845351     
    12455275           2  0.83994575112578473     
    12455275           3  0.19067189908968032     
    12456667           1   1.1709699409068643     
    12456667           2  0.84798923904397505     
    12456667           3  0.98104082004916038     
    12460141           1   1.1630933935371945     
    12460141           2  0.68282586040792881     
    12460141           3   1.1540807460548768     
    12461467           1   1.8729408665755056     
    12461467           2  0.82568899902371151     
    12461467           3  0.30137013440078281     
    12467180           1   1.1252232348891917     
    12467180           2   1.0642657935691124     
    12467180           3  0.81051097154169560     
    12469107           1   1.0166108826726032     
    12469107           2  0.91890629854451344     
    12469107           3   1.0644828187828828     
    12478753           1  0.21637084636389006     
    12478753           2   1.0906784328044072     
    12478753           3   1.6929507208317027     
    12482931           1  0.97093196436098239     
    12482931           2  0.94930751117201717     
    12482931           3   1.0797605244670005     
    12492255           1  0.91552387069609298     
    12492255           2  0.97862459468233942     
    12492255           3   1.1058515346215676     
    12496750           1   1.5300194416289701     
    12496750           2  0.91117330063157509     
    12496750           3  0.55880725773945494     
    12497629           1   1.0909568163241816     
    12497629           2  0.95916286332694667     
    12497629           3  0.94988032034887160     
    12500486           1  0.94779099895203067     
    12500486           2   1.3564549296168802     
    12500486           3  0.69575407143108869     
    12526934           1   1.7272378562646551     
    12526934           2  0.69361441200466989     
    12526934           3  0.57914773173067480     
    12527124           1  0.75431014352934866     
    12527124           2   1.4806510352333933     
    12527124           3  0.76503882123725808     
    12540713           1   2.2590336177150232     
    12540713           2  0.48174175030523941     
    12540713           3  0.25922463197973766     
    12541438           1   1.4673584931348440     
    12541438           2  0.30045025604133674     
    12541438           3   1.2321912508238191     
    12542495           1   1.8275240256515166     
    12542495           2  0.46357631730063636     
    12542495           3  0.70889965704784708     
    12542914           1  0.56159153132046036     
    12542914           2  0.93408244261423368     
    12542914           3   1.5043260260653055     
    12544793           1  0.40430712249876383     
    12544793           2   1.0619296676322374     
    12544793           3   1.5337632098689991     
    12545466           1   1.0257299508034599     
    12545466           2   1.1778575527560045     
    12545466           3  0.79641249644053513     
    12546087           1   1.0917000533933841     
    12546087           2   1.1996437125723212     
    12546087           3  0.70865623403429423     
    12546434           1  0.84571085439248250     
    12546434           2   1.0610977792139078     
    12546434           3   1.0931913663936095     
    12550548           1   1.1925950928799876     
    12550548           2   1.1062897337529847     
    12550548           3  0.70111517336702733     
    12556496           1   1.0796648084208658     
    12556496           2  0.66241939634790770     
    12556496           3   1.2579157952312263     
    12572203           1   1.2178723915732592     
    12572203           2  0.74834216129274145     
    12572203           3   1.0337854471339996     
    12573013           1  0.78654830607275128     
    12573013           2   1.1138786297734105     
    12573013           3   1.0995730641538384     
    12577790           1   1.0322174600173282     
    12577790           2  0.98316062212348554     
    12577790           3  0.98462191785918607     
    12578744           1   1.0967300144637806     
    12578744           2   1.2072353183207958     
    12578744           3  0.69603466721542329     
    12583173           1  0.94382375596658752     
    12583173           2   1.3027251262843016     
    12583173           3  0.75345111774911078     
    12589257           1   1.0188002075350258     
    12589257           2   1.1180043666361628     
    12589257           3  0.86319542582881104     
    12591760           1  0.29154178002445863     
    12591760           2   1.6955206893549486     
    12591760           3   1.0129375306205930     
    12598047           1   1.2260116051688026     
    12598047           2   1.1246902078906114     
    12598047           3  0.64929818694058594     
    12600118           1  0.23765162781834862     
    12600118           2   1.5117361544511760     
    12600118           3   1.2506122177304757     
    12604393           1   1.0606772660157988     
    12604393           2  0.88606410223750043     
    12604393           3   1.0532586317467010     
    12613629           1   1.1122633293585660     
    12613629           2   1.0613379818130193     
    12613629           3  0.82639868882841472     
    12613868           1   1.0777540506309877     
    12613868           2  0.81698458955788777     
    12613868           3   1.1052613598111247     
    12613873           1   1.8573586876769059     
    12613873           2  0.55352532673258015     
    12613873           3  0.58911598559051404     
    12615930           1  0.99784930694100493     
    12615930           2   1.1131987927609683     
    12615930           3  0.88895190029802618     
    12623034           1  0.68645643117349608     
    12623034           2   1.1782075215594794     
    12623034           3   1.1353360472670249     
    12630551           1   1.3375459126755411     
    12630551           2  0.72474992613890654     
    12630551           3  0.93770416118555244     
    12636045           1   1.3623545249252134     
    12636045           2  0.73620810138570314     
    12636045           3  0.90143737368908372     
    12638226           1   1.6884635007447069     
    12638226           2  0.61517942698127026     
    12638226           3  0.69635707227402310     
    12638777           1   1.7318313583383549     
    12638777           2  0.30234236725734220     
    12638777           3  0.96582627440430302     
    12640192           1   1.3779370987910939     
    12640192           2  0.93811976214699178     
    12640192           3  0.68394313906191440     
    12642285           1   1.0935341611578271     
    12642285           2  0.85426050568610612     
    12642285           3   1.0522053331560666     
    12645892           1  0.92708280866911830     
    12645892           2   1.0300122057117731     
    12645892           3   1.0429049856191090     
    12652581           1  0.87372766826972414     
    12652581           2   1.0610761466547092     
    12652581           3   1.0651961850755665     
    12657364           1   1.8417833620207904     
    12657364           2  0.84851513829618364     
    12657364           3  0.30970149968302557     
    12657827           1   1.0451457695607826     
    12657827           2  0.93235811877615704     
    12657827           3   1.0224961116630602     
    12659575           1   1.2972388515255944     
    12659575           2  0.77335972661068464     
    12659575           3  0.92940142186372121     
    12659577           1  0.20233864097530657     
    12659577           2   1.5607552572771390     
    12659577           3   1.2369061017475542     
    12676277           1   1.3297277584062097     
    12676277           2  0.82347755180536997     
    12676277           3  0.84679468978841999     
    12677155           1  0.57501377763026151     
    12677155           2   1.1585326671176377     
    12677155           3   1.2664535552521008     
    12677659           1   1.5174708901193628     
    12677659           2  0.55995818432851552     
    12677659           3  0.92257092555212139     
    12680338           1  0.67732715574129110     
    12680338           2   1.4948577251645074     
    12680338           3  0.82781511909420180     
    12684984           1   1.3470079850479164     
    12684984           2  0.79937972093879250     
    12684984           3  0.85361229401329131     
    12687301           1   1.2002413098749376     
    12687301           2  0.90891468410186393     
    12687301           3  0.89084400602319858     
    12689282           1  0.84364274636238212     
    12689282           2   1.2193781183439945     
    12689282           3  0.93697913529362320     
    12690039           1   1.7753755213523674     
    12690039           2  0.73039267454716095     
    12690039           3  0.49423180410047202     
    12691065           1  0.93840066658448396     
    12691065           2   1.0949361487431761     
    12691065           3  0.96666318467234003     
    12691339           1  0.53703018716144779     
    12691339           2  0.90748473031361621     
    12691339           3   1.5554850825249362     
    12694895           1   1.0983220001161351     
    12694895           2   1.0341889425989192     
    12694895           3  0.86748905728494541     
    12697253           1   2.0609699582208667     
    12697253           2  0.68644901929667912     
    12697253           3  0.25258102248245395     
    12698901           1  0.80886474531173380     
    12698901           2   1.0945089417184939     
    12698901           3   1.0966263129697724     
    12700478           1   1.2583220717843213     
    12700478           2  0.71093517469022238     
    12700478           3   1.0307427535254559     
    12706392           1  0.94591346346455152     
    12706392           2  0.92513025055024656     
    12706392           3   1.1289562859852023     
    12712310           1  0.79277474513532153     
    12712310           2   1.0688459901346337     
    12712310           3   1.1383792647300448     
    12712905           1  0.78949779010178756     
    12712905           2  0.90872378508484786     
    12712905           3   1.3017784248133646     
    12715023           1  0.82771566545940023     
    12715023           2  0.95795896149460935     
    12715023           3   1.2143253730459904     
    12715524           1  0.53129657983977163     
    12715524           2  0.94241360259667262     
    12715524           3   1.5262898175635558     
    12716155           1   1.4813829290903426     
    12716155           2  0.56252105998423996     
    12716155           3  0.95609601092541774     
    12718455           1  0.96728878122535289     
    12718455           2   1.0330707497924103     
    12718455           3  0.99964046898223691     
    12720906           1  0.28041504279225055     
    12720906           2   1.4835631086945229     
    12720906           3   1.2360218485132266     
    12721419           1  0.92415467578361288     
    12721419           2  0.97178306411764970     
    12721419           3   1.1040622600987375     
    12725646           1   1.1012199449212063     
    12725646           2  0.98127649813208340     
    12725646           3  0.91750355694670982     
    12727368           1  0.78802770578485115     
    12727368           2   1.3278885808203005     
    12727368           3  0.88408371339484826     
    12728787           1  0.12415830877108415     
    12728787           2   1.3952523035789792     
    12728787           3   1.4805893876499372     
    12733725           1  0.84553429739643116     
    12733725           2   1.1494814974481993     
    12733725           3   1.0049842051553697     
    12737141           1  0.99452112508834567     
    12737141           2  0.97168308245897739     
    12737141           3   1.0337957924526768     
    12741114           1  0.95079011769218869     
    12741114           2   1.0866412844779048     
    12741114           3  0.96256859782990645     
    12745728           1   1.4793266096588293     
    12745728           2  0.41944161138894337     
    12745728           3   1.1012317789522272     
    12750183           1  0.93706346245506278     
    12750183           2   1.1270520402200077     
    12750183           3  0.93588449732492951     
    12752192           1  0.75516162867739922     
    12752192           2   1.0144452731637770     
    12752192           3   1.2303930981588238     
    12753542           1   1.7386602330834087     
    12753542           2  0.60851877638526120     
    12753542           3  0.65282099053133069     
    12754003           1  0.91067840504950859     
    12754003           2   1.2206565777849889     
    12754003           3  0.86866501716550271     
    12758601           1  0.41229105293675050     
    12758601           2  0.93865072050028275     
    12758601           3   1.6490582265629667     
    12759212           1   1.5187544744698043     
    12759212           2  0.72934708020466943     
    12759212           3  0.75189844532552630     
    12761463           1   1.2126807342545232     
    12761463           2  0.90931723247168195     
    12761463           3  0.87800203327379478     
    12762783           1   1.9742225612894830     
    12762783           2  0.61945866378612369     
    12762783           3  0.40631877492439306     
    12762971           1   1.1434882710909482     
    12762971           2   1.1860531960032228     
    12762971           3  0.67045853290582902     
    12764828           1  0.96313264403078724     
    12764828           2   1.2557315519163352     
    12764828           3  0.78113580405287752     
    12766792           1  0.84559487189058136     
    12766792           2  0.87740309526311455     
    12766792           3   1.2770020328463043     
    12766952           1   1.1937225431264638     
    12766952           2  0.79375166796090102     
    12766952           3   1.0125257889126349     
    12771221           1  0.93405460662201123     
    12771221           2  0.94656926289758136     
    12771221           3   1.1193761304804073     
    12772670           1  0.79369895288712033     
    12772670           2   1.1347033445380081     
    12772670           3   1.0715977025748717     
    12773671           1  0.99101778857140599     
    12773671           2   1.6795242746380485     
    12773671           3  0.32945793679054536     
    12773781           1   1.9916497107691828     
    12773781           2  0.84944282783609715     
    12773781           3  0.15890746139471953     
    12784463           1  0.75384166014941745     
    12784463           2  0.95068323649244946     
    12784463           3   1.2954751033581333     
    12788459           1  0.73487310002925832     
    12788459           2   1.3375034438258384     
    12788459           3  0.92762345614490360     
    12793650           1   1.0267586088296841     
    12793650           2  0.93115871396375816     
    12793650           3   1.0420826772065579     
    12794502           1  0.87307892012384358     
    12794502           2   1.0878891977653122     
    12794502           3   1.0390318821108444     
    12811412           1   1.1507022872053509     
    12811412           2  0.69052029696931660     
    12811412           3   1.1587774158253321     
    12813227           1   2.0229720588129583     
    12813227           2  0.55727010990337777     
    12813227           3  0.41975783128366345     
    12813618           1   1.0168011903167702     
    12813618           2  0.96847702114141199     
    12813618           3   1.0147217885418176     
    12813977           1  0.66420438395338965     
    12813977           2   1.1849021143165195     
    12813977           3   1.1508935017300912     
    12816600           1   1.0732404004779508     
    12816600           2  0.81995083920741685     
    12816600           3   1.1068087603146322     
    12817330           1  0.64029722279198531     
    12817330           2  0.97501713509757681     
    12817330           3   1.3846856421104381     
    12820458           1   1.4664778608669464     
    12820458           2  0.59819858411063853     
    12820458           3  0.93532355502241493     
    12823986           1  0.98398003628414554     
    12823986           2   1.0130574219434094     
    12823986           3   1.0029625417724450     
    12824459           1  0.15978616856474223     
    12824459           2   1.4314528790123955     
    12824459           3   1.4087609524228626     
    12824963           1  0.64481578858116329     
    12824963           2  0.90724095483877154     
    12824963           3   1.4479432565800647     
    12828231           1  0.77563160603795211     
    12828231           2   1.1327936969929608     
    12828231           3   1.0915746969690872     
    12829609           1  0.93598464560737327     
    12829609           2   1.5709176924697097     
    12829609           3  0.49309766192291699     
    12830859           1   1.3524153183249006     
    12830859           2  0.88194519325828713     
    12830859           3  0.76563948841681218     
    12832856           1   1.1431248410645349     
    12832856           2   1.1117613549475835     
    12832856           3  0.74511380398788085     
    12833251           1  0.85396617187288915     
    12833251           2   1.0650087144481630     
    12833251           3   1.0810251136789475     
    12835297           1  0.85663760990788007     
    12835297           2   1.0580846854720762     
    12835297           3   1.0852777046200435     
    12835618           1   1.7824483368319997     
    12835618           2  0.98289386310654725     
    12835618           3  0.23465780006145256     
    12836374           1   1.9855217371315725     
    12836374           2  0.20562528391632692     
    12836374           3  0.80885297895210073     
    12837176           1  0.84748487499205649     
    12837176           2   1.1782353410241839     
    12837176           3  0.97427978398375925     
    12838335           1  0.86230489425855628     
    12838335           2   1.5154195610645806     
    12838335           3  0.62227554467686308     
    12839114           1  0.95791965170504245     
    12839114           2   1.1352744783901978     
    12839114           3  0.90680586990476009     
    12840817           1  0.89449266074090894     
    12840817           2  0.96451670958616897     
    12840817           3   1.1409906296729224     
    12844060           1   1.0850756566277155     
    12844060           2   1.0512772649953248     
    12844060           3  0.86364707837695909     
    12845473           1   2.1890931273325398     
    12845473           2  0.70913969004219901     
    12845473           3  0.10176718262526105     
    12845602           1  0.91816459009071683     
    12845602           2  0.96469049721315125     
    12845602           3   1.1171449126961319     
    12846482           1  0.65344680216129558     
    12846482           2   1.1022399465820727     
    12846482           3   1.2443132512566319     
    12848259           1  0.71368605631604809     
    12848259           2   1.1706242647155023     
    12848259           3   1.1156896789684498     
    12851439           1   1.1117634178381237     
    12851439           2   1.0029451768064017     
    12851439           3  0.88529140535547468     
    12851481           1   1.4696288804481825     
    12851481           2  0.77069207028949771     
    12851481           3  0.75967904926231944     
    12855604           1  0.64181329952647970     
    12855604           2   1.1276220449071563     
    12855604           3   1.2305646555663641     
    12862138           1  0.84124527215987155     
    12862138           2  0.99134291948561981     
    12862138           3   1.1674118083545084     
    12863709           1   1.1144434665836076     
    12863709           2   1.0015216571117396     
    12863709           3  0.88403487630465305     
    12864940           1   1.3995662982457926     
    12864940           2   1.0590141347229682     
    12864940           3  0.54141956703123895     
    12867010           1  0.27884248068036999     
    12867010           2   1.3729741544927572     
    12867010           3   1.3481833648268728     
    12869052           1   1.2939369755190830     
    12869052           2  0.58357681809293815     
    12869052           3   1.1224862063879792     
    12869410           1   1.7415579854502907     
    12869410           2  0.25172410742201479     
    12869410           3   1.0067179071276948     
    12869766           1  0.40566703277404886     
    12869766           2  0.95552643122056824     
    12869766           3   1.6388065360053827     
    12871172           1  0.16584480946167632     
    12871172           2   1.2632649694556808     
    12871172           3   1.5708902210826430     
    12871620           1  0.87346821045742717     
    12871620           2   1.0596082054831488     
    12871620           3   1.0669235840594240     
    12872078           1   1.0607126781168545     
    12872078           2  0.81701501072538829     
    12872078           3   1.1222723111577571     
    12872945           1   1.6913229509050960     
    12872945           2  0.82314354869148054     
    12872945           3  0.48553350040342347     
    12875175           1   1.8375743200977992     
    12875175           2  0.67915352147424579     
    12875175           3  0.48327215842795518     
    12875348           1   1.0015879167550146     
    12875348           2  0.92595625260918579     
    12875348           3   1.0724558306357992     
    12875795           1  0.74728637319371960     
    12875795           2  0.94241624655460976     
    12875795           3   1.3102973802516704     
    12876735           1  0.97108953614912996     
    12876735           2   1.0947497730805933     
    12876735           3  0.93416069077027686     
    12876912           1   1.1828670471297413     
    12876912           2   1.0972656842602204     
    12876912           3  0.71986726861003847     
    12877749           1  0.77837083643987925     
    12877749           2   1.1127896643764241     
    12877749           3   1.1088394991836963     
    12878233           1  0.75459200394105486     
    12878233           2   1.0159429937110354     
    12878233           3   1.2294650023479099     
    12886994           1   1.0387218462482295     
    12886994           2   1.1792946847647852     
    12886994           3  0.78198346898698490     
    12887308           1  0.44482727767756902     
    12887308           2   1.2923140009290586     
    12887308           3   1.2628587213933724     
    12887988           1   1.3969039538536063     
    12887988           2  0.89672957581420087     
    12887988           3  0.70636647033219258     
    12891433           1   1.0416717036282643     
    12891433           2  0.84355126775260991     
    12891433           3   1.1147770286191259     
    12896792           1  0.99093556139895567     
    12896792           2  0.93011986685906434     
    12896792           3   1.0789445717419799     
    12898462           1   1.6015256204647939     
    12898462           2  0.61471197632726926     
    12898462           3  0.78376240320793722     
    12898747           1   1.5341649605183181     
    12898747           2   1.0233679169051657     
    12898747           3  0.44246712257651649     
    12898802           1   1.8843006045947572     
    12898802           2  0.76538448586993402     
    12898802           3  0.35031490953530864     
    12899059           1   1.1076638129799370     
    12899059           2   1.1794783726154834     
    12899059           3  0.71285781440457940     
    12899186           1  0.98172145984707071     
    12899186           2  0.97039203715677103     
    12899186           3   1.0478865029961582     
    12899635           1   2.3175681204008423     
    12899635           2   2.1324172026746288E-002
    12899635           3  0.66110770757241166     
    12900803           1   1.3017668794222199     
    12900803           2  0.76416958413722424     
    12900803           3  0.93406353644055584     
    12900889           1  0.87762174724412834     
    12900889           2   1.0524346409722407     
    12900889           3   1.0699436117836305     
    12903815           1  0.80661095791217086     
    12903815           2  0.95328430794208840     
    12903815           3   1.2401047341457405     
    12905538           1  0.93459841385608444     
    12905538           2   1.2899917267592884     
    12905538           3  0.77540985938462748     
    12905722           1   1.4376290287281726     
    12905722           2  0.49217946491826675     
    12905722           3   1.0701915063535605     
    12909217           1  0.41759697441992116     
    12909217           2   1.2990071910715872     
    12909217           3   1.2833958345084922     
    12910167           1   1.0339530909651398     
    12910167           2  0.79235746343490632     
    12910167           3   1.1736894455999540     
    12910467           1  0.95343008479770064     
    12910467           2  0.96137858514228913     
    12910467           3   1.0851913300600105     
    12910807           1   1.0745947894397616     
    12910807           2   1.0891101377924981     
    12910807           3  0.83629507276774118     
    12911028           1   1.2841004731980745     
    12911028           2   1.0225224150495362     
    12911028           3  0.69337711175238936     
    12912017           1  0.78778809677293937     
    12912017           2  0.93631545677537820     
    12912017           3   1.2758964464516827     
    12913427           1  0.94977530433226698     
    12913427           2   1.2920224782137133     
    12913427           3  0.75820221745401994     
    12913432           1   1.2285679391937252     
    12913432           2   1.0023713253860245     
    12913432           3  0.76906073542025044     
    12913868           1  0.83873521769306492     
    12913868           2   1.0605882039123820     
    12913868           3   1.1006765783945536     
    12913943           1   1.5502175368238962     
    12913943           2  0.71150995803681993     
    12913943           3  0.73827250513928422     
    12914363           1  0.94201291963103928     
    12914363           2   1.3038724121751646     
    12914363           3  0.75411466819379602     
    12914601           1  0.77928874980803320     
    12914601           2   1.4721186357204192     
    12914601           3  0.74859261447154768     
    12915768           1   1.0800745395637910     
    12915768           2   1.0794451347529945     
    12915768           3  0.84048032568321429     
    12915839           1   1.1026318338909720     
    12915839           2  0.92972540851798824     
    12915839           3  0.96764275759103979     
    12917886           1  0.93855641471084172     
    12917886           2   1.5752340427480456     
    12917886           3  0.48620954254111270     
    12920079           1  0.54788133881158463     
    12920079           2   1.0098332664739700     
    12920079           3   1.4422853947144454     
    12920342           1   1.7608149414798593     
    12920342           2  0.25719490881142848     
    12920342           3  0.98199014970871212     
    12922846           1  0.98274047313518453     
    12922846           2   1.1520314384779293     
    12922846           3  0.86522808838688636     
    12923578           1   1.7597029980128127     
    12923578           2  0.96595518167675987     
    12923578           3  0.27434182031042764     
    12924778           1   1.3644166855803999     
    12924778           2  0.88440312814989441     
    12924778           3  0.75118018626970562     
    12926355           1   1.2247206987874875     
    12926355           2  0.69195084745239432     
    12926355           3   1.0833284537601184     
    12927121           1  0.96097391300437907     
    12927121           2   1.0741602500395884     
    12927121           3  0.96486583695603290     
    12927942           1   1.1942115745307584     
    12927942           2  0.92030400116044619     
    12927942           3  0.88548442430879526     
    12928405           1  0.91341399222348096     
    12928405           2  0.98491926981225641     
    12928405           3   1.1016667379642622     
    12929147           1  0.75719384678423485     
    12929147           2   1.0215257969683116     
    12929147           3   1.2212803562474537     
    12932158           1   1.5598399744724059     
    12932158           2  0.88743303790410566     
    12932158           3  0.55272698762348837     
    12934829           1   1.3310170647299342     
    12934829           2  0.73496374770327788     
    12934829           3  0.93401918756678803     
    12935827           1   1.0195890694780891     
    12935827           2  0.97113240444659410     
    12935827           3   1.0092785260753163     
    12936823           1  0.62634101366493644     
    12936823           2   1.0272953442780088     
    12936823           3   1.3463636420570548     
    12937490           1  0.80081636968686543     
    12937490           2   1.1066984906307256     
    12937490           3   1.0924851396824091     
    12939700           1   1.0101611265878874     
    12939700           2   1.0094764926914335     
    12939700           3  0.98036238072067927     
    12941531           1   1.2933739735166279     
    12941531           2  0.84140069333537970     
    12941531           3  0.86522533314799233     
    12945125           1   1.5800271257808569     
    12945125           2  0.61010198053658748     
    12945125           3  0.80987089368255549     
    12945375           1   1.3479648742528998     
    12945375           2  0.93879177867055374     
    12945375           3  0.71324334707654657     
    12946342           1  0.36795557327930062     
    12946342           2   1.1471341312571879     
    12946342           3   1.4849102954635114     
    12948290           1  0.94019124843693935     
    12948290           2  0.95301817206513351     
    12948290           3   1.1067905794979274     
    12949358           1  0.94192193511406819     
    12949358           2  0.98231842235850531     
    12949358           3   1.0757596425274263     
    12950020           1  0.39525965791929113     
    12950020           2   1.1052992293066739     
    12950020           3   1.4994411127740350     
    12950334           1   1.6218398826927176     
    12950334           2  0.67289074684950245     
    12950334           3  0.70526937045778026     
    12950780           1   1.0614004595421900     
    12950780           2  0.88462277337579043     
    12950780           3   1.0539767670820195     
    12951077           1  0.84726475025900561     
    12951077           2   1.0801933820038281     
    12951077           3   1.0725418677371665     
    12951247           1  0.73066808569475550     
    12951247           2   1.3298501208868023     
    12951247           3  0.93948179341844229     
    12951266           1  0.89709577749737812     
    12951266           2   1.2285920357370730     
    12951266           3  0.87431218676554845     
    12951830           1   1.2539666780011052     
    12951830           2   1.0022733708463154     
    12951830           3  0.74375995115257965     
    12952932           1   1.0287567500301900     
    12952932           2   1.1717921835651053     
    12952932           3  0.79945106640470476     
    12953381           1  0.90694021648653844     
    12953381           2   1.1384937141587914     
    12953381           3  0.95456606935467014     
    12953434           1   1.1667157942096322     
    12953434           2  0.99960771779628255     
    12953434           3  0.83367648799408511     
    12953795           1   1.0677253963771167     
    12953795           2  0.98415688226534737     
    12953795           3  0.94811772135753614     
    12954680           1   1.1848761962518450     
    12954680           2   1.0960524706740797     
    12954680           3  0.71907133307407523     
    12955421           1  0.97161512924509619     
    12955421           2   1.3574505594653807     
    12955421           3  0.67093431128952308     
    12956479           1   1.3714933285742932     
    12956479           2  0.94776191669740184     
    12956479           3  0.68074475472830520     
    12956993           1  0.83899323099206902     
    12956993           2   1.0755714419201963     
    12956993           3   1.0854353270877346     
    12957651           1   1.3492773837654457     
    12957651           2  0.79567218178942878     
    12957651           3  0.85505043444512552     
    12958339           1  0.95589668445448839     
    12958339           2  0.92063395520365565     
    12958339           3   1.1234693603418557     
    12959104           1  0.94349844127520888     
    12959104           2  0.95613962799532715     
    12959104           3   1.1003619307294641     
    12959691           1  0.97359130734630761     
    12959691           2   1.0882637582386838     
    12959691           3  0.93814493441500857     
    12959855           1   1.7109681480924941     
    12959855           2  0.60157489770433747     
    12959855           3  0.68745695420316855     
    12960182           1   1.1327688907760785     
    12960182           2  0.93721823942567906     
    12960182           3  0.93001286979824227     
    12960802           1   1.6873178690849300     
    12960802           2  0.82119433061903202     
    12960802           3  0.49148780029603784     
    12961531           1   1.2716756753121790     
    12961531           2  0.69703223927452573     
    12961531           3   1.0312920854132952     
    12961955           1  0.50501131800814292     
    12961955           2   1.2344303172037920     
    12961955           3   1.2605583647880654     
    12962046           1  0.99770007882848744     
    12962046           2   1.6908490649963772     
    12962046           3  0.31145085617513496     
    12962989           1  0.85051150639179351     
    12962989           2   1.0420112557419379     
    12962989           3   1.1074772378662687     
    12963022           1   1.7376649098320498     
    12963022           2  0.98311865577880964     
    12963022           3  0.27921643438914057     
    12963364           1  0.74915981608286752     
    12963364           2   1.0118204132176576     
    12963364           3   1.2390197706994752     
    12963396           1   1.0059357212713809     
    12963396           2   1.1417685029158631     
    12963396           3  0.85229577581275617     
    12963767           1   1.0306653520241380     
    12963767           2   1.1113087858067849     
    12963767           3  0.85802586216907728     
    12963958           1   1.1873087187375015     
    12963958           2  0.93852933465019417     
    12963958           3  0.87416194661230406     
    12963987           1  0.93004047472635443     
    12963987           2  0.96902769517727982     
    12963987           3   1.1009318300963657     
    12964599           1  0.74535894955198623     
    12964599           2   1.0012768584489919     
    12964599           3   1.2533641919990215     
    12964897           1   1.0975667409321441     
    12964897           2   1.2060904786026272     
    12964897           3  0.69634278046522879     
    12965328           1   1.6809852548998490     
    12965328           2  0.82964584639811345     
    12965328           3  0.48936889870203776     
    12965445           1  0.64417193879613266     
    12965445           2   1.1950641706448628     
    12965445           3   1.1607638905590045     
    12965643           1  0.75328807320765623     
    12965643           2   1.0141874499390870     
    12965643           3   1.2325244768532566     
    12965993           1  0.78807964143443532     
    12965993           2   1.3279760964691971     
    12965993           3  0.88394426209636745     
    12966033           1  0.87099915123430149     
    12966033           2   1.2438386203619620     
    12966033           3  0.88516222840373593     
    12966795           1  0.53060080699179746     
    12966795           2   1.1262379777250289     
    12966795           3   1.3431612152831738     
    12966920           1   1.2136989290580660     
    12966920           2  0.95291990278817973     
    12966920           3  0.83338116815375440     
    12967237           1  0.79557442329044192     
    12967237           2   1.0801835904680870     
    12967237           3   1.1242419862414712     
    12967721           1  0.72822651700070373     
    12967721           2   1.2576559507586973     
    12967721           3   1.0141175322405991     
    12967763           1   1.9142721435342374     
    12967763           2  0.72984086521131863     
    12967763           3  0.35588699125444384     
    12968833           1  0.93642498179356959     
    12968833           2   1.1691957829375343     
    12968833           3  0.89437923526889640     
    12968989           1   1.1185793522545597     
    12968989           2   1.1933763847678043     
    12968989           3  0.68804426297763588     
    12969470           1  0.95302055557499021     
    12969470           2   1.0901670957333793     
    12969470           3  0.95681234869163034     
    12970862           1   1.3501446627919522     
    12970862           2  0.75649693698228959     
    12970862           3  0.89335840022575785     
    12971068           1   1.1134284042774414     
    12971068           2   1.0006094467453763     
    12971068           3  0.88596214897718217     
    12971999           1   1.0787503234453781     
    12971999           2  0.82416039557437648     
    12971999           3   1.0970892809802455     
    12972129           1  0.87109035419689695     
    12972129           2   1.0889063203146336     
    12972129           3   1.0400033254884693     
    12972315           1   1.1157373792846756     
    12972315           2   1.0646529712044446     
    12972315           3  0.81960964951088022     
    12972486           1  0.67118554664801622     
    12972486           2   1.0939075751730269     
    12972486           3   1.2349068781789569     
    12974829           1   1.8940193006974526E-002
    12974829           2   1.6561439333944459     
    12974829           3   1.3249158735985798     
    12974899           1   1.2793284833121317     
    12974899           2   1.0204791871054646     
    12974899           3  0.70019232958240396     
    12975049           1   1.7044264497782768     
    12975049           2  0.81049145812657220     
    12975049           3  0.48508209209515107     
    12975645           1  0.83355478020404172     
    12975645           2   1.1571436349541886     
    12975645           3   1.0093015848417697     
    12976003           1  0.80586048644604358     
    12976003           2   1.4343979156551647     
    12976003           3  0.75974159789879170     
    12976699           1  0.84713804402668724     
    12976699           2   1.2244301258523027     
    12976699           3  0.92843183012100960     
    12976885           1  0.75484963249523740     
    12976885           2   1.0225935108973101     
    12976885           3   1.2225568566074521     
    12976988           1   2.0410255486780047     
    12976988           2  0.67980611782373990     
    12976988           3  0.27916833349825565     
    12977143           1  0.91818248458221330     
    12977143           2   1.0666156246037342     
    12977143           3   1.0152018908140525     
    12977318           1   1.0900950823482727     
    12977318           2   1.2114438249674480     
    12977318           3  0.69846109268427958     
    12977348           1  0.92150058282324143     
    12977348           2   1.0494591650976781     
    12977348           3   1.0290402520790807     
    12977358           1   1.5089827120089014     
    12977358           2  0.74395660487529880     
    12977358           3  0.74706068311579976     
    12977464           1  0.92220342053175486     
    12977464           2  0.97606543053503714     
    12977464           3   1.1017311489332076     
    12977548           1  0.97714352176438013     
    12977548           2   1.1015746837935747     
    12977548           3  0.92128179444204517     
    12977584           1  0.99790416294902728     
    12977584           2   1.1154045720824137     
    12977584           3  0.88669126496855899     
    12977953           1   1.0871946168727200     
    12977953           2   1.1967391446095406     
    12977953           3  0.71606623851773910     
    12978176           1   1.0309606632238149     
    12978176           2  0.79006425257713420     
    12978176           3   1.1789750841990512     
    12978199           1   1.6756460672282247     
    12978199           2  0.36810087020168686     
    12978199           3  0.95625306257008835     
    12978205           1   1.5252819351821238     
    12978205           2  0.98250681584405941     
    12978205           3  0.49221124897381718     
    12978229           1   1.0505526108233911     
    12978229           2  0.89068999217129941     
    12978229           3   1.0587573970053097     
    12978970           1  0.94824936348089361     
    12978970           2   1.3571109295424177     
    12978970           3  0.69463970697668875     
    12979123           1   2.0736967196204517     
    12979123           2  0.69068793255532235     
    12979123           3  0.23561534782422658     
    12979131           1   1.8673240837062943     
    12979131           2  0.78551715305732850     
    12979131           3  0.34715876323637712     
    12979358           1  0.95554390891223329     
    12979358           2  0.92029419344064589     
    12979358           3   1.1241618976471206     
    12979490           1   1.1118526457384201     
    12979490           2  0.99919335310713520     
    12979490           3  0.88895400115444423     
    12979840           1   1.6520859272658188     
    12979840           2  0.40330812513854308     
    12979840           3  0.94460594759563810     
    12980636           1  0.91646610993509803     
    12980636           2   1.0674950062030957     
    12980636           3   1.0160388838618062     
    12981498           1   1.2456077286478999     
    12981498           2   1.0162738502644526     
    12981498           3  0.73811842108764802     
    12981562           1  0.90898418234491996     
    12981562           2  0.96894455691006931     
    12981562           3   1.1220712607450105     
    12981908           1   1.7292315788505794     
    12981908           2  0.71140897381867596     
    12981908           3  0.55935944733074461     
    12981968           1  0.96478808904814439     
    12981968           2   1.1309865019669485     
    12981968           3  0.90422540898490700     
    12982126           1  0.41951983846848551     
    12982126           2  0.95510828051613395     
    12982126           3   1.6253718810153803     
    12982133           1   2.1790798527806157     
    12982133           2  0.71961846454352218     
    12982133           3  0.10130168267586226     
    12982293           1   2.0881356302379888     
    12982293           2  0.69549711281221316     
    12982293           3  0.21636725694979780     
    12982335           1   1.0322448014152790     
    12982335           2   1.1816813554180161     
    12982335           3  0.78607384316670503     
    12982395           1   1.1343867962729888     
    12982395           2   1.1766129301350956     
    12982395           3  0.68900027359191529     
    12983012           1   1.1287906021781715     
    12983012           2   1.0771085479336782     
    12983012           3  0.79410084988814988     
    12983511           1   1.0488803372098430     
    12983511           2   1.1625117253371133     
    12983511           3  0.78860793745304347     
    12984184           1   1.1400416882184941     
    12984184           2   1.1915206049345217     
    12984184           3  0.66843770684698423     
    12984342           1  0.99868359565614129     
    12984342           2   1.0320929788382243     
    12984342           3  0.96922342550563434     
    12984367           1   1.2809023402158177     
    12984367           2  0.80140046403251675     
    12984367           3  0.91769719575166531     
    12984450           1   1.3265554842386846     
    12984450           2  0.74885405064919652     
    12984450           3  0.92459046511211873     
    12984555           1   1.1221233862581281     
    12984555           2   1.1049014612677013     
    12984555           3  0.77297515247417048     
    12984687           1  0.20553771863266360     
    12984687           2   1.5854315981287472     
    12984687           3   1.2090306832385895     
    12985008           1  0.92583911617232206     
    12985008           2   1.1494866108893678     
    12985008           3  0.92467427293831017     
    12985485           1   1.2039252061152752     
    12985485           2  0.90967887583535545     
    12985485           3  0.88639591804936957     
    12985488           1  0.74218902098284689     
    12985488           2   1.0203076108378222     
    12985488           3   1.2375033681793310     
    12985831           1   1.0737853210291592     
    12985831           2   1.1476728939412555     
    12985831           3  0.77854178502958515     
    12986553           1  0.98732135739402549     
    12986553           2  0.98636694411697656     
    12986553           3   1.0263116984889977     
    12986959           1  0.70704475903792141     
    12986959           2   1.1677226000420933     
    12986959           3   1.1252326409199851     
    12987013           1   1.9718942892985387     
    12987013           2  0.62086468833103281     
    12987013           3  0.40724102237042820     
    12987430           1  0.29505350937457225     
    12987430           2   1.4245869088186738     
    12987430           3   1.2803595818067546     
    12987584           1   1.9252268927094549     
    12987584           2  0.38422608345334441     
    12987584           3  0.69054702383720090     
    12987661           1   1.0403650172761154     
    12987661           2   1.1764144813348505     
    12987661           3  0.78322050138903387     
    12988243           1   1.5249645539047709     
    12988243           2  0.73232932873783885     
    12988243           3  0.74270611735739089     
    12988265           1  0.81256198071681407     
    12988265           2   1.0887267445217521     
    12988265           3   1.0987112747614340     
    12988285           1  0.82588906127491468     
    12988285           2  0.95584493620712085     
    12988285           3   1.2182660025179644     
    12988319           1  0.16107298738234879     
    12988319           2   1.4188207721803725     
    12988319           3   1.4201062404372791     
    12988451           1   1.0819794596906667     
    12988451           2   1.0482775096990133     
    12988451           3  0.86974303061031977     
    12988555           1   1.4874739629380844     
    12988555           2  0.55249882573592812     
    12988555           3  0.96002721132598789     
    12988562           1  0.78658576666443747     
    12988562           2   1.1487920188985330     
    12988562           3   1.0646222144370296     
    12988685           1  0.80586202139351137     
    12988685           2   1.0888812828998795     
    12988685           3   1.1052566957066092     
    12988944           1   1.4094458171220763     
    12988944           2  0.81601971135743268     
    12988944           3  0.77453447152049104     
    12989082           1   1.3742408962556285     
    12989082           2  0.73086454992556138     
    12989082           3  0.89489455381881022     
    12989395           1  0.98250457659671053     
    12989395           2   1.0960802407153929     
    12989395           3  0.92141518268789713     
    12989429           1   1.6172249106612302     
    12989429           2  0.60781121229125301     
    12989429           3  0.77496387704751712     
    12989667           1  0.57767331573500702     
    12989667           2   1.1663664614580607     
    12989667           3   1.2559602228069324     
    12989931           1   2.0044145542291725     
    12989931           2  0.85488706065821873     
    12989931           3  0.14069838511260879     
    12989961           1   1.1401504243625966     
    12989961           2   1.1088685461974508     
    12989961           3  0.75098102943995271     
    12990045           1  0.95028309552643730     
    12990045           2  0.92940387489366016     
    12990045           3   1.1203130295799024     
    12990352           1   1.0149886407959097     
    12990352           2   1.1853127613020542     
    12990352           3  0.79969859790203601     
    12990544           1  0.76589593663684563     
    12990544           2   1.1190382047686027     
    12990544           3   1.1150658585945514     
    12990576           1  0.93761008845084504     
    12990576           2   1.3138991422819095     
    12990576           3  0.74849076926724523     
    12990712           1   1.1584246673952063     
    12990712           2   1.1365831669748614     
    12990712           3  0.70499216562993228     
    12990721           1  0.40982225848366716     
    12990721           2  0.93954623685840477     
    12990721           3   1.6506315046579281     
    12990730           1  0.79837676152748427     
    12990730           2   1.1033270427309114     
    12990730           3   1.0982961957416042     
    12990753           1   2.1746509968164238     
    12990753           2  0.72425321042080237     
    12990753           3  0.10109579276277388     
    12990774           1  0.68190279297589118     
    12990774           2   1.1703918313987696     
    12990774           3   1.1477053756253393     
    12991120           1   1.3812296294833493     
    12991120           2  0.90549737876493674     
    12991120           3  0.71327299175171432     
    12991207           1  0.70405417333479914     
    12991207           2   1.1592077470783557     
    12991207           3   1.1367380795868449     
    12991208           1  0.39842349870025440     
    12991208           2  0.99203226670134936     
    12991208           3   1.6095442345983964     
    12991252           1  0.48396916053571792     
    12991252           2   1.3533790422790810     
    12991252           3   1.1626517971852011     
    12991348           1   1.1319546623930423     
    12991348           2  0.99222050833456821     
    12991348           3  0.87582482927238958     
    12991352           1   1.2172600513374863     
    12991352           2  0.74947428375595981     
    12991352           3   1.0332656649065539     
    12991462           1   1.6369680847497625     
    12991462           2  0.42706983037372248     
    12991462           3  0.93596208487651500     
    12991488           1   1.1223560735871163     
    12991488           2   1.1951231950136962     
    12991488           3  0.68252073139918756     
    12991685           1   1.3970797241134989     
    12991685           2  0.95115234188526776     
    12991685           3  0.65176793400123345     
    12991722           1  0.73276865154601167     
    12991722           2   1.3250486797519963     
    12991722           3  0.94218266870199219     
    12991787           1   1.0071449279121931     
    12991787           2  0.93109364408599116     
    12991787           3   1.0617614280018155     
    12991897           1   1.3400300601787687     
    12991897           2  0.74733205067027952     
    12991897           3  0.91263788915095223     
    12991902           1   1.3454780872421523     
    12991902           2  0.71125679622274562     
    12991902           3  0.94326511653510225     
    12991933           1  0.95389654407377655     
    12991933           2   1.2846112675744352     
    12991933           3  0.76149218835178822     
    12992021           1   1.0363590286420759     
    12992021           2  0.79138782091716231     
    12992021           3   1.1722531504407621     
    12992093           1   1.1013166055414041     
    12992093           2  0.81448011497063122     
    12992093           3   1.0842032794879650     
    12992239           1  0.95080589281837524     
    12992239           2   1.0541167825182403     
    12992239           3  0.99507732466338472     
    12992466           1   1.0930286980418624     
    12992466           2   1.2089674732595332     
    12992466           3  0.69800382869860400     
    12992494           1   1.3769280866295313     
    12992494           2  0.86500356993447713     
    12992494           3  0.75806834343599216     
    12992542           1   1.2225792135006672     
    12992542           2  0.99748520820941688     
    12992542           3  0.77993557828991589     
    12992662           1   1.0874074302500631     
    12992662           2   1.2084569850204014     
    12992662           3  0.70413558472953575     
    12992687           1   1.1324856917523458     
    12992687           2   1.0806344565991504     
    12992687           3  0.78687985164850416     
    12992826           1  0.83272134268790055     
    12992826           2   1.1863974246818403     
    12992826           3  0.98088123263025895     
    12993064           1  0.40224921173106687     
    12993064           2  0.97275150553191092     
    12993064           3   1.6249992827370223     
    12993070           1  0.91517172500310096     
    12993070           2   1.0887393837430199     
    12993070           3  0.99608889125387923     
    12993103           1  0.83061954877555344     
    12993103           2   1.3862967365534895     
    12993103           3  0.78308371467095705     
    12993234           1   1.7100484396094284     
    12993234           2  0.80697442527649343     
    12993234           3  0.48297713511407808     
    12993298           1  0.51569207198045375     
    12993298           2   1.1236723662602275     
    12993298           3   1.3606355617593187     
    12993369           1   1.1055794861598589     
    12993369           2  0.98516120379860994     
    12993369           3  0.90925931004153093     
    12993408           1   1.0186368324057378     
    12993408           2   1.1038540189692567     
    12993408           3  0.87750914862500595     
    12993415           1  0.64347599488960494     
    12993415           2   1.0130801029145444     
    12993415           3   1.3434439021958506     
    12993464           1  0.19408960684886353     
    12993464           2   1.0994086429200201     
    12993464           3   1.7065017502311164     
    12993806           1   1.3432387943192716     
    12993806           2  0.93550029454379635     
    12993806           3  0.72126091113693203     
    12994096           1   1.0055628635556697     
    12994096           2   1.1089100436967219     
    12994096           3  0.88552709274760877     
    12994183           1  0.52960623490759717     
    12994183           2   1.0173593328763075     
    12994183           3   1.4530344322160955     
    12994281           1   2.0770113901752860     
    12994281           2  0.67472242404061877     
    12994281           3  0.24826618578409532     
    12994298           1   1.1906217339218645     
    12994298           2  0.67259286182072209     
    12994298           3   1.1367854042574135     
    12994332           1  0.58220419122777400     
    12994332           2   1.1550974603663744     
    12994332           3   1.2626983484058516     
    12994359           1   1.1135704508387310     
    12994359           2   1.0843122092377784     
    12994359           3  0.80211733992349088     
    12994360           1  0.15929922607856398     
    12994360           2   1.4362329688139224     
    12994360           3   1.4044678051075135     
    12994367           1  0.66459238647339935     
    12994367           2   1.1210404185044478     
    12994367           3   1.2143671950221526     
    12994379           1   1.0419650805212177     
    12994379           2   1.1075672119613496     
    12994379           3  0.85046770751743261     
    12994392           1  0.85306241492003576     
    12994392           2   1.5313318029231064     
    12994392           3  0.61560578215685813     
    12994474           1   1.8958589801793765E-002
    12994474           2   1.6548386328457754     
    12994474           3   1.3262027773524312     
    12994499           1  0.94950630925596380     
    12994499           2   1.2903802990583584     
    12994499           3  0.76011339168567771     
    12994627           1   1.8736546745411118     
    12994627           2  0.77268773415910008     
    12994627           3  0.35365759129978835     
    12994707           1  0.64622377949707188     
    12994707           2   1.1353709563851990     
    12994707           3   1.2184052641177292     
    12994826           1   1.2035691658336984     
    12994826           2   1.0639647044399438     
    12994826           3  0.73246612972635794     
    12994864           1   1.0663474724571655     
    12994864           2   1.0937752526919846     
    12994864           3  0.83987727485085062     
    12994927           1  0.95867007386701375     
    12994927           2   1.0807487947886785     
    12994927           3  0.96058113134430823     
    12995076           1   1.1883439642099118     
    12995076           2  0.91578220169819657     
    12995076           3  0.89587383409189103     
    12995078           1  0.84530565413728653     
    12995078           2   1.5488470154867828     
    12995078           3  0.60584733037593042     
    12995120           1  0.71410859007240501     
    12995120           2   1.1695411932523885     
    12995120           3   1.1163502166752064     
    12995128           1   1.0667477890411654     
    12995128           2  0.98600258437818555     
    12995128           3  0.94724962658064915     
    12995138           1  0.99777735165838000     
    12995138           2  0.92243342998105893     
    12995138           3   1.0797892183605611     
    12995147           1  0.86873908567749658     
    12995147           2   1.2377127391035634     
    12995147           3  0.89354817521893992     
    12995208           1  0.51258453450032748     
    12995208           2  0.94955682033448963     
    12995208           3   1.5378586451651832     
    12995220           1  0.40511743712754700     
    12995220           2   1.0640579930970551     
    12995220           3   1.5308245697753982     
    12995224           1   1.0174759622646943     
    12995224           2  0.97216860701312779     
    12995224           3   1.0103554307221780     
    12995396           1  0.84709790037687749     
    12995396           2   1.1776973406643694     
    12995396           3  0.97520475895875325     
    12995453           1  0.86390463743374812     
    12995453           2   1.5169177719197118     
    12995453           3  0.61917759064653977     
    12995531           1  0.86091064649819804     
    12995531           2   1.0492733161088617     
    12995531           3   1.0898160373929404     
    12995589           1  0.94243871972968862     
    12995589           2   1.0388872498520207     
    12995589           3   1.0186740304182909     
    12995619           1  0.76666173182514541     
    12995619           2  0.97064692333426805     
    12995619           3   1.2626913448405868     
    12995641           1   2.0632759494502575     
    12995641           2  0.68721707775944707     
    12995641           3  0.24950697279029604     
    12995731           1  0.83313733113228960     
    12995731           2   1.1860888436714232     
    12995731           3  0.98077382519628742     
    12995794           1  0.29007742160426536     
    12995794           2   1.4005612007030908     
    12995794           3   1.3093613776926436     
    12995809           1  0.94299259274991865     
    12995809           2  0.96296431039956076     
    12995809           3   1.0940430968505204     
    12995828           1  0.61649971489403943     
    12995828           2  0.91814859493105783     
    12995828           3   1.4653516901749029     
    12995855           1   1.0143283820320748     
    12995855           2   1.1040364022572007     
    12995855           3  0.88163521571072456     
    12995867           1   1.2012653398807769     
    12995867           2  0.90969015808497933     
    12995867           3  0.88904450203424368     
    12995899           1  0.74549130460000224     
    12995899           2  0.95421751228179952     
    12995899           3   1.3002911831181985     
    12995933           1   1.2198296234852217     
    12995933           2   1.0165796645997209     
    12995933           3  0.76359071191505756     
    12996047           1  0.76931216276914116     
    12996047           2   1.1173270545939720     
    12996047           3   1.1133607826368870     
    12996057           1  0.96468153011871738     
    12996057           2   1.0982073742279495     
    12996057           3  0.93711109565333361     
    12996081           1   1.0051031536406227     
    12996081           2   1.6607563141924808     
    12996081           3  0.33414053216689610     
    12996116           1   1.1963545880418087     
    12996116           2  0.70300711018017747     
    12996116           3   1.1006383017780139     
    12996145           1   1.1186633616707149     
    12996145           2  0.96723522416183461     
    12996145           3  0.91410141416745061     
    12996175           1  0.75394628262463559     
    12996175           2  0.95081517777217461     
    12996175           3   1.2952385396031898     
    12996189           1   1.9853248636116245     
    12996189           2  0.85477093267479021     
    12996189           3  0.15990420371358574     
    12996202           1   1.0427384667202126     
    12996202           2  0.93712055509740211     
    12996202           3   1.0201409781823854     
    12996223           1   1.4005660678463094     
    12996223           2   1.0576276061493890     
    12996223           3  0.54180632600430179     
    12996245           1   1.0919511336759495     
    12996245           2  0.65818122990983197     
    12996245           3   1.2498676364142185     
    12996320           1  0.96226763556895922     
    12996320           2   1.0356226118868177     
    12996320           3   1.0021097525442233     
    12996325           1  0.65910608226286616     
    12996325           2   1.0259138145359490     
    12996325           3   1.3149801032011843     
    12996352           1  0.95195182844547777     
    12996352           2   1.0340839677111400     
    12996352           3   1.0139642038433818     
    12996366           1  0.57119207095548241     
    12996366           2   1.1508327263525311     
    12996366           3   1.2779752026919866     
    12996367           1   1.0255377756573234     
    12996367           2  0.91485918119652188     
    12996367           3   1.0596030431461547     
    12996375           1   1.4844869087750321     
    12996375           2  0.60069378066501533     
    12996375           3  0.91481931055995247     
    12996378           1  0.56940569863031065     
    12996378           2   1.1274869987106770     
    12996378           3   1.3031073026590123     
    12996411           1   1.8590753925970867     
    12996411           2  0.75513825134200452     
    12996411           3  0.38578635606090894     
    12996417           1   1.5595906409529325     
    12996417           2  0.69767302550828525     
    12996417           3  0.74273633353878266     
    12996432           1   1.0889991746849945     
    12996432           2  0.83199047182858121     
    12996432           3   1.0790103534864246     
    12996435           1  0.57025054088919014     
    12996435           2   1.1489357399127134     
    12996435           3   1.2808137191980962     
    12996485           1  0.66180146808068474     
    12996485           2   1.1914686586293737     
    12996485           3   1.1467298732899418     
    12996527           1   1.3072844680270368     
    12996527           2  0.75469293158147432     
    12996527           3  0.93802260039148910     
    12996537           1   1.0046704044278243     
    12996537           2  0.92880597621954675     
    12996537           3   1.0665236193526284     
    12996580           1  0.79448013959255581     
    12996580           2   1.3387614386003659     
    12996580           3  0.86675842180707829     
    12996594           1   1.0599773281555323     
    12996594           2  0.66921059032808450     
    12996594           3   1.2708120815163835     
    12996613           1  0.81438972265696807     
    12996613           2   1.0878170449029343     
    12996613           3   1.0977932324400979     
    12996618           1   1.0237052310562700     
    12996618           2   1.1775115004140986     
    12996618           3  0.79878326852963166     
    12996630           1  0.85351432482426604     
    12996630           2   1.2137959325769416     
    12996630           3  0.93268974259879212     
    12996666           1  0.94299601162106628     
    12996666           2   1.1438328036524115     
    12996666           3  0.91317118472652237     
    12996668           1  0.57301299638886205     
    12996668           2   1.1649401193207218     
    12996668           3   1.2620468842904158     
    12996686           1  0.83827200977109717     
    12996686           2   1.1654269432394699     
    12996686           3  0.99630104698943311     
    12996692           1  0.84203006867681551     
    12996692           2   1.2260539099083330     
    12996692           3  0.93191602141485130     
    12996708           1   1.0866936299225716     
    12996708           2   1.1975700999345986     
    12996708           3  0.71573627014283014     
    12996729           1  0.96514872634529902     
    12996729           2   1.1212020664135616     
    12996729           3  0.91364920724113918     
    12996739           1   2.0663559741011026     
    12996739           2  0.68251173810821042     
    12996739           3  0.25113228779068719     
    12996753           1   1.0538492104351618     
    12996753           2   1.1595511824773863     
    12996753           3  0.78659960708745191     
    12996760           1  0.79095408529384015     
    12996760           2   1.4441428341576386     
    12996760           3  0.76490308054852174     
    12996804           1   1.0977763304696497     
    12996804           2   1.2055249626667517     
    12996804           3  0.69669870686359814     
    12996827           1  0.70579535170976138     
    12996827           2   1.4765357721739445     
    12996827           3  0.81766887611629424     
    12996846           1  0.16475530285390957     
    12996846           2   1.2549660330219767     
    12996846           3   1.5802786641241136     
    12996851           1   1.1243969995773642     
    12996851           2  0.94142033797211122     
    12996851           3  0.93418266245052484     
    12996864           1  0.79254176804527776     
    12996864           2   1.3183102182866766     
    12996864           3  0.88914801366804586     
    12996880           1   1.0283658583812105     
    12996880           2   1.1863696250634854     
    12996880           3  0.78526451655530416     
    12996885           1   1.3547620408718537     
    12996885           2  0.79562989339902512     
    12996885           3  0.84960806572912118     
    12996887           1  0.77959106541636991     
    12996887           2   1.0034055800872099     
    12996887           3   1.2170033544964203     
    12996888           1   1.8149987404315797     
    12996888           2  0.46852859412543424     
    12996888           3  0.71647266544298582     
    12996903           1   1.1481571304601235     
    12996903           2   1.1040948351046318     
    12996903           3  0.74774803443524485     
    12996919           1  0.91594606871979201     
    12996919           2   1.0687461871288559     
    12996919           3   1.0153077441513518     
    12996931           1  0.27160852648031109     
    12996931           2   1.4262904977443920     
    12996931           3   1.3021009757752970     
    12996933           1   1.2590345596916885     
    12996933           2   1.0063240389814274     
    12996933           3  0.73464140132688405     
    12996946           1   1.7353370860956507     
    12996946           2  0.76649413464134264     
    12996946           3  0.49816877926300696     
    12996965           1   1.1769503269432180     
    12996965           2  0.65521936902821487     
    12996965           3   1.1678303040285674     
    12996972           1   1.1561699878268792     
    12996972           2  0.89908053963107981     
    12996972           3  0.94474947254204111     
    12996973           1  0.97484210837767526     
    12996973           2   1.0177114688820397     
    12996973           3   1.0074464227402851     
    12996979           1  0.82680368491313694     
    12996979           2  0.88505599461921003     
    12996979           3   1.2881403204676529     
    12996982           1  0.76927433483028440     
    12996982           2  0.96951144148408452     
    12996982           3   1.2612142236856303     
    12996985           1  0.96826851577750062     
    12996985           2   1.0915695190496997     
    12996985           3  0.94016196517279960     
    12996987           1   2.5050017761546082     
    12996987           2  0.14016217267261091     
    12996987           3  0.35483605117278055     
    12996989           1   1.1359949611176368     
    12996989           2  0.72003815876823751     
    12996989           3   1.1439668801141256     
    12996994           1  0.53646216031525995     
    12996994           2  0.95157630661196313     
    12996994           3   1.5119615330727769     
    12996996           1   1.7104184771400648     
    12996996           2  0.83243707789048538     
    12996996           3  0.45714444496944967     
    12996999           1  0.64358665764280776     
    12996999           2   1.1953610719967107     
    12996999           3   1.1610522703604818     
    12997002           1  0.91140928139287125     
    12997002           2   1.0633173831338147     
    12997002           3   1.0252733354733137     
    12997004           1   1.0822059466772402     
    12997004           2   1.2309770190298399     
    12997004           3  0.68681703429291996     
    12997031           1   1.8166805540816544     
    12997031           2  0.46786363467607706     
    12997031           3  0.71545581124226887     
    12997036           1   1.1278059462690986     
    12997036           2  0.95062189385310003     
    12997036           3  0.92157215987780150     
    12997038           1   1.0086180694668176     
    12997038           2   1.0102593097885428     
    12997038           3  0.98112262074463952     
    12997050           1  0.53042679733132070     
    12997050           2  0.94578206519552399     
    12997050           3   1.5237911374731552     
    12997068           1  0.88747128152590193     
    12997068           2   1.2002364154771490     
    12997068           3  0.91229230299694908     
    12997083           1  0.91687382966792397     
    12997083           2   1.0857070858147018     
    12997083           3  0.99741908451737415     
    12997099           1  0.94744709627717849     
    12997099           2   1.2841386526486149     
    12997099           3  0.76841425107420669     
    12997103           1   1.1184885217849332     
    12997103           2   1.0758515963877822     
    12997103           3  0.80565988182728465     
    12997105           1   1.0309953647285668     
    12997105           2  0.96035227090257014     
    12997105           3   1.0086523643688627     
    12997106           1  0.95654313737129704     
    12997106           2   1.0830397458530261     
    12997106           3  0.96041711677567698     
    12997107           1  0.75041645185910621     
    12997107           2   1.0269218184534747     
    12997107           3   1.2226617296874192     
    12997115           1  0.68642087733632851     
    12997115           2   1.0204470268124588     
    12997115           3   1.2931320958512129     
    12997117           1   1.0948135617484447     
    12997117           2  0.94440480527442749     
    12997117           3  0.96078163297712771     
    12997120           1  0.78054715481870485     
    12997120           2   1.4744958309101996     
    12997120           3  0.74495701427109562     
    12997126           1  0.96050781116372430     
    12997126           2  0.97344740393080520     
    12997126           3   1.0660447849054706     
    12997135           1  0.78270962214778128     
    12997135           2   1.1158103764666905     
    12997135           3   1.1014800013855284     
    12997137           1  0.78660735226057987     
    12997137           2  0.92816424463156266     
    12997137           3   1.2852284031078574     
    12997142           1   1.1841620876062764     
    12997142           2  0.94015851754112834     
    12997142           3  0.87567939485259516     
    12997144           1   1.1687597000477652     
    12997144           2  0.80472135495741581     
    12997144           3   1.0265189449948189     
    12997148           1  0.36924004368074564     
    12997148           2   1.1511385816449220     
    12997148           3   1.4796213746743321     
    12997151           1  0.96930588194378020     
    12997151           2   1.1289444157137183     
    12997151           3  0.90174970234250151     
    12997155           1  0.83830652350558910     
    12997155           2  0.89569817513752303     
    12997155           3   1.2659953013568879     
    12997156           1   1.2195669982348485     
    12997156           2  0.68903907543086740     
    12997156           3   1.0913939263342844     
    12997157           1   1.1794375216299016     
    12997157           2   1.1027823447091560     
    12997157           3  0.71778013366094273     
    12997159           1  0.64906731861365297     
    12997159           2   1.0369225074070163     
    12997159           3   1.3140101739793308     
    12997166           1   1.1695729527774792     
    12997166           2  0.84863692162026816     
    12997166           3  0.98179012560225265     
    12997168           1   1.0185819871909472     
    12997168           2  0.99288317847553420     
    12997168           3  0.98853483433351819     
    12997169           1   2.0469618338466011     
    12997169           2  0.67305787670546802     
    12997169           3  0.27998028944793052     
    12997171           1   1.0216925034171032     
    12997171           2  0.92656430573555681     
    12997171           3   1.0517431908473402     
    12997175           1  0.79568608172864597     
    12997175           2   1.4610575820565006     
    12997175           3  0.74325633621485343     
    12997181           1  0.81171662142137124     
    12997181           2   1.4448215906506352     
    12997181           3  0.74346178792799378     
    12997182           1  0.76263639534027794     
    12997182           2   1.0244864900651707     
    12997182           3   1.2128771145945512     
    12997183           1   1.5102654186424012     
    12997183           2  0.73352698689447671     
    12997183           3  0.75620759446312191     
    12997184           1  0.78025004436464618     
    12997184           2   1.4739345731782039     
    12997184           3  0.74581538245715029     
    12997189           1  0.91563118754244277     
    12997189           2   1.0842356234203008     
    12997189           3   1.0001331890372567     
    12997200           1  0.53935207154580944     
    12997200           2  0.89843760662322547     
    12997200           3   1.5622103218309649     
    12997204           1  0.54000280405743117     
    12997204           2   1.1461943856728587     
    12997204           3   1.3138028102697104     
    12997205           1  0.16397907299951583     
    12997205           2   1.4293396771618334     
    12997205           3   1.4066812498386507     
    12997206           1   1.1373743216366732     
    12997206           2   1.1887327926325699     
    12997206           3  0.67389288573075712     
    12997211           1  0.79028062582980707     
    12997211           2   1.3231081228414565     
    12997211           3  0.88661125132873675     
    12997212           1  0.84968030300175801     
    12997212           2   1.1431028960472309     
    12997212           3   1.0072168009510107     
    12997213           1  0.84871895517639828     
    12997213           2   1.0768983172398570     
    12997213           3   1.0743827275837448     
    12997215           1  0.77144963598169813     
    12997215           2  0.96893349784903315     
    12997215           3   1.2596168661692688     
    12997217           1  0.86793427838932091     
    12997217           2   1.5253126729850952     
    12997217           3  0.60675304862558410     
    12997218           1   1.0412722769910787     
    12997218           2  0.99763013262652467     
    12997218           3  0.96109759038239639     
    12997220           1  0.88027017466165713     
    12997220           2   1.0464183172648207     
    12997220           3   1.0733115080735225     
    12997222           1  0.98039581501622797     
    12997222           2   1.0004915257006870     
    12997222           3   1.0191126592830848     
    12997223           1   1.1468964415367469     
    12997223           2   1.1189863355185161     
    12997223           3  0.73411722294473758     
    12997224           1   1.9578083422503474     
    12997224           2  0.84937848153730677     
    12997224           3  0.19281317621234600     
    12997226           1  0.84184870263517098     
    12997226           2   1.0562520087813949     
    12997226           3   1.1018992885834342     
    12997228           1  0.96433331097094277     
    12997228           2   1.1227893872880932     
    12997228           3  0.91287730174096415     
    12997229           1   1.1675009913351684     
    12997229           2  0.70060096361385171     
    12997229           3   1.1318980450509799     
