    10390465           1  0.95851846044778799     
    10390465           2  0.73948279889863378     
    10390465           3   1.3019987406535778     
    11306634           1   1.1987580021347053     
    11306634           2  0.73502949696874387     
    11306634           3   1.0662125008965504     
    11389937           1  0.49912756623780558     
    11389937           2   1.1058088971044431     
    11389937           3   1.3950635366577515     
    11439320           1   1.2236053799174349     
    11439320           2  0.46644662611338372     
    11439320           3   1.3099479939691814     
    11475650           1  0.35566117839493461     
    11475650           2  0.99322178916313575     
    11475650           3   1.6511170324419298     
    11512162           1   1.1008533824478994     
    11512162           2   1.4452759912490987     
    11512162           3  0.45387062630300207     
    11587749           1  0.86821935207033518     
    11587749           2  0.71260781537580753     
    11587749           3   1.4191728325538571     
    11625144           1  0.63558255171784439     
    11625144           2   1.5211934224666610     
    11625144           3  0.84322402581549427     
    11689656           1   1.0719298017885805     
    11689656           2  0.52641645238782520     
    11689656           3   1.4016537458235943     
    11697688           1  0.74194195158829490     
    11697688           2   1.2407138008322627     
    11697688           3   1.0173442475794423     
    11700241           1   1.2954503967553712     
    11700241           2  0.70122101458569108     
    11700241           3   1.0033285886589376     
    11756173           1   1.2097830251764889     
    11756173           2  0.57893103964229320     
    11756173           3   1.2112859351812175     
    11945463           1   1.1055599024769609     
    11945463           2   1.1119503407677087     
    11945463           3  0.78248975675533039     
    11952029           1  0.93207450996505226     
    11952029           2   1.2414607074294741     
    11952029           3  0.82646478260547351     
    11954758           1  0.96313624315974533     
    11954758           2   1.0360166436982023     
    11954758           3   1.0008471131420524     
    11997283           1   1.1908498959506415     
    11997283           2  0.98037707340493496     
    11997283           3  0.82877303064442343     
    12036140           1  0.85253957842996730     
    12036140           2   1.0744728714914249     
    12036140           3   1.0729875500786077     
    12099423           1  0.95031413783078456     
    12099423           2   1.3476388939243304     
    12099423           3  0.70204696824488511     
    12105589           1  0.96970091518752566     
    12105589           2   1.1334968557250378     
    12105589           3  0.89680222908743612     
    12129345           1  0.98272166071833744     
    12129345           2  0.82198200314920389     
    12129345           3   1.1952963361324584     
    12136139           1  0.63687333697142900     
    12136139           2  0.72992907471701152     
    12136139           3   1.6331975883115595     
    12159521           1   1.2522536514237632     
    12159521           2  0.40492723144262033     
    12159521           3   1.3428191171336166     
    12171851           1  0.48527674849663455     
    12171851           2   1.1749786420612063     
    12171851           3   1.3397446094421590     
    12182706           1  0.63463445299693699     
    12182706           2  0.67603761249968741     
    12182706           3   1.6893279345033760     
    12200471           1  0.85223523092728704     
    12200471           2  0.44943214601492132     
    12200471           3   1.6983326230577913     
    12228962           1   1.1323185005419083     
    12228962           2  0.16366871877569630     
    12228962           3   1.7040127806823955     
    12230731           1  0.74427493693562630     
    12230731           2  0.67982086949018072     
    12230731           3   1.5759041935741931     
    12233633           1   1.0064207302050610     
    12233633           2   1.0821238782853206     
    12233633           3  0.91145539150961830     
    12258722           1  0.48484962246863711     
    12258722           2  0.95065905029073983     
    12258722           3   1.5644913272406231     
    12289303           1   1.3164965191709941     
    12289303           2  0.97041405113995149     
    12289303           3  0.71308942968905431     
    12289527           1  0.98224542119507097     
    12289527           2  0.64536565739574570     
    12289527           3   1.3723889214091833     
    12289900           1  0.91407376168200805     
    12289900           2  0.57673653081738474     
    12289900           3   1.5091897075006073     
    12302866           1  0.67713260667843456     
    12302866           2   1.2758385890694568     
    12302866           3   1.0470288042521090     
    12321334           1  0.83071941195252252     
    12321334           2   1.1845146578412800     
    12321334           3  0.98476593020619763     
    12328814           1  0.84224804295468825     
    12328814           2   1.1428049839881276     
    12328814           3   1.0149469730571841     
    12335269           1  0.77030420184753867     
    12335269           2  0.60867001734913373     
    12335269           3   1.6210257808033270     
    12335621           1  0.95845812294445842     
    12335621           2  0.91712897010880567     
    12335621           3   1.1244129069467366     
    12336790           1   1.0475579066509337     
    12336790           2   1.2319009132343048     
    12336790           3  0.72054118011476154     
    12338737           1   1.2607941475267479     
    12338737           2  0.71772772345249847     
    12338737           3   1.0214781290207535     
    12359608           1  0.71419696650354114     
    12359608           2  0.60125959196273304     
    12359608           3   1.6845434415337259     
    12365888           1  0.94295183832699414     
    12365888           2   1.2019771388631386     
    12365888           3  0.85507102280986713     
    12369314           1   1.0721968263159152     
    12369314           2  0.75689248926959363     
    12369314           3   1.1709106844144914     
    12371146           1   1.1106177384367357     
    12371146           2  0.69610047688156951     
    12371146           3   1.1932817846816952     
    12385889           1  0.84058993991341369     
    12385889           2  0.31281493639800717     
    12385889           3   1.8465951236885791     
    12388099           1  0.82663223242963735     
    12388099           2   1.1818905574575591     
    12388099           3  0.99147721011280365     
    12395010           1  0.90825313127602403     
    12395010           2   1.2334890825916307     
    12395010           3  0.85825778613234527     
    12398464           1  0.92410558861464309     
    12398464           2   1.3306345478897190     
    12398464           3  0.74525986349563778     
    12402068           1   1.0818801492111452     
    12402068           2  0.89877317065923901     
    12402068           3   1.0193466801296152     
    12403971           1   1.0772109765506719     
    12403971           2  0.95457259302130570     
    12403971           3  0.96821643042802252     
    12418938           1   1.1894993550150268     
    12418938           2  0.86347100485835770     
    12418938           3  0.94702964012661517     
    12423791           1   1.0954787715096883     
    12423791           2  0.42760122805180184     
    12423791           3   1.4769200004385099     
    12437284           1  0.21020086015563366     
    12437284           2   1.3212458747667450     
    12437284           3   1.4685532650776210     
    12441458           1  0.89894939543142549     
    12441458           2  0.56866637816596233     
    12441458           3   1.5323842264026124     
    12441754           1  0.97720447692822865     
    12441754           2   1.4279566061754778     
    12441754           3  0.59483891689629365     
    12443333           1  0.45414691424500869     
    12443333           2  0.81029056093651353     
    12443333           3   1.7355625248184776     
    12456252           1   1.0432543540849371     
    12456252           2  0.45229965680308165     
    12456252           3   1.5044459891119812     
    12471272           1   1.1993659557276557     
    12471272           2  0.84483211482267151     
    12471272           3  0.95580192944967290     
    12483062           1  0.64963276519344060     
    12483062           2   1.4669505597824517     
    12483062           3  0.88341667502410770     
    12483068           1  0.89990015790559297     
    12483068           2  0.76299424777084179     
    12483068           3   1.3371055943235650     
    12484896           1  0.69929888775954885     
    12484896           2   1.1978984778608213     
    12484896           3   1.1028026343796296     
    12496045           1   1.2970736217442953     
    12496045           2  0.82573842306275458     
    12496045           3  0.87718795519295023     
    12496239           1  0.77824522507300964     
    12496239           2  0.93206839319982504     
    12496239           3   1.2896863817271649     
    12500650           1   1.1373631943349356     
    12500650           2   1.0208991156562199     
    12500650           3  0.84173769000884446     
    12509334           1   1.2050016767710279     
    12509334           2  0.59349018849477442     
    12509334           3   1.2015081347341976     
    12510277           1   1.2315600816299781     
    12510277           2  0.55184515973761972     
    12510277           3   1.2165947586324020     
    12520666           1  0.75721757537712653     
    12520666           2   1.3122999486756115     
    12520666           3  0.93048247594726197     
    12527959           1   1.0740709144597125     
    12527959           2  0.27097476531933995     
    12527959           3   1.6549543202209478     
    12542324           1  0.83175607976897448     
    12542324           2   1.5994818820833665     
    12542324           3  0.56876203814765902     
    12542485           1   1.1612252576956903     
    12542485           2  0.98389845610240556     
    12542485           3  0.85487628620190426     
    12542762           1   1.3299371263450825     
    12542762           2  0.62736628851847920     
    12542762           3   1.0426965851364383     
    12555100           1   1.2640505476360833     
    12555100           2  0.56964230281711903     
    12555100           3   1.1663071495467978     
    12557365           1  0.73043219663448444     
    12557365           2   1.4718523089419562     
    12557365           3  0.79771549442355905     
    12558832           1   1.4147571873427709     
    12558832           2  0.38820618292707321     
    12558832           3   1.1970366297301560     
    12563644           1  0.86420982234000621     
    12563644           2   1.4873615787883039     
    12563644           3  0.64842859887169035     
    12582028           1  0.60275663969615689     
    12582028           2   1.2557567837116095     
    12582028           3   1.1414865765922335     
    12589342           1  0.52386862614161167     
    12589342           2   1.3760947825533607     
    12589342           3   1.1000365913050278     
    12589833           1  0.95149982440257741     
    12589833           2   1.0539535743688782     
    12589833           3  0.99454660122854410     
    12596857           1  0.86862384282012062     
    12596857           2   1.6506589308582043     
    12596857           3  0.48071722632167546     
    12599317           1   1.2699997504347791     
    12599317           2  0.70693769499211212     
    12599317           3   1.0230625545731091     
    12600732           1   1.0764427171670652     
    12600732           2  0.93289323100375188     
    12600732           3  0.99066405182918216     
    12604108           1  0.76480223377923617     
    12604108           2   1.0951759815996616     
    12604108           3   1.1400217846211023     
    12606886           1   1.3256124838773964     
    12606886           2  0.61958030090638694     
    12606886           3   1.0548072152162165     
    12612050           1  0.89021707140860518     
    12612050           2   1.1044405710260330     
    12612050           3   1.0053423575653622     
    12613939           1   1.0837036105575168     
    12613939           2  0.89791875161176471     
    12613939           3   1.0183776378307183     
    12616049           1  0.78705612928086499     
    12616049           2  0.84780574751708460     
    12616049           3   1.3651381232020505     
    12617154           1  0.80597880278765943     
    12617154           2   1.3613664302041715     
    12617154           3  0.83265476700816887     
    12619782           1   1.1815017482442569     
    12619782           2  0.95169219866508448     
    12619782           3  0.86680605309065850     
    12619791           1  0.96470766164334731     
    12619791           2  0.90354779969093590     
    12619791           3   1.1317445386657168     
    12619843           1  0.99021426584918248     
    12619843           2  0.41403371038591996     
    12619843           3   1.5957520237648972     
    12622810           1   1.1200738359436231     
    12622810           2  0.62405279434977845     
    12622810           3   1.2558733697065982     
    12624062           1  0.19594457386826536     
    12624062           2   1.5433494097990657     
    12624062           3   1.2607060163326689     
    12631191           1   1.0835889694615231     
    12631191           2   1.0987217345740354     
    12631191           3  0.81768929596444129     
    12632170           1  0.85705988430468283     
    12632170           2   1.1577909099703241     
    12632170           3  0.98514920572499320     
    12636091           1  0.62113974589666265     
    12636091           2  0.98459233778600685     
    12636091           3   1.3942679163173302     
    12639993           1  0.66404287466862377     
    12639993           2   1.7183056988951835     
    12639993           3  0.61765142643619231     
    12642673           1   1.1722240247767730     
    12642673           2  0.90311364459907606     
    12642673           3  0.92466233062415104     
    12644496           1   1.1668192377462550     
    12644496           2  0.95671107705640901     
    12644496           3  0.87646968519733559     
    12648019           1   1.1964794189194934     
    12648019           2   1.4499325284122857     
    12648019           3  0.35358805266822074     
    12650324           1  0.85561659698800330     
    12650324           2   1.0180781918369437     
    12650324           3   1.1263052111750527     
    12656195           1  0.66721891416320955     
    12656195           2  0.89276369562098845     
    12656195           3   1.4400173902158016     
    12657872           1   1.1004379942070510     
    12657872           2  0.13660992390341289     
    12657872           3   1.7629520818895361     
    12660535           1  0.63290807019929096     
    12660535           2   1.4462894672888247     
    12660535           3  0.92080246251188425     
    12664321           1  0.88827122405570713     
    12664321           2  0.66578077544649483     
    12664321           3   1.4459480004977978     
    12666805           1  0.92953423505686450     
    12666805           2   1.3872231100118295     
    12666805           3  0.68324265493130587     
    12667721           1  0.76562920761904552     
    12667721           2   1.2432277461294559     
    12667721           3  0.99114304625149818     
    12669537           1  0.73563637028590478     
    12669537           2   1.2985474499726033     
    12669537           3  0.96581617974149148     
    12670085           1  0.78705214950391900     
    12670085           2   1.2684006904476981     
    12670085           3  0.94454716004838279     
    12671035           1   1.1282385196646227     
    12671035           2  0.51650176127130631     
    12671035           3   1.3552597190640707     
    12675449           1   1.0739828727505052     
    12675449           2  0.17258518101804665     
    12675449           3   1.7534319462314478     
    12678045           1  0.73806815314557239     
    12678045           2   1.0407279907231795     
    12678045           3   1.2212038561312482     
    12679321           1  0.63755950470826539     
    12679321           2   1.1858360775597168     
    12679321           3   1.1766044177320181     
    12679513           1   1.1762597328513269     
    12679513           2   1.3402653646419522     
    12679513           3  0.48347490250672109     
    12689025           1  0.59076469149325861     
    12689025           2   1.0787441429325633     
    12689025           3   1.3304911655741778     
    12691069           1   1.2396050501303384     
    12691069           2  0.88440732179968296     
    12691069           3  0.87598762806997832     
    12692239           1  0.92764330144154306     
    12692239           2  0.43362373838710822     
    12692239           3   1.6387329601713485     
    12693847           1  0.78798998335948567     
    12693847           2   1.3074656641611342     
    12693847           3  0.90454435247937992     
    12695305           1  0.87260924299601395     
    12695305           2   1.3774713368342109     
    12695305           3  0.74991942016977575     
    12702537           1   1.1777365763495200     
    12702537           2  0.95821968030175342     
    12702537           3  0.86404374334872647     
    12703823           1  0.90850079325453648     
    12703823           2   1.5896839548153217     
    12703823           3  0.50181525193014165     
    12704545           1  0.99465534388295207     
    12704545           2   1.1485917212343615     
    12704545           3  0.85675293488268600     
    12706909           1   1.1984927868821751     
    12706909           2  0.75007543768850238     
    12706909           3   1.0514317754293223     
    12708562           1  0.70886881819347636     
    12708562           2   1.1113198030702902     
    12708562           3   1.1798113787362330     
    12713169           1  0.71744976528952675     
    12713169           2  0.88064223504839845     
    12713169           3   1.4019079996620747     
    12714845           1   1.0035938857011160     
    12714845           2  0.82043870610609448     
    12714845           3   1.1759674081927893     
    12714927           1  0.70656449644043762     
    12714927           2  0.74205021468473653     
    12714927           3   1.5513852888748261     
    12716825           1  0.56156195962037203     
    12716825           2   1.5408170372707601     
    12716825           3  0.89762100310886772     
    12722419           1  0.68111198831956576     
    12722419           2   1.2797446845031488     
    12722419           3   1.0391433271772856     
    12722753           1   1.1537739392699020     
    12722753           2   1.1936938725564958     
    12722753           3  0.65253218817360170     
    12723327           1   1.1805442657427019     
    12723327           2  0.87779611167349014     
    12723327           3  0.94165962258380820     
    12724981           1  0.84425260707685479     
    12724981           2   1.5029864901998413     
    12724981           3  0.65276090272330400     
    12725039           1  0.26162060331161802     
    12725039           2  0.80677763021624627     
    12725039           3   1.9316017664721357     
    12729835           1  0.92735402705556802     
    12729835           2   1.1888608224189257     
    12729835           3  0.88378515052550610     
    12730747           1   1.2316802014384685     
    12730747           2  0.99784653832713854     
    12730747           3  0.77047326023439311     
    12735936           1  0.73562713400207402     
    12735936           2   1.1824760716708722     
    12735936           3   1.0818967943270541     
    12736340           1   1.3560916192416093     
    12736340           2  0.70426489470275400     
    12736340           3  0.93964348605563708     
    12739090           1  0.53774204196171238     
    12739090           2  0.71875499891374273     
    12739090           3   1.7435029591245452     
    12739723           1   1.1438332550510719     
    12739723           2   1.2542466723512362     
    12739723           3  0.60192007259769165     
    12741482           1  0.68577045421564986     
    12741482           2   1.4129580150106991     
    12741482           3  0.90127153077365108     
    12741954           1  0.64114073488590129     
    12741954           2   1.4671167528014357     
    12741954           3  0.89174251231266288     
    12749458           1   1.2705050623101806     
    12749458           2  0.82020063698132384     
    12749458           3  0.90929430070849582     
    12749945           1   1.3061007004039964     
    12749945           2  0.91209873109250894     
    12749945           3  0.78180056850349444     
    12750835           1   1.0035901817138229     
    12750835           2  0.62729517434647963     
    12750835           3   1.3691146439396975     
    12758081           1  0.80038686768353706     
    12758081           2   1.2539933218990331     
    12758081           3  0.94561981041742982     
    12762006           1  0.89794057745187572     
    12762006           2   1.1790156622960708     
    12762006           3  0.92304376025205348     
    12763266           1  0.87749107302142715     
    12763266           2   1.2210131906633399     
    12763266           3  0.90149573631523305     
    12765947           1  0.34708678504844770     
    12765947           2   1.2816477940767328     
    12765947           3   1.3712654208748190     
    12766644           1  0.95704468254458164     
    12766644           2   1.2821122718930840     
    12766644           3  0.76084304556233462     
    12770532           1  0.90653317947039613     
    12770532           2   1.0161232771425159     
    12770532           3   1.0773435433870882     
    12776673           1  0.99217212215739248     
    12776673           2   1.0855620276390119     
    12776673           3  0.92226585020359542     
    12777883           1  0.96567055839524640     
    12777883           2  0.43657270335973547     
    12777883           3   1.5977567382450184     
    12778061           1  0.90201986755172858     
    12778061           2  0.76222412902004322     
    12778061           3   1.3357560034282279     
    12786289           1  0.70297467273246550     
    12786289           2  0.52113458960979209     
    12786289           3   1.7758907376577426     
    12786421           1  0.80648560540311154     
    12786421           2  0.99416530584045715     
    12786421           3   1.1993490887564315     
    12789688           1  0.74376744711837439     
    12789688           2  0.99427465649056146     
    12789688           3   1.2619578963910645     
    12791143           1   1.0986219420834029     
    12791143           2  0.63117387950914428     
    12791143           3   1.2702041784074529     
    12792182           1  0.92928784610683790     
    12792182           2   1.2726297032962541     
    12792182           3  0.79808245059690808     
    12796832           1  0.77674864578749170     
    12796832           2  0.58866390550635850     
    12796832           3   1.6345874487061505     
    12798393           1  0.54779146039209492     
    12798393           2  0.94921022054650550     
    12798393           3   1.5029983190614000     
    12801728           1  0.69857287270879342     
    12801728           2  0.91498487743367263     
    12801728           3   1.3864422498575342     
    12801849           1  0.90390585577589466     
    12801849           2   1.0637489698637352     
    12801849           3   1.0323451743603698     
    12804503           1   1.0954650168710480     
    12804503           2  0.90766383981795007     
    12804503           3  0.99687114331100224     
    12805342           1  0.92015676949960035     
    12805342           2  0.85071876521813738     
    12805342           3   1.2291244652822622     
    12810541           1   1.3446982484968146     
    12810541           2   1.2193962348654330     
    12810541           3  0.43590551663775234     
    12812178           1   1.3734837647323055     
    12812178           2  0.94749222566073166     
    12812178           3  0.67902400960696263     
    12813929           1  0.63755567852639272     
    12813929           2   1.2048413843913903     
    12813929           3   1.1576029370822167     
    12816340           1   1.0802334685724633     
    12816340           2   1.4675403308978645     
    12816340           3  0.45222620052967233     
    12816655           1   1.0562336469003335     
    12816655           2  0.79028852884309397     
    12816655           3   1.1534778242565724     
    12816865           1   1.0525320797578994     
    12816865           2   1.0607287724274002     
    12816865           3  0.88673914781470065     
    12817748           1   1.0126086883853052     
    12817748           2   1.0638260319420356     
    12817748           3  0.92356527967265889     
    12818193           1  0.80317613606887428     
    12818193           2   1.2329261872388506     
    12818193           3  0.96389767669227511     
    12818263           1  0.89041470753105201     
    12818263           2  0.70364876205558724     
    12818263           3   1.4059365304133609     
    12818399           1   1.1599808914331733     
    12818399           2   1.2780070262843146     
    12818399           3  0.56201208228251232     
    12818413           1   1.1536706982636964     
    12818413           2  0.82395762448918897     
    12818413           3   1.0223716772471145     
    12820010           1   1.1523470979066706     
    12820010           2  0.70435577795880966     
    12820010           3   1.1432971241345196     
    12821085           1   1.3346849204982554     
    12821085           2  0.30389893260686107     
    12821085           3   1.3614161468948835     
    12822148           1  0.81754385002460661     
    12822148           2   1.2964811677219463     
    12822148           3  0.88597498225344717     
    12826935           1  0.98097645774666342     
    12826935           2  0.72562851181799548     
    12826935           3   1.2933950304353408     
    12829426           1  0.94219883963604190     
    12829426           2   1.3887873656037897     
    12829426           3  0.66901379476016853     
    12832327           1  0.49752038097324336     
    12832327           2   1.2325742966654825     
    12832327           3   1.2699053223612744     
    12834771           1  0.98107696125608335     
    12834771           2   1.1754651797643163     
    12834771           3  0.84345785897960024     
    12834899           1   1.0969682731699502     
    12834899           2  0.23721307545975048     
    12834899           3   1.6658186513702993     
    12835275           1  0.81652225661858080     
    12835275           2   1.6251327259379615     
    12835275           3  0.55834501744345755     
    12836887           1  0.88278028414344567     
    12836887           2  0.66761831283774686     
    12836887           3   1.4496014030188071     
    12843006           1  0.85491326853451011     
    12843006           2   1.5644851273882721     
    12843006           3  0.58060160407721839     
    12843571           1   1.1375510588108602     
    12843571           2  0.63379028612734922     
    12843571           3   1.2286586550617911     
    12843921           1  0.62673890077639127     
    12843921           2   1.5417698985613595     
    12843921           3  0.83149120066224880     
    12844080           1   1.1145601352034642     
    12844080           2  0.66663928001660344     
    12844080           3   1.2188005847799324     
    12844199           1   1.0846019098805946     
    12844199           2   1.0662021195963129     
    12844199           3  0.84919597052309270     
    12844404           1  0.59992101790586305     
    12844404           2   1.0489663887729985     
    12844404           3   1.3511125933211383     
    12846358           1   1.3321584673597320     
    12846358           2  0.61715806449058663     
    12846358           3   1.0506834681496815     
    12847451           1  0.63417817113570962     
    12847451           2  0.97593223956021546     
    12847451           3   1.3898895893040746     
    12848272           1   1.1331727596911838     
    12848272           2  0.81453349771803507     
    12848272           3   1.0522937425907810     
    12849721           1  0.81952077574315674     
    12849721           2  0.97950066124641710     
    12849721           3   1.2009785630104264     
    12850925           1  0.90864586674094827     
    12850925           2   1.0823145944289305     
    12850925           3   1.0090395388301208     
    12853658           1   1.1030683162205654     
    12853658           2  0.74218532980072016     
    12853658           3   1.1547463539787139     
    12853662           1  0.93558642096371114     
    12853662           2   1.2435496078974089     
    12853662           3  0.82086397113888010     
    12856686           1   1.1649814368306803     
    12856686           2  0.84553756660010793     
    12856686           3  0.98948099656921185     
    12857964           1   1.1166708443630020     
    12857964           2  0.75036501395009603     
    12857964           3   1.1329641416869021     
    12858347           1  0.73581499677791140     
    12858347           2  0.70018413451235184     
    12858347           3   1.5640008687097369     
    12859295           1  0.70711744463894421     
    12859295           2   1.2776634102909712     
    12859295           3   1.0152191450700845     
    12860476           1  0.92235144737852937     
    12860476           2  0.61427828776709914     
    12860476           3   1.4633702648543716     
    12867406           1   1.1643084459168933     
    12867406           2  0.98651082102524101     
    12867406           3  0.84918073305786534     
    12869676           1  0.80743826052671197     
    12869676           2  0.99533965621443721     
    12869676           3   1.1972220832588512     
    12870078           1  0.81128513676133807     
    12870078           2   1.0047464793657603     
    12870078           3   1.1839683838729016     
    12870633           1  0.89987768954491520     
    12870633           2   1.0379992329581791     
    12870633           3   1.0621230774969059     
    12871975           1  0.56715980331210258     
    12871975           2  0.57541415519348182     
    12871975           3   1.8574260414944153     
    12874718           1   1.1013450844183357     
    12874718           2   1.1213728685066766     
    12874718           3  0.77728204707498794     
    12875046           1  0.94778851484796434     
    12875046           2   1.1172536135277806     
    12875046           3  0.93495787162425525     
    12875666           1   1.1941439644070082     
    12875666           2  0.66992442417513776     
    12875666           3   1.1359316114178541     
    12876142           1  0.96422499609818180     
    12876142           2  0.98501471396936857     
    12876142           3   1.0507602899324500     
    12880978           1  0.97393603452865363     
    12880978           2  0.68900402269865113     
    12880978           3   1.3370599427726957     
    12881173           1  0.57074838434074959     
    12881173           2   1.7755864947113145     
    12881173           3  0.65366512094793605     
    12882563           1   1.3234724792191139     
    12882563           2   1.6175786340497909     
    12882563           3   5.8948886731094788E-002
    12884685           1  0.50566039771577787     
    12884685           2  0.92053597109326735     
    12884685           3   1.5738036311909551     
    12884852           1  0.87218783231951735     
    12884852           2   1.3782549073808992     
    12884852           3  0.74955726029958392     
    12887491           1  0.42116315501875717     
    12887491           2  0.96411119294549452     
    12887491           3   1.6147256520357485     
    12889649           1  0.61804714409866124     
    12889649           2   1.4827711910897563     
    12889649           3  0.89918166481158290     
    12892797           1   1.0833196288669000     
    12892797           2  0.41626576467733911     
    12892797           3   1.5004146064557604     
    12894572           1  0.97400587024290186     
    12894572           2  0.93200629142935310     
    12894572           3   1.0939878383277450     
    12894944           1  0.73463629624003068     
    12894944           2   1.1278158343312228     
    12894944           3   1.1375478694287466     
    12895515           1  0.74807233138482077     
    12895515           2   1.4443227366717961     
    12895515           3  0.80760493194338312     
    12895936           1  0.74795159363948571     
    12895936           2  0.73049165647537584     
    12895936           3   1.5215567498851379     
    12896974           1  0.66026184903956930     
    12896974           2   1.2838960893077032     
    12896974           3   1.0558420616527273     
    12900663           1  0.84782449825606687     
    12900663           2  0.49039086406013904     
    12900663           3   1.6617846376837944     
    12901846           1  0.87885476133230400     
    12901846           2   1.2613058793448302     
    12901846           3  0.85983935932286604     
    12902900           1  0.75844131172454654     
    12902900           2   1.3182977960263793     
    12902900           3  0.92326089224907359     
    12904606           1  0.81123243103044751     
    12904606           2  0.98322389742148497     
    12904606           3   1.2055436715480679     
    12905221           1  0.88808794689451342     
    12905221           2  0.63277717580890247     
    12905221           3   1.4791348772965840     
    12905638           1  0.26852821159045814     
    12905638           2   1.5507992790645633     
    12905638           3   1.1806725093449788     
    12906290           1   1.0925688627052117     
    12906290           2  0.62769629959947615     
    12906290           3   1.2797348376953124     
    12906494           1   1.2814797821465169     
    12906494           2  0.92535613565388730     
    12906494           3  0.79316408219959578     
    12906604           1  0.91200833450178043     
    12906604           2  0.68641667826524333     
    12906604           3   1.4015749872329759     
    12906681           1  0.48441011317660471     
    12906681           2  0.95251674873619552     
    12906681           3   1.5630731380871998     
    12907183           1  0.67130039201571567     
    12907183           2   1.2790419421957810     
    12907183           3   1.0496576657885035     
    12908315           1  0.91309273897003307     
    12908315           2   1.0188085927797084     
    12908315           3   1.0680986682502587     
    12908617           1   1.2099439213038636     
    12908617           2   1.1156288333880615     
    12908617           3  0.67442724530807496     
    12908967           1  0.73440723801060159     
    12908967           2  0.67080771140817230     
    12908967           3   1.5947850505812264     
    12911362           1  0.71984468629028431     
    12911362           2   1.4940025914200419     
    12911362           3  0.78615272228967337     
    12911590           1   1.0820345600304488     
    12911590           2  0.90115624180869924     
    12911590           3   1.0168091981608522     
    12912613           1  0.83959726839780258     
    12912613           2  0.82340221064932051     
    12912613           3   1.3370005209528770     
    12912643           1  0.85567966629055758     
    12912643           2   1.1607576223534464     
    12912643           3  0.98356271135599604     
    12912737           1  0.88567254101745985     
    12912737           2   1.0578949317562780     
    12912737           3   1.0564325272262620     
    12913048           1  0.93446704630795929     
    12913048           2   1.1437162118429973     
    12913048           3  0.92181674184904328     
    12913963           1   1.1047026484517204     
    12913963           2  0.52299634888956448     
    12913963           3   1.3723010026587150     
    12914724           1  0.60772605221914822     
    12914724           2   1.2200544279028163     
    12914724           3   1.1722195198780359     
    12915707           1  0.93687416277961244     
    12915707           2  0.71343663107410837     
    12915707           3   1.3496892061462791     
    12919691           1  0.71737205304831730     
    12919691           2   1.5497256680222766     
    12919691           3  0.73290227892940607     
    12919989           1  0.97072672362355517     
    12919989           2   1.1329241565372614     
    12919989           3  0.89634911983918342     
    12920629           1   1.1008443485377071     
    12920629           2  0.70861506925536910     
    12920629           3   1.1905405822069237     
    12920812           1   1.0691289018204839     
    12920812           2   1.4524543332503255     
    12920812           3  0.47841676492919105     
    12921017           1   1.0610443818801722     
    12921017           2   1.0640806433851449     
    12921017           3  0.87487497473468312     
    12921743           1  0.92126394523882693     
    12921743           2   1.1923540671755124     
    12921743           3  0.88638198758566000     
    12922641           1   1.2720270820194208     
    12922641           2  0.81758931516047917     
    12922641           3  0.91038360282010000     
    12922853           1  0.36699663979427488     
    12922853           2  0.98896415502031865     
    12922853           3   1.6440392051854065     
    12923227           1  0.96513160178088708     
    12923227           2   1.4103149127231829     
    12923227           3  0.62455348549592971     
    12923575           1   1.1574265738297698     
    12923575           2   1.1931021651780152     
    12923575           3  0.64947126099221508     
    12923824           1   1.0130732852201247     
    12923824           2   1.1394739667929903     
    12923824           3  0.84745274798688508     
    12923992           1  0.69564655951817678     
    12923992           2   1.1916420422828884     
    12923992           3   1.1127113981989349     
    12924219           1  0.15326129840867844     
    12924219           2   1.5583117702991482     
    12924219           3   1.2884269312921732     
    12925284           1  0.95245997252647918     
    12925284           2  0.43551070280894344     
    12925284           3   1.6120293246645776     
    12925302           1   1.1665623060247408     
    12925302           2  0.86915425422843928     
    12925302           3  0.96428343974681974     
    12928186           1  0.75083810981154020     
    12928186           2   1.1288105841836846     
    12928186           3   1.1203513060047752     
    12929544           1  0.80731325750483884     
    12929544           2   1.0103804147209505     
    12929544           3   1.1823063277742105     
    12930099           1   1.0544764344122517     
    12930099           2  0.72827458517612376     
    12930099           3   1.2172489804116249     
    12930681           1   1.0647398670478097     
    12930681           2  0.73536302916710805     
    12930681           3   1.1998971037850825     
    12932912           1  0.89645084741697234     
    12932912           2   1.3694107800395756     
    12932912           3  0.73413837254345238     
    12933679           1   1.2071110088312313     
    12933679           2   1.1472695251424305     
    12933679           3  0.64561946602633791     
    12933730           1  0.33139292317791785     
    12933730           2   1.0023370204147355     
    12933730           3   1.6662700564073465     
    12934155           1  0.49586555038395996     
    12934155           2   1.2333893688979105     
    12934155           3   1.2707450807181293     
    12934693           1  0.80290572347408640     
    12934693           2   1.3556837924273299     
    12934693           3  0.84141048409858399     
    12936115           1   1.0323713118000541     
    12936115           2   1.0845882409663348     
    12936115           3  0.88304044723361130     
    12936816           1   1.1920970728555711     
    12936816           2  0.47472009382005120     
    12936816           3   1.3331828333243778     
    12936977           1  0.95184514605568227     
    12936977           2  0.75375151883404667     
    12936977           3   1.2944033351102713     
    12937268           1   1.3077976331484158     
    12937268           2  0.80776195237078263     
    12937268           3  0.88444041448080146     
    12937391           1   1.2005003344072434     
    12937391           2  0.61976973706756988     
    12937391           3   1.1797299285251868     
    12937925           1   1.0480880858986905     
    12937925           2   1.0968017795280913     
    12937925           3  0.85511013457321805     
    12942103           1   1.1734179770385111     
    12942103           2  0.99422926630274233     
    12942103           3  0.83235275665874642     
    12943340           1  0.74924640193272574     
    12943340           2   1.0564901074741557     
    12943340           3   1.1942634905931182     
    12943631           1  0.37740317029306492     
    12943631           2   1.1859190120961929     
    12943631           3   1.4366778176107424     
    12943927           1   1.0696388174486033     
    12943927           2  0.44889471359190708     
    12943927           3   1.4814664689594896     
    12944701           1   1.3181502909653025     
    12944701           2  0.97163307706459756     
    12944701           3  0.71021663197009965     
    12945590           1  0.73363768548951258     
    12945590           2  0.56469064725992080     
    12945590           3   1.7016716672505663     
    12945616           1   1.2882419665991578     
    12945616           2  0.52313007955782365     
    12945616           3   1.1886279538430187     
    12945810           1  0.63695239505921786     
    12945810           2   1.4555313536268590     
    12945810           3  0.90751625131392288     
    12946258           1   1.3271408185294271     
    12946258           2  0.92679182867549459     
    12946258           3  0.74606735279507841     
    12946399           1  0.74366563957033482     
    12946399           2   1.0099020361881654     
    12946399           3   1.2464323242414996     
    12947686           1   1.0886005405009969     
    12947686           2   1.0639762906864125     
    12947686           3  0.84742316881259061     
    12948039           1  0.90615665616465657     
    12948039           2  0.59772524462376142     
    12948039           3   1.4961180992115821     
    12948047           1   1.1458928258731516     
    12948047           2  0.80898348228292216     
    12948047           3   1.0451236918439260     
    12948682           1  0.49646309367524583     
    12948682           2   1.2348756660249394     
    12948682           3   1.2686612402998150     
    12949191           1   1.0575196613327278     
    12949191           2   1.0515392440232294     
    12949191           3  0.89094109464404270     
    12949401           1  0.98202794170311636     
    12949401           2   1.1736966162290423     
    12949401           3  0.84427544206784133     
    12949874           1   1.1157884253013315     
    12949874           2   1.1568679514773681     
    12949874           3  0.72734362322130075     
    12950791           1   1.0123700962171371     
    12950791           2   1.0707865253558191     
    12950791           3  0.91684337842704400     
    12952136           1   1.0889378017356195     
    12952136           2  0.44296070652985281     
    12952136           3   1.4681014917345276     
    12953012           1  0.78138486719593192     
    12953012           2   1.2592673886748185     
    12953012           3  0.95934774412924984     
    12953201           1   1.3243905597590730     
    12953201           2  0.61355937339082134     
    12953201           3   1.0620500668501058     
    12954078           1   1.1866546263741768     
    12954078           2  0.67358234468451172     
    12954078           3   1.1397630289413117     
    12955195           1   1.0079725325103568     
    12955195           2   1.1639699250530235     
    12955195           3  0.82805754243661978     
    12955335           1   1.2510177461310887     
    12955335           2  0.80762019978567468     
    12955335           3  0.94136205408323637     
    12955583           1  0.84496344063352868     
    12955583           2   1.5017260529460619     
    12955583           3  0.65331050642040955     
    12956428           1  0.61167394594274349     
    12956428           2   1.2122875425294157     
    12956428           3   1.1760385115278404     
    12956730           1  0.91634359341781091     
    12956730           2  0.84719334372977151     
    12956730           3   1.2364630628524171     
    12957805           1  0.93216060189667937     
    12957805           2  0.43573533527756170     
    12957805           3   1.6321040628257588     
    12959650           1  0.58181313915161692     
    12959650           2  0.70589025364631575     
    12959650           3   1.7122966072020673     
    12960009           1   1.1183919998873404     
    12960009           2   1.4683018937980483     
    12960009           3  0.41330610631461073     
    12960354           1  0.70946726350224587     
    12960354           2  0.92925425893170999     
    12960354           3   1.3612784775660438     
    12960734           1  0.58781014266079801     
    12960734           2   1.2302114977755692     
    12960734           3   1.1819783595636326     
    12961056           1  0.86506868490879052     
    12961056           2   1.4884735264532289     
    12961056           3  0.64645778863798065     
    12961777           1   1.1861580349687670     
    12961777           2   1.1273552768275334     
    12961777           3  0.68648668820369974     
    12963886           1  0.85485720348083627     
    12963886           2   1.0773938212120626     
    12963886           3   1.0677489753071017     
    12964558           1   1.2087772082447488     
    12964558           2  0.47034021516728058     
    12964558           3   1.3208825765879713     
    12964889           1   1.1590472484231862     
    12964889           2  0.81827031113957305     
    12964889           3   1.0226824404372408     
    12965866           1   1.2154895684652325     
    12965866           2  0.57708562364782057     
    12965866           3   1.2074248078869472     
    12966509           1  0.74648338234164224     
    12966509           2  0.73526549281680409     
    12966509           3   1.5182511248415542     
    12966644           1  0.98775360940212331     
    12966644           2   1.0807276147799516     
    12966644           3  0.93151877581792519     
    12967183           1  0.90288146084727638     
    12967183           2   1.1903792933446717     
    12967183           3  0.90673924580805154     
    12967802           1   1.2108290305698384     
    12967802           2  0.58185237556697167     
    12967802           3   1.2073185938631898     
    12967952           1   1.1306311189757599     
    12967952           2   1.2171983935749537     
    12967952           3  0.65217048744928630     
    12968210           1  0.72772634521263746     
    12968210           2  0.69199634242994590     
    12968210           3   1.5802773123574168     
    12968735           1   1.1811593862383467     
    12968735           2  0.95187137026991264     
    12968735           3  0.86696924349174076     
    12969896           1   1.0727454788620272     
    12969896           2  0.71005366067441644     
    12969896           3   1.2172008604635567     
    12969969           1   1.1586644778011121     
    12969969           2  0.84844828710908671     
    12969969           3  0.99288723508980137     
    12971029           1   1.0731437104048129     
    12971029           2  0.27110522126554587     
    12971029           3   1.6557510683296417     
    12971381           1  0.83715237264043141     
    12971381           2  0.52198096790826731     
    12971381           3   1.6408666594513013     
    12971591           1  0.91446740621163014     
    12971591           2   1.3973179657310575     
    12971591           3  0.68821462805731226     
    12971666           1  0.90567884904425322     
    12971666           2  0.55046563526698289     
    12971666           3   1.5438555156887643     
    12972373           1   1.1061632536336170     
    12972373           2  0.88981937285681101     
    12972373           3   1.0040173735095714     
    12972623           1  0.67504918832323368     
    12972623           2   1.2811435315510813     
    12972623           3   1.0438072801256852     
    12973067           1  0.49776559888606059     
    12973067           2   1.2381154476123255     
    12973067           3   1.2641189535016140     
    12973369           1  0.74525580692720861     
    12973369           2   1.0216476811247852     
    12973369           3   1.2330965119480062     
    12974386           1  0.47593176260722470     
    12974386           2   1.2432075805076996     
    12974386           3   1.2808606568850758     
    12975797           1  0.92004011822675769     
    12975797           2  0.69246174396966531     
    12975797           3   1.3874981378035773     
    12975805           1  0.62122645178544245     
    12975805           2  0.98431100381283865     
    12975805           3   1.3944625444017187     
    12976204           1  0.69685387888884687     
    12976204           2  0.63237861032876375     
    12976204           3   1.6707675107823894     
    12976998           1   1.3663147810509686     
    12976998           2  0.68695804675836081     
    12976998           3  0.94672717219067082     
    12977122           1  0.59425618298246419     
    12977122           2   1.0673892861340279     
    12977122           3   1.3383545308835083     
    12977147           1   1.1810782000933211     
    12977147           2  0.58821377713269551     
    12977147           3   1.2307080227739835     
    12977395           1   1.1549063154071468     
    12977395           2  0.93409174069370549     
    12977395           3  0.91100194389914801     
    12977744           1  0.49721542730498164     
    12977744           2   1.3909071338868411     
    12977744           3   1.1118774388081776     
    12978121           1  0.62819227033507630     
    12978121           2   1.4355131602790119     
    12978121           3  0.93629456938591171     
    12978356           1   1.2244826127992618     
    12978356           2  0.54867384314845624     
    12978356           3   1.2268435440522820     
    12978963           1   1.0747231065228848     
    12978963           2   1.0897320562172348     
    12978963           3  0.83554483725988049     
    12979702           1  0.94322666042936487     
    12979702           2   1.3903023584819629     
    12979702           3  0.66647098108867198     
    12979768           1   1.3306880381264006     
    12979768           2   1.2297170103734885     
    12979768           3  0.43959495150011074     
    12980226           1  0.89106239121391029     
    12980226           2   1.0643328588023171     
    12980226           3   1.0446047499837730     
    12980394           1  0.83013645473927111     
    12980394           2   1.1263713650650913     
    12980394           3   1.0434921801956378     
    12980518           1  0.80041123021001326     
    12980518           2   1.0777287032383411     
    12980518           3   1.1218600665516456     
    12981053           1  0.72768090806028851     
    12981053           2   1.5719956981302043     
    12981053           3  0.70032339380950670     
    12981158           1  0.73263988435024241     
    12981158           2   1.0242824697418742     
    12981158           3   1.2430776459078829     
    12981438           1   1.1481850809963043     
    12981438           2   1.1973073985583671     
    12981438           3  0.65450752044532834     
    12981442           1  0.96456390449674112     
    12981442           2   1.0684243431046794     
    12981442           3  0.96701175239857939     
    12981915           1   1.1703624564541233     
    12981915           2  0.99164034398500545     
    12981915           3  0.83799719956087160     
    12981936           1  0.82813199819807171     
    12981936           2  0.97563238403703256     
    12981936           3   1.1962356177648961     
    12982078           1  0.75379510317545373     
    12982078           2   1.1005691263342212     
    12982078           3   1.1456357704903251     
    12982203           1  0.66953504770779237     
    12982203           2   1.2579927135133584     
    12982203           3   1.0724722387788492     
    12982481           1  0.73202126285498925     
    12982481           2   1.4708217731799300     
    12982481           3  0.79715696396508062     
    12982499           1  0.19617786247715613     
    12982499           2   1.5416151439139771     
    12982499           3   1.2622069936088662     
    12982670           1  0.80876151193892032     
    12982670           2   1.0060272436655406     
    12982670           3   1.1852112443955392     
    12983241           1  0.53532683773641954     
    12983241           2  0.72900093866852167     
    12983241           3   1.7356722235950586     
    12983525           1  0.89325663137358724     
    12983525           2   1.1885145007063109     
    12983525           3  0.91822886792010183     
    12983744           1  0.15179695528668469     
    12983744           2   1.5434227986771365     
    12983744           3   1.3047802460361790     
    12984123           1  0.57404779700168396     
    12984123           2  0.54596825317195696     
    12984123           3   1.8799839498263591     
    12984569           1  0.81794237574456119     
    12984569           2   1.2956507583572752     
    12984569           3  0.88640686589816375     
    12985884           1   1.2843003648399081     
    12985884           2  0.69518555640681623     
    12985884           3   1.0205140787532754     
    12986109           1   1.0454330707907267     
    12986109           2   1.0535744792595070     
    12986109           3  0.90099244994976679     
    12986176           1   1.0668844030873730     
    12986176           2  0.76800643416445613     
    12986176           3   1.1651091627481709     
    12986221           1   1.1573729071695593     
    12986221           2  0.99850474949590484     
    12986221           3  0.84412234333453540     
    12986254           1   1.1052942797857657     
    12986254           2   1.1253938793597891     
    12986254           3  0.76931184085444504     
    12986350           1   1.0273087088254222     
    12986350           2   1.0678935934230023     
    12986350           3  0.90479769775157537     
    12986444           1  0.72942989074040310     
    12986444           2  0.59725271049620321     
    12986444           3   1.6733173987633940     
    12986526           1  0.83567888368313847     
    12986526           2  0.52106221856553536     
    12986526           3   1.6432588977513261     
    12986638           1  0.86732009092387530     
    12986638           2   1.1645292115290846     
    12986638           3  0.96815069754704020     
    12986954           1   1.0892466921488779     
    12986954           2   1.4547538342549586     
    12986954           3  0.45599947359616316     
    12986967           1   1.3542326258341100     
    12986967           2  0.70329945565880669     
    12986967           3  0.94246791850708311     
    12987247           1  0.88171929993109099     
    12987247           2   1.3720810579172433     
    12987247           3  0.74619964215166534     
    12987290           1  0.96026389927276068     
    12987290           2  0.91885688053553871     
    12987290           3   1.1208792201917008     
    12987316           1  0.90111900920578736     
    12987316           2  0.58031838278486270     
    12987316           3   1.5185626080093497     
    12987378           1   1.0676168055953292     
    12987378           2  0.92524430270371272     
    12987378           3   1.0071388917009580     
    12987620           1   1.1029939630681111     
    12987620           2  0.77791833533961352     
    12987620           3   1.1190877015922751     
    12987853           1   1.0663988639621718     
    12987853           2  0.73183444358199279     
    12987853           3   1.2017666924558355     
    12987941           1   1.1142222559146115     
    12987941           2  0.75529791809794211     
    12987941           3   1.1304798259874467     
    12988040           1   1.1795909930165056     
    12988040           2  0.87950976116963742     
    12988040           3  0.94089924581385731     
    12988123           1  0.73160002570162819     
    12988123           2   1.4694090769750074     
    12988123           3  0.79899089732336437     
    12988346           1   1.2942032785265967     
    12988346           2  0.77954172254985066     
    12988346           3  0.92625499892355256     
    12988364           1  0.77283555810673188     
    12988364           2  0.92558948470856939     
    12988364           3   1.3015749571846986     
    12988382           1  0.96754464674514840     
    12988382           2  0.65006760433555644     
    12988382           3   1.3823877489192953     
    12988469           1  0.76704287322188036     
    12988469           2  0.61879447585151437     
    12988469           3   1.6141626509266056     
    12988645           1  0.54022623722794372     
    12988645           2  0.70821638078349836     
    12988645           3   1.7515573819885584     
    12988683           1   1.0968143123370457     
    12988683           2   1.0755163885704366     
    12988683           3  0.82766929909251719     
    12988796           1  0.55740726332340040     
    12988796           2  0.96587243432877778     
    12988796           3   1.4767203023478219     
    12988850           1   1.1947201944678341     
    12988850           2  0.49975792936949942     
    12988850           3   1.3055218761626666     
    12988910           1   1.0694309517177187     
    12988910           2  0.94635801421219246     
    12988910           3  0.98421103407008903     
    12988975           1   1.1849578285919271     
    12988975           2  0.88107782538817170     
    12988975           3  0.93396434601990141     
    12989062           1  0.89509708635819074     
    12989062           2   1.1947979077579476     
    12989062           3  0.91010500588386145     
    12989137           1   1.2612576586204833     
    12989137           2  0.81423078560354056     
    12989137           3  0.92451155577597588     
    12989193           1  0.94542045070756708     
    12989193           2   1.2005346759682738     
    12989193           3  0.85404487332415902     
    12989497           1  0.51672130076304856     
    12989497           2   1.3573202336075849     
    12989497           3   1.1259584656293666     
    12989631           1   1.1940913776892377     
    12989631           2  0.97050530832899229     
    12989631           3  0.83540331398177015     
    12989772           1   1.2907154852471205     
    12989772           2  0.83324789059588134     
    12989772           3  0.87603662415699812     
    12990010           1  0.78137387207939246     
    12990010           2  0.92375503923043489     
    12990010           3   1.2948710886901724     
    12990068           1  0.85175168599648843     
    12990068           2   1.6768685431262873     
    12990068           3  0.47137977087722432     
    12990087           1   1.1015207850880919     
    12990087           2  0.74535289289913376     
    12990087           3   1.1531263220127745     
    12990160           1  0.89164024850357526     
    12990160           2   1.2658003819162214     
    12990160           3  0.84255936958020361     
    12990178           1  0.89252040600501492     
    12990178           2   1.0906598197634818     
    12990178           3   1.0168197742315035     
    12990399           1   1.0840979787055687     
    12990399           2   1.4620579920404626     
    12990399           3  0.45384402925396855     
    12990503           1  0.90912358037444307     
    12990503           2  0.54114888045982623     
    12990503           3   1.5497275391657306     
    12990554           1   1.2802347037778090     
    12990554           2  0.83390350978950534     
    12990554           3  0.88586178643268565     
    12990660           1  0.87655360231117019     
    12990660           2   1.3701371994777312     
    12990660           3  0.75330919821109854     
    12990684           1   1.0850350969190561     
    12990684           2  0.62336804435860282     
    12990684           3   1.2915968587223410     
    12990783           1  0.80622318865639830     
    12990783           2   1.3200700673681307     
    12990783           3  0.87370674397547132     
    12991573           1  0.47629451841367876     
    12991573           2   1.2441551549372487     
    12991573           3   1.2795503266490724     
    12991575           1  0.89197183754742937     
    12991575           2   1.1007041076319650     
    12991575           3   1.0073240548206057     
    12991640           1  0.63624540679326491     
    12991640           2  0.96933436968999287     
    12991640           3   1.3944202235167420     
    12991830           1   1.1137556018911097     
    12991830           2   1.2195680843526790     
    12991830           3  0.66667631375621128     
    12991921           1   1.0686920696234985     
    12991921           2  0.72695693454613519     
    12991921           3   1.2043509958303666     
    12991940           1   1.2716074375830697     
    12991940           2  0.68831493646536945     
    12991940           3   1.0400776259515612     
    12992067           1  0.81346923619230271     
    12992067           2   1.2465351000401113     
    12992067           3  0.93999566376758614     
    12992096           1  0.94051876346160423     
    12992096           2   1.3798634173698916     
    12992096           3  0.67961781916850406     
    12992103           1   1.1239787584445209     
    12992103           2  0.70447474651293218     
    12992103           3   1.1715464950425469     
    12992160           1  0.74545118736242932     
    12992160           2  0.67615406364050645     
    12992160           3   1.5783947489970644     
    12992170           1  0.80629526453717726     
    12992170           2  0.99393067017687209     
    12992170           3   1.1997740652859508     
    12992293           1  0.74068839977673406     
    12992293           2   1.4596782230796495     
    12992293           3  0.79963337714361626     
    12992477           1  0.81266278991639995     
    12992477           2   1.6280052744040012     
    12992477           3  0.55933193567959882     
    12992482           1   1.1988021193746172     
    12992482           2  0.73494614048903961     
    12992482           3   1.0662517401363432     
    12992540           1  0.80436020184796586     
    12992540           2   1.2347438031276898     
    12992540           3  0.96089599502434431     
    12992591           1  0.63766993367839131     
    12992591           2  0.72708968591130196     
    12992591           3   1.6352403804103064     
    12992655           1   1.1624403370205953     
    12992655           2  0.68168562434973068     
    12992655           3   1.1558740386296744     
    12992704           1  0.98711810472102413     
    12992704           2  0.81223811070971230     
    12992704           3   1.2006437845692637     
    12992913           1  0.74138789955049733     
    12992913           2   1.1682428701672907     
    12992913           3   1.0903692302822119     
    12993340           1  0.88126046360933141     
    12993340           2   1.3925917258214744     
    12993340           3  0.72614781056919431     
    12993484           1   1.1620096901734105     
    12993484           2  0.96648951201116950     
    12993484           3  0.87150079781542000     
    12993550           1  0.65467917901785966     
    12993550           2   1.7251935357586901     
    12993550           3  0.62012728522344995     
    12993568           1   1.0907933709447013     
    12993568           2   1.1499877752709975     
    12993568           3  0.75921885378430121     
    12993572           1  0.90848544153260757     
    12993572           2   1.1977677079454785     
    12993572           3  0.89374685052191427     
    12993647           1  0.94685560798043467     
    12993647           2   1.0488092870314283     
    12993647           3   1.0043351049881373     
    12993648           1   1.1567581087842398     
    12993648           2   1.1967812926677430     
    12993648           3  0.64646059854801707     
    12993656           1   1.2815775025842018     
    12993656           2  0.69628883490234139     
    12993656           3   1.0221336625134569     
    12993687           1  0.62099450488544194     
    12993687           2  0.98436211071114177     
    12993687           3   1.3946433844034163     
    12993712           1  0.76569728740121301     
    12993712           2   1.2934002151199833     
    12993712           3  0.94090249747880406     
    12993720           1  0.75887535208941848     
    12993720           2  0.63430599742410965     
    12993720           3   1.6068186504864717     
    12993737           1  0.84517087988555895     
    12993737           2   1.1467708378003438     
    12993737           3   1.0080582823140973     
    12993756           1  0.70495338599166990     
    12993756           2   1.1425935303504404     
    12993756           3   1.1524530836578899     
    12993772           1   1.2281282730522349     
    12993772           2  0.58143000043038018     
    12993772           3   1.1904417265173848     
    12993910           1  0.85771668335618156     
    12993910           2   1.1637936220671568     
    12993910           3  0.97848969457666157     
    12993913           1   1.2474891359630516     
    12993913           2  0.57507683932996578     
    12993913           3   1.1774340247069826     
    12994232           1  0.23061196388224672     
    12994232           2   1.3115791979751936     
    12994232           3   1.4578088381425593     
    12994413           1  0.85179823159796164     
    12994413           2   1.0735385370868884     
    12994413           3   1.0746632313151501     
    12994523           1   1.0692483128058585     
    12994523           2  0.73847678909296377     
    12994523           3   1.1922748981011777     
    12994537           1  0.68279987668223008     
    12994537           2   1.4462497467161688     
    12994537           3  0.87095037660160102     
    12994559           1  0.91743985474278578     
    12994559           2   1.2082233801531939     
    12994559           3  0.87433676510402014     
    12994573           1  0.47658870631024930     
    12994573           2  0.93446162670674526     
    12994573           3   1.5889496669830054     
    12994713           1  0.69182108906844431     
    12994713           2   1.1850890142300083     
    12994713           3   1.1230898967015470     
    12994796           1   1.0893788581879287     
    12994796           2  0.23557190815085174     
    12994796           3   1.6750492336612197     
    12994814           1  0.88941630147196282     
    12994814           2   1.2062547261505974     
    12994814           3  0.90432897237743959     
    12994840           1  0.77783372555030306     
    12994840           2  0.92351229133139368     
    12994840           3   1.2986539831183033     
    12994871           1  0.91438422015907883     
    12994871           2  0.86420215455535054     
    12994871           3   1.2214136252855705     
    12994895           1  0.74392885395581843     
    12994895           2   1.0091976572512826     
    12994895           3   1.2468734887928989     
    12994910           1   1.0106553520526425     
    12994910           2  0.80510292242187131     
    12994910           3   1.1842417255254862     
    12994949           1  0.85728882569877118     
    12994949           2   1.0637463261351168     
    12994949           3   1.0789648481661123     
    12994964           1  0.95854056605790139     
    12994964           2   1.1397275735251156     
    12994964           3  0.90173186041698261     
    12995022           1  0.88159819273709294     
    12995022           2   1.3607572936084225     
    12995022           3  0.75764451365448460     
    12995035           1  0.75273420303959404     
    12995035           2   1.0990201723403146     
    12995035           3   1.1482456246200914     
    12995078           1   1.1136082180671785     
    12995078           2  0.75653495319321373     
    12995078           3   1.1298568287396076     
    12995319           1   1.1090628733672341     
    12995319           2  0.76569196352644653     
    12995319           3   1.1252451631063194     
    12995336           1   1.1896922797679985     
    12995336           2   1.1584157685068524     
    12995336           3  0.65189195172514902     
    12995383           1  0.90353246791076647     
    12995383           2  0.71401505067824678     
    12995383           3   1.3824524814109866     
    12995433           1   1.2016217250907739     
    12995433           2  0.73386090282850558     
    12995433           3   1.0645173720807206     
    12995441           1  0.69270363845527494     
    12995441           2   1.0859770543103207     
    12995441           3   1.2213193072344044     
    12995447           1   1.1218821444152676     
    12995447           2  0.62506029931825702     
    12995447           3   1.2530575562664754     
    12995489           1  0.91915073948869863     
    12995489           2  0.57993985935607906     
    12995489           3   1.5009094011552220     
    12995564           1   1.1963688031449127     
    12995564           2  0.59582897431007353     
    12995564           3   1.2078022225450140     
    12995578           1  0.15159221862142591     
    12995578           2   1.5413411018717644     
    12995578           3   1.3070666795068095     
    12995602           1   1.1985564818274304     
    12995602           2   1.1647393215481092     
    12995602           3  0.63670419662445987     
    12995656           1  0.90970739122191457     
    12995656           2   1.1724158214060449     
    12995656           3  0.91787678737204026     
    12995687           1  0.91271289808785305     
    12995687           2  0.42664457160199404     
    12995687           3   1.6606425303101531     
    12995706           1  0.69228734837094774     
    12995706           2   1.2252393940699391     
    12995706           3   1.0824732575591134     
    12995725           1   1.2177817481587945     
    12995725           2  0.74669408185213737     
    12995725           3   1.0355241699890685     
    12995781           1  0.84155721188197585     
    12995781           2   1.2371598915568776     
    12995781           3  0.92128289656114681     
    12995785           1  0.65144358921609835     
    12995785           2   1.4710396227977913     
    12995785           3  0.87751678798611066     
    12995836           1   1.1845692641011649     
    12995836           2  0.97562254497627687     
    12995836           3  0.83980819092255787     
    12995876           1  0.57298273135644229     
    12995876           2   1.0607399001333717     
    12995876           3   1.3662773685101859     
    12995879           1  0.80698121855179294     
    12995879           2   1.3607444420610615     
    12995879           3  0.83227433938714590     
    12995906           1   1.2375498642335454     
    12995906           2  0.47176235761382845     
    12995906           3   1.2906877781526265     
    12995907           1   1.1641107378013940     
    12995907           2   1.3491936520598142     
    12995907           3  0.48669561013879215     
    12995954           1   1.0161330765581944     
    12995954           2   1.1733934237470773     
    12995954           3  0.81047349969472771     
    12995990           1   1.0971175226683676     
    12995990           2   1.1263680419569539     
    12995990           3  0.77651443537467824     
    12995999           1  0.66639500833062648     
    12995999           2   1.2878666709112530     
    12995999           3   1.0457383207581206     
    12996010           1  0.70831949423529073     
    12996010           2   1.5181146112748465     
    12996010           3  0.77356589448986279     
    12996028           1   1.1695880160947012     
    12996028           2  0.95526609084969383     
    12996028           3  0.87514589305560475     
    12996058           1   1.0376094486083378     
    12996058           2  0.73458846248236231     
    12996058           3   1.2278020889093000     
    12996072           1  0.82462102898267697     
    12996072           2   1.0024050696865869     
    12996072           3   1.1729739013307359     
    12996109           1   1.2439335429963205     
    12996109           2  0.99093209080108069     
    12996109           3  0.76513436620259878     
    12996129           1  0.71215134511516220     
    12996129           2   1.4990434198158988     
    12996129           3  0.78880523506893918     
    12996138           1   1.0187679599605795     
    12996138           2   1.0725170289481676     
    12996138           3  0.90871501109125308     
    12996189           1  0.62204147220855843     
    12996189           2   1.7380953951878892     
    12996189           3  0.63986313260355221     
    12996195           1  0.93198447759707614     
    12996195           2  0.59035222842880875     
    12996195           3   1.4776632939741150     
    12996228           1  0.89108824926831609     
    12996228           2   1.0295509787047914     
    12996228           3   1.0793607720268927     
    12996230           1  0.61371830920464343     
    12996230           2  0.98766401452268027     
    12996230           3   1.3986176762726761     
    12996272           1  0.91908986634425238     
    12996272           2   1.4167768118644992     
    12996272           3  0.66413332179124851     
    12996290           1   1.0861706007545393     
    12996290           2  0.40946615219571086     
    12996290           3   1.5043632470497494     
    12996296           1  0.96941407537303548     
    12996296           2   1.0447366901980246     
    12996296           3  0.98584923442894024     
    12996301           1  0.91817340460737817     
    12996301           2  0.84289448712520321     
    12996301           3   1.2389321082674183     
    12996314           1  0.87365958481903283     
    12996314           2  0.67038749796330455     
    12996314           3   1.4559529172176626     
    12996365           1  0.56497474344216125     
    12996365           2  0.57319729431623523     
    12996365           3   1.8618279622416036     
    12996374           1   1.2684480027385416     
    12996374           2  0.77707407634584991     
    12996374           3  0.95447792091560857     
    12996375           1   1.1660286758744487     
    12996375           2  0.58071864473237400     
    12996375           3   1.2532526793931771     
    12996408           1   1.1366577182697635     
    12996408           2  0.23226578256773953     
    12996408           3   1.6310764991624969     
    12996432           1   1.2853095480823260     
    12996432           2  0.67929491799875485     
    12996432           3   1.0353955339189196     
    12996447           1   1.2775346355642909     
    12996447           2  0.69792696706785473     
    12996447           3   1.0245383973678539     
    12996476           1   1.1973855981130235     
    12996476           2  0.75053642673954712     
    12996476           3   1.0520779751474294     
    12996513           1  0.93336830691630679     
    12996513           2  0.43629987292329897     
    12996513           3   1.6303318201603938     
    12996534           1  0.81560051276231627     
    12996534           2   1.1661177811299248     
    12996534           3   1.0182817061077589     
    12996546           1   1.0395130256989955     
    12996546           2   1.0476083312592377     
    12996546           3  0.91287864304176658     
    12996551           1  0.81724719603343032     
    12996551           2   1.6101848737752718     
    12996551           3  0.57256793019129781     
    12996619           1  0.81866333546970349     
    12996619           2   1.6215275587551525     
    12996619           3  0.55980910577514442     
    12996630           1   1.1730404203803078     
    12996630           2  0.59081308226224782     
    12996630           3   1.2361464973574443     
    12996639           1   1.2843084576561998     
    12996639           2  0.69518993700901077     
    12996639           3   1.0205016053347891     
    12996643           1  0.63743817885179321     
    12996643           2   1.1856104161482202     
    12996643           3   1.1769514049999865     
    12996667           1  0.95703499163479866     
    12996667           2  0.89636155625199687     
    12996667           3   1.1466034521132045     
    12996673           1  0.99816330477250892     
    12996673           2   1.1526425865526231     
    12996673           3  0.84919410867486789     
    12996684           1  0.93485965175923535     
    12996684           2   1.2622727707018175     
    12996684           3  0.80286757753894689     
    12996688           1  0.86915722265497231     
    12996688           2   1.1741330450221397     
    12996688           3  0.95670973232288836     
    12996706           1   1.0052774092217358     
    12996706           2   1.0145822452125621     
    12996706           3  0.98014034556570184     
    12996710           1   1.1581513321163042     
    12996710           2  0.96391239675606444     
    12996710           3  0.87793627112763117     
    12996725           1   1.0524451530188155     
    12996725           2   1.0608889333643003     
    12996725           3  0.88666591361688385     
    12996735           1  0.80568558298926818     
    12996735           2   1.2424344212189933     
    12996735           3  0.95187999579173876     
    12996741           1  0.71900783107814226     
    12996741           2   1.4922657391803917     
    12996741           3  0.78872642974146567     
    12996768           1  0.77698312868506014     
    12996768           2  0.93259786664381417     
    12996768           3   1.2904190046711257     
    12996777           1  0.73442939872193569     
    12996777           2   1.2964169002745609     
    12996777           3  0.96915370100350362     
    12996794           1  0.84278892739862832     
    12996794           2  0.49997115555303318     
    12996794           3   1.6572399170483383     
    12996805           1   1.1732869827207770     
    12996805           2  0.98168570555619450     
    12996805           3  0.84502731172302836     
    12996813           1   1.2691381322802673     
    12996813           2  0.70728978185005731     
    12996813           3   1.0235720858696755     
    12996814           1   1.1235409827319005     
    12996814           2   1.1300353565792045     
    12996814           3  0.74642366068889487     
    12996820           1   1.1887792158727188     
    12996820           2  0.68039239948027352     
    12996820           3   1.1308283846470073     
    12996824           1   1.2649157933767394     
    12996824           2  0.80789120996038155     
    12996824           3  0.92719299666287891     
    12996825           1   1.3174871481892863     
    12996825           2  0.61578258627120230     
    12996825           3   1.0667302655395114     
    12996841           1  0.88668512350928208     
    12996841           2   1.1690256766948393     
    12996841           3  0.94428919979587878     
    12996842           1   1.2261760121475493     
    12996842           2  0.46112396729991262     
    12996842           3   1.3127000205525381     
    12996843           1  0.91381339330796707     
    12996843           2   1.0920882408979071     
    12996843           3  0.99409836579412636     
    12996856           1   1.3410981022579989     
    12996856           2  0.30272860807465130     
    12996856           3   1.3561732896673502     
    12996859           1   1.2281337565429504     
    12996859           2  0.54220677984808707     
    12996859           3   1.2296594636089624     
    12996875           1   1.1211087938130890     
    12996875           2  0.66432385583251474     
    12996875           3   1.2145673503543963     
    12996892           1  0.84115456860520643     
    12996892           2   1.2419164484215814     
    12996892           3  0.91692898297321190     
    12996893           1  0.73522234451583401     
    12996893           2   1.2294769254768190     
    12996893           3   1.0353007300073471     
    12996898           1  0.61747800325820723     
    12996898           2   1.4419978644138458     
    12996898           3  0.94052413232794652     
    12996902           1  0.68898587527457078     
    12996902           2  0.62523858091601037     
    12996902           3   1.6857755438094189     
    12996905           1  0.19663429193216442     
    12996905           2   1.5487819458771610     
    12996905           3   1.2545837621906741     
    12996907           1  0.83068985844940313     
    12996907           2   1.1876920126758730     
    12996907           3  0.98161812887472322     
    12996909           1   1.2945632777466611     
    12996909           2  0.70074082137033988     
    12996909           3   1.0046959008829992     
    12996935           1  0.74539522012658210     
    12996935           2   1.4498900072967265     
    12996935           3  0.80471477257669144     
    12996939           1   1.1312998898439639     
    12996939           2  0.68848060251819065     
    12996939           3   1.1802195076378454     
    12996940           1  0.59298964093593998     
    12996940           2  0.93171473668803062     
    12996940           3   1.4752956223760294     
    12996947           1   1.0091788794870431     
    12996947           2  0.82500444244688087     
    12996947           3   1.1658166780660759     
    12996953           1   1.1259980627156176     
    12996953           2  0.66419506015249807     
    12996953           3   1.2098068771318846     
    12996956           1   1.1806111049878560     
    12996956           2  0.72390256004099085     
    12996956           3   1.0954863349711534     
    12996965           1   1.1523865882736049     
    12996965           2  0.23547983570055908     
    12996965           3   1.6121335760258362     
    12996969           1   1.1112018090934912     
    12996969           2   1.1086387976933021     
    12996969           3  0.78015939321320649     
    12996972           1  0.65275354721395806     
    12996972           2   1.4595859171936956     
    12996972           3  0.88766053559234681     
    12996974           1   1.3145746744903195     
    12996974           2  0.65477320155187413     
    12996974           3   1.0306521239578064     
    12996976           1   1.3089850240930705     
    12996976           2  0.29804723610104683     
    12996976           3   1.3929677398058826     
    12996983           1  0.99029717539939421     
    12996983           2  0.90282580164803850     
    12996983           3   1.1068770229525671     
    12996986           1   1.0806712339110622     
    12996986           2  0.76287480082130321     
    12996986           3   1.1564539652676344     
    12996989           1  0.66800702018469948     
    12996989           2   1.7285634911121723     
    12996989           3  0.60342948870312763     
    12996991           1   1.1620848994941873     
    12996991           2  0.98462682489453857     
    12996991           3  0.85328827561127396     
    12996993           1   1.1618087181958054     
    12996993           2   1.2800208313932835     
    12996993           3  0.55817045041091107     
    12996994           1  0.73049125760393918     
    12996994           2   1.4717287466393638     
    12996994           3  0.79777999575669678     
    12996999           1   1.1784508780270575     
    12996999           2  0.57970110047964418     
    12996999           3   1.2418480214932983     
    12997001           1  0.87194297431903389     
    12997001           2  0.30827309525131674     
    12997001           3   1.8197839304296495     
    12997002           1  0.91930954439317092     
    12997002           2  0.84993547445693873     
    12997002           3   1.2307549811498899     
    12997005           1   1.1751032918198860     
    12997005           2  0.92386687839448378     
    12997005           3  0.90102982978563029     
    12997010           1  0.79400538733583770     
    12997010           2   1.2679142240941186     
    12997010           3  0.93808038857004394     
    12997016           1   1.0006496837889578     
    12997016           2   1.0738014531641431     
    12997016           3  0.92554886304689932     
    12997026           1   1.0901547794072668     
    12997026           2   1.0872012853109139     
    12997026           3  0.82264393528181956     
    12997027           1   1.1527323054787095     
    12997027           2   1.1926161988184487     
    12997027           3  0.65465149570284142     
    12997029           1  0.19646494371255377     
    12997029           2   1.5474480815622331     
    12997029           3   1.2560869747252130     
    12997033           1  0.97294033969641314     
    12997033           2  0.41727465635394900     
    12997033           3   1.6097850039496384     
    12997034           1  0.87170727808291026     
    12997034           2   1.2327390021500606     
    12997034           3  0.89555371976702913     
    12997039           1  0.74728707003411043     
    12997039           2   1.4428066121267791     
    12997039           3  0.80990631783911093     
    12997040           1  0.86023297733001758     
    12997040           2   1.1620773995476577     
    12997040           3  0.97768962312232510     
    12997041           1   1.2934970816706515     
    12997041           2  0.70202457324007439     
    12997041           3   1.0044783450892742     
    12997048           1   1.1973205409195775     
    12997048           2  0.74934178879791424     
    12997048           3   1.0533376702825084     
    12997059           1  0.49598307635069594     
    12997059           2   1.1071992938504256     
    12997059           3   1.3968176297988781     
    12997060           1  0.86156011489504358     
    12997060           2   1.2533109145243313     
    12997060           3  0.88512897058062523     
    12997061           1   1.1185002689847328     
    12997061           2   1.0537220805875989     
    12997061           3  0.82777765042766804     
    12997062           1  0.91388654324646379     
    12997062           2  0.57661840499915518     
    12997062           3   1.5094950517543813     
    12997063           1  0.80405398175673437     
    12997063           2   1.2459936833246379     
    12997063           3  0.94995233491862774     
    12997064           1   1.1615977104846966     
    12997064           2   1.1886353437240678     
    12997064           3  0.64976694579123595     
    12997067           1  0.89579665710434087     
    12997067           2  0.75951503123823749     
    12997067           3   1.3446883116574220     
    12997069           1  0.90418566992719052     
    12997069           2   1.0640782652359162     
    12997069           3   1.0317360648368930     
    12997070           1  0.90294273270765846     
    12997070           2  0.60624554531783337     
    12997070           3   1.4908117219745078     
    12997071           1   1.1807797037749199     
    12997071           2  0.97765907571067701     
    12997071           3  0.84156122051440319     
    12997072           1  0.26445877641274212     
    12997072           2   1.5056392586107403     
    12997072           3   1.2299019649765175     
    12997077           1  0.74567121428972793     
    12997077           2   1.0126256177079636     
    12997077           3   1.2417031680023085     
    12997078           1   1.2927195884698228     
    12997078           2  0.90715951987425647     
    12997078           3  0.80012089165592071     
    12997079           1  0.60358482024295612     
    12997079           2  0.99185818926224578     
    12997079           3   1.4045569904947983     
    12997080           1  0.48973592380315306     
    12997080           2   1.3950638219582487     
    12997080           3   1.1152002542385979     
    12997081           1   1.0114504414947763     
    12997081           2   1.1376486416124867     
    12997081           3  0.85090091689273728     
    12997083           1  0.66660908867603463     
    12997083           2   1.3026342912229454     
    12997083           3   1.0307566201010201     
    12997085           1  0.60438785509143367     
    12997085           2   1.2217569010625720     
    12997085           3   1.1738552438459939     
    12997086           1  0.46220018027445287     
    12997086           2  0.82465922720658502     
    12997086           3   1.7131405925189622     
    12997089           1  0.84107622711177221     
    12997089           2  0.51036613364760230     
    12997089           3   1.6485576392406254     
    12997091           1   1.2008970156844174     
    12997091           2  0.59146855140583077     
    12997091           3   1.2076344329097519     
    12997093           1  0.79677458708748616     
    12997093           2   1.0728320769434385     
    12997093           3   1.1303933359690757     
    12997094           1   1.0237692287730698     
    12997094           2   1.0424863495789445     
    12997094           3  0.93374442164798610     
    12997096           1   1.1865618080776619     
    12997096           2  0.97684686942733034     
    12997096           3  0.83659132249500734     
    12997098           1  0.86172976271963353     
    12997098           2   1.4830932341142540     
    12997098           3  0.65517700316611283     
    12997099           1   1.2318844417003252     
    12997099           2  0.99751453628081843     
    12997099           3  0.77060102201885639     
    12997100           1  0.91210495998963548     
    12997100           2   1.2259974514149543     
    12997100           3  0.86189758859541044     
    12997101           1   1.1709617233789869     
    12997101           2   1.3342286548923890     
    12997101           3  0.49480962172862436     
    12997102           1  0.77582113672031960     
    12997102           2  0.92916517444168334     
    12997102           3   1.2950136888379968     
    12997103           1  0.53464817738263148     
    12997103           2  0.71461968781910656     
    12997103           3   1.7507321347982621     
