    11150738           1  0.59513235538050913     
    11150738           2   1.2059051029890531     
    11150738           3   1.1989625416304379     
    11297535           1  0.36657739466982037     
    11297535           2   1.5286532243904338     
    11297535           3   1.1047693809397459     
    11431518           1   1.0928205754716520     
    11431518           2   1.0894754535900582     
    11431518           3  0.81770397093828995     
    11636879           1   1.5711307403800066     
    11636879           2  0.24985756807958842     
    11636879           3   1.1790116915404047     
    11737576           1   1.1133352407744956     
    11737576           2  0.86584828798497659     
    11737576           3   1.0208164712405279     
    11783571           1  0.69186665735193087     
    11783571           2   1.1101659071127976     
    11783571           3   1.1979674355352710     
    11801225           1  0.89910802844341475     
    11801225           2  0.83809135496102183     
    11801225           3   1.2628006165955636     
    11873627           1   1.1106737009042507     
    11873627           2  0.68123253939162409     
    11873627           3   1.2080937597041257     
    11918493           1   1.1584028273598055     
    11918493           2  0.73345742060209718     
    11918493           3   1.1081397520380971     
    11942371           1  0.57058419454723464     
    11942371           2   1.4062546136935508     
    11942371           3   1.0231611917592147     
    11974636           1  0.88641946837896479     
    11974636           2  0.94781813896899902     
    11974636           3   1.1657623926520366     
    11996206           1  0.87786039930054816     
    11996206           2   1.1173725958592100     
    11996206           3   1.0047670048402422     
    12020254           1  0.58917983244179284     
    12020254           2  0.99473195831096251     
    12020254           3   1.4160882092472444     
    12067879           1  0.68731383626711218     
    12067879           2   1.2526473158115738     
    12067879           3   1.0600388479213145     
    12082377           1  0.50360277290274336     
    12082377           2  0.87589768444043781     
    12082377           3   1.6204995426568187     
    12085620           1   1.4193326637517987     
    12085620           2  0.31589934593095403     
    12085620           3   1.2647679903172471     
    12119858           1   1.1391557879796983     
    12119858           2  0.61673400516521459     
    12119858           3   1.2441102068550871     
    12194312           1   1.2355100595921198     
    12194312           2  0.59605753024757357     
    12194312           3   1.1684324101603070     
    12196593           1  0.97003229770080435     
    12196593           2  0.83906836550456099     
    12196593           3   1.1908993367946348     
    12204576           1   1.3514569728790085     
    12204576           2  0.79308846163412661     
    12204576           3  0.85545456548686538     
    12237408           1  0.78473390515395980     
    12237408           2   1.2683339696739533     
    12237408           3  0.94693212517208680     
    12242085           1   1.2133900516079594     
    12242085           2  0.70052212351621956     
    12242085           3   1.0860878248758215     
    12244295           1  0.10022710445143489     
    12244295           2   1.9423760027399073     
    12244295           3  0.95739689280865781     
    12263458           1  0.46731790693786524     
    12263458           2   1.0668012302027221     
    12263458           3   1.4658808628594129     
    12281337           1   1.3458366365558239     
    12281337           2  0.82683907470252260     
    12281337           3  0.82732428874165365     
    12288900           1  0.11833383177617619     
    12288900           2   2.2018235776872608     
    12288900           3  0.67984259053656271     
    12290417           1  0.48716453447684765     
    12290417           2   1.3714207817432882     
    12290417           3   1.1414146837798644     
    12313258           1  0.80549692125255801     
    12313258           2  0.95971204592032200     
    12313258           3   1.2347910328271197     
    12323198           1  0.60381554514552127     
    12323198           2   1.0123179621838696     
    12323198           3   1.3838664926706090     
    12333521           1   1.0092603682352705     
    12333521           2   1.0850570922509659     
    12333521           3  0.90568253951376332     
    12340093           1  0.68746789810822873     
    12340093           2   1.4647600469580058     
    12340093           3  0.84777205493376562     
    12357206           1  0.95555980485825220     
    12357206           2   1.0920368976315888     
    12357206           3  0.95240329751015873     
    12359408           1  0.69868515015406396     
    12359408           2   1.4767036582970712     
    12359408           3  0.82461119154886486     
    12365217           1  0.50191387179069191     
    12365217           2   1.3074925222737213     
    12365217           3   1.1905936059355866     
    12365244           1  0.80285028222436472     
    12365244           2   1.1328117435379783     
    12365244           3   1.0643379742376573     
    12382297           1   1.4258974629225296     
    12382297           2  0.96226943444376922     
    12382297           3  0.61183310263370094     
    12383493           1   1.4250542463244160     
    12383493           2   1.0088466492364820     
    12383493           3  0.56609910443910172     
    12384230           1   1.2140813502118968     
    12384230           2  0.85607306756706758     
    12384230           3  0.92984558222103519     
    12385207           1  0.33868762585848089     
    12385207           2   1.0963220150656319     
    12385207           3   1.5649903590758871     
    12386560           1  0.82377835398867438     
    12386560           2   1.1757908354149462     
    12386560           3   1.0004308105963795     
    12392362           1   1.5565100546385104     
    12392362           2  0.58471724685370285     
    12392362           3  0.85877269850778648     
    12399725           1  0.70705495054727507     
    12399725           2   1.4806351295117230     
    12399725           3  0.81230991994100132     
    12408472           1   1.4705163257052534     
    12408472           2   1.0412016818266687     
    12408472           3  0.48828199246807835     
    12414503           1  0.22319074933571009     
    12414503           2   1.5967289700676839     
    12414503           3   1.1800802805966060     
    12414576           1  0.23305545985233200     
    12414576           2   1.1112580483941297     
    12414576           3   1.6556864917535383     
    12424403           1   1.3011627597271846     
    12424403           2  0.74721661689505081     
    12424403           3  0.95162062337776421     
    12432043           1   1.4643805477690275     
    12432043           2  0.65408870413100362     
    12432043           3  0.88153074809996856     
    12433171           1  0.96766855239577954     
    12433171           2   1.2256281189880147     
    12433171           3  0.80670332861620586     
    12437252           1   1.4828442348241448     
    12437252           2  0.50431100936190676     
    12437252           3   1.0128447558139486     
    12439351           1  0.40829379973474339     
    12439351           2   1.1719832669852281     
    12439351           3   1.4197229332800287     
    12448142           1  0.95896803107200346     
    12448142           2   1.4270285151721624     
    12448142           3  0.61400345375583409     
    12450472           1   1.3879482337204814     
    12450472           2  0.71987143666689513     
    12450472           3  0.89218032961262372     
    12454440           1  0.77742841744367375     
    12454440           2   1.4795797508164137     
    12454440           3  0.74299183173991246     
    12461127           1   1.2147610810379863     
    12461127           2   9.7066762654435090E-002
    12461127           3   1.6881721563075791     
    12463553           1   1.6239698048742766     
    12463553           2  0.66558247288521322     
    12463553           3  0.71044772224051023     
    12482920           1   1.2537469956045109     
    12482920           2   1.0283946885904149     
    12482920           3  0.71785831580507375     
    12483966           1   1.1861125780791244     
    12483966           2  0.70577725629992760     
    12483966           3   1.1081101656209476     
    12487350           1  0.26900455233492826     
    12487350           2   1.5782783204379240     
    12487350           3   1.1527171272271477     
    12494771           1  0.18602058809973673     
    12494771           2   1.5363631941510056     
    12494771           3   1.2776162177492578     
    12497282           1   1.4082004942742172     
    12497282           2  0.75600181127926624     
    12497282           3  0.83579769444651653     
    12512882           1   1.4770409476483344     
    12512882           2  0.87551985521414177     
    12512882           3  0.64743919713752385     
    12524278           1   1.4282880737801225     
    12524278           2  0.79365305960913035     
    12524278           3  0.77805886661074708     
    12525309           1  0.73008165952663739     
    12525309           2   1.8916133420432932     
    12525309           3  0.37830499843006948     
    12537866           1   1.4749391958014346     
    12537866           2  0.54379065265666926     
    12537866           3  0.98127015154189601     
    12542028           1  0.97088667416878982     
    12542028           2  0.76695731603154926     
    12542028           3   1.2621560097996609     
    12544418           1   1.3814238571403954     
    12544418           2  0.89484468879865198     
    12544418           3  0.72373145406095263     
    12546469           1  0.78940814136360005     
    12546469           2   1.2017696241977538     
    12546469           3   1.0088222344386459     
    12549648           1   2.0297471966702406E-003
    12549648           2   1.4398684467060083     
    12549648           3   1.5581018060973217     
    12554318           1  0.53095554844472681     
    12554318           2   1.5121742809533847     
    12554318           3  0.95687017060188873     
    12557075           1  0.90909377330288754     
    12557075           2  0.83408334832197029     
    12557075           3   1.2568228783751425     
    12562972           1   1.1725747194277791     
    12562972           2  0.80724051634645766     
    12562972           3   1.0201847642257633     
    12565848           1  0.60502240739233792     
    12565848           2   1.2360727824446640     
    12565848           3   1.1589048101629982     
    12566435           1   1.4914675990821968     
    12566435           2  0.77269095685239098     
    12566435           3  0.73584144406541174     
    12570613           1   1.0588235084418736     
    12570613           2   1.3519420221864766     
    12570613           3  0.58923446937165003     
    12570933           1   1.3229771048759642     
    12570933           2  0.49863859764696200     
    12570933           3   1.1783842974770737     
    12580198           1   1.4217101199198707     
    12580198           2  0.55130255475641543     
    12580198           3   1.0269873253237134     
    12581598           1   1.2761518153983360     
    12581598           2  0.72777749787434753     
    12581598           3  0.99607068672731647     
    12583654           1   1.6444449040192992     
    12583654           2  0.35115442560756394     
    12583654           3   1.0044006703731370     
    12586696           1   1.1173081695667517     
    12586696           2   1.1394684848087653     
    12586696           3  0.74322334562448311     
    12588245           1  0.41535172700243328     
    12588245           2   1.0280210126709319     
    12588245           3   1.5566272603266351     
    12589840           1  0.81477257510077050     
    12589840           2   1.2923342856452802     
    12589840           3  0.89289313925394931     
    12595568           1   1.0680307095607069     
    12595568           2   1.0004263146649601     
    12595568           3  0.93154297577433276     
    12597227           1   1.2255991994433388     
    12597227           2   1.0327996964827626     
    12597227           3  0.74160110407389834     
    12598510           1   1.9707048894282986     
    12598510           2  0.30865066631071386     
    12598510           3  0.72064444426098784     
    12603426           1  0.66917011123124193     
    12603426           2  0.64609460322073642     
    12603426           3   1.6847352855480218     
    12603999           1  0.34790676279167648     
    12603999           2   2.4348706055542593     
    12603999           3  0.21722263165406447     
    12615207           1  0.50008561613929114     
    12615207           2   1.1413448461113902     
    12615207           3   1.3585695377493185     
    12617719           1   1.3860193106295822     
    12617719           2  0.89782148489650748     
    12617719           3  0.71615920447391057     
    12622094           1  0.74507006048568192     
    12622094           2   2.0352159752828265     
    12622094           3  0.21971396423149173     
    12635862           1   1.0158691378294420     
    12635862           2  0.96587720339575267     
    12635862           3   1.0182536587748054     
    12637745           1   1.6236365934137469     
    12637745           2  0.78361163242212395     
    12637745           3  0.59275177416412905     
    12639243           1  0.96425036742599801     
    12639243           2  0.83662684631149564     
    12639243           3   1.1991227862625060     
    12642813           1  0.66847835766736174     
    12642813           2   1.3506375465084894     
    12642813           3  0.98088409582414904     
    12644532           1  0.36517009377795756     
    12644532           2   1.6607424381988243     
    12644532           3  0.97408746802321777     
    12645045           1  0.72604066021347136     
    12645045           2   1.1130742500959048     
    12645045           3   1.1608850896906238     
    12647124           1   1.1906698042754937     
    12647124           2  0.97593425364949882     
    12647124           3  0.83339594207500733     
    12652979           1  0.84053105390162897     
    12652979           2  0.85331514267690955     
    12652979           3   1.3061538034214617     
    12653312           1   1.7566157572826469     
    12653312           2  0.43766060173189703     
    12653312           3  0.80572364098545612     
    12659418           1   1.3603794039527148     
    12659418           2   5.2192634879314761E-004
    12659418           3   1.6390986696984917     
    12664886           1   1.6999951652727183     
    12664886           2  0.26020498592743346     
    12664886           3   1.0397998487998483     
    12665277           1  0.35383683319199005     
    12665277           2   2.3365662879242839     
    12665277           3  0.30959687888372578     
    12665499           1  0.28002531828199101     
    12665499           2   1.4602061728556590     
    12665499           3   1.2597685088623498     
    12666082           1   1.0591435612069615     
    12666082           2   1.2967202775687148     
    12666082           3  0.64413616122432404     
    12667833           1   1.3361349985807403     
    12667833           2  0.81378867473290806     
    12667833           3  0.85007632668635158     
    12668692           1   1.5017687226031016     
    12668692           2  0.52386832256222349     
    12668692           3  0.97436295483467472     
    12671883           1   1.3711421060655422     
    12671883           2  0.69229149261600775     
    12671883           3  0.93656640131845004     
    12673800           1  0.85845855066908527     
    12673800           2  0.94543912124584240     
    12673800           3   1.1961023280850720     
    12678486           1  0.97062778933522664     
    12678486           2   1.0987681290093161     
    12678486           3  0.93060408165545738     
    12679452           1  0.51564955522896871     
    12679452           2   1.1146679469394272     
    12679452           3   1.3696824978316038     
    12682676           1   1.5520857522887728     
    12682676           2  0.21678226904553427     
    12682676           3   1.2311319786656931     
    12690599           1   1.9844382761662982     
    12690599           2  0.38063816882574075     
    12690599           3  0.63492355500796116     
    12691467           1  0.88011966897771854     
    12691467           2   1.2697498409706534     
    12691467           3  0.85013049005162777     
    12692782           1   1.0767562722128310     
    12692782           2  0.58595663433918244     
    12692782           3   1.3372870934479866     
    12693807           1  0.68177202043490248     
    12693807           2   1.2491156009856375     
    12693807           3   1.0691123785794598     
    12695465           1  0.28938594267541301     
    12695465           2  0.96298917507273685     
    12695465           3   1.7476248822518501     
    12699752           1   1.1929791067324997     
    12699752           2  0.35820721837901592     
    12699752           3   1.4488136748884843     
    12702193           1   1.1490054533695471     
    12702193           2   1.0500573010298104     
    12702193           3  0.80093724560064283     
    12702819           1  0.46916802122136464     
    12702819           2   1.0248222183465865     
    12702819           3   1.5060097604320493     
    12705757           1  0.47327980137696590     
    12705757           2   1.5579641123835211     
    12705757           3  0.96875608623951348     
    12706103           1   1.2627617897864285     
    12706103           2  0.98559272738538672     
    12706103           3  0.75164548282818455     
    12710162           1   1.2004337090580246     
    12710162           2  0.59701059664901890     
    12710162           3   1.2025556942929569     
    12710222           1   1.1325690638792805     
    12710222           2  0.63051431136347857     
    12710222           3   1.2369166247572414     
    12713358           1  0.15196768172752026     
    12713358           2   1.0283442872349395     
    12713358           3   1.8196880310375401     
    12714411           1  0.83844924208015559     
    12714411           2  0.80149836700698340     
    12714411           3   1.3600523909128606     
    12721025           1  0.41554534840778362     
    12721025           2   1.8911843011494534     
    12721025           3  0.69327035044276275     
    12723252           1  0.86112248849203221     
    12723252           2   1.0768500871153430     
    12723252           3   1.0620274243926249     
    12725527           1   1.7501291784672490     
    12725527           2  0.33606062653324170     
    12725527           3  0.91381019499950866     
    12729197           1   1.4538125096995864     
    12729197           2  0.61086648219885464     
    12729197           3  0.93532100810155883     
    12730249           1  0.69380834638590749     
    12730249           2   1.5142716131641567     
    12730249           3  0.79192004044993558     
    12731534           1  0.73461535598958339     
    12731534           2   1.6978326295251285     
    12731534           3  0.56755201448528836     
    12733850           1  0.45268962894767412     
    12733850           2   1.1429165428310171     
    12733850           3   1.4043938282213089     
    12738015           1   1.7970230120136772     
    12738015           2  0.80860197517647348     
    12738015           3  0.39437501280984932     
    12741017           1  0.50259102594366389     
    12741017           2   1.2293927875000368     
    12741017           3   1.2680161865562993     
    12741812           1  0.20339046537000596     
    12741812           2   1.4465889137733665     
    12741812           3   1.3500206208566279     
    12742831           1  0.52497702152520120     
    12742831           2   2.3757701067368449     
    12742831           3   9.9252871737953788E-002
    12744933           1   1.7618734117795265     
    12744933           2  0.38232262855013438     
    12744933           3  0.85580395967033918     
    12745513           1  0.64255607537138137     
    12745513           2   1.2621370122033650     
    12745513           3   1.0953069124252537     
    12748508           1  0.77879965121980810     
    12748508           2   1.9522705347382505     
    12748508           3  0.26892981404194172     
    12749670           1   1.6555046793481270     
    12749670           2  0.76452346963549445     
    12749670           3  0.57997185101637905     
    12749813           1  0.17613555320186250     
    12749813           2  0.97977232990241314     
    12749813           3   1.8440921168957247     
    12750099           1  0.92707985653148550     
    12750099           2  0.90000324992551617     
    12750099           3   1.1729168935429981     
    12750643           1   1.6392895534237570     
    12750643           2  0.50471291290908982     
    12750643           3  0.85599753366715325     
    12750923           1   1.2300099710989640     
    12750923           2  0.82794496947023366     
    12750923           3  0.94204505943080230     
    12752054           1   1.1340041360663959     
    12752054           2  0.82609099126813634     
    12752054           3   1.0399048726654680     
    12752539           1  0.75905708272951622     
    12752539           2   1.9027804833710211     
    12752539           3  0.33816243389946293     
    12752675           1  0.92277297772401823     
    12752675           2   1.1905397106735949     
    12752675           3  0.88668731160238734     
    12753921           1   1.2372817287976989     
    12753921           2  0.59545904750935563     
    12753921           3   1.1672592236929455     
    12757300           1   1.5714937666577307     
    12757300           2  0.43657901816066880     
    12757300           3  0.99192721518160054     
    12757380           1   1.1942537785162077     
    12757380           2  0.27784940469578612     
    12757380           3   1.5278968167880063     
    12758042           1  0.97624970691897550     
    12758042           2  0.26482627094867267     
    12758042           3   1.7589240221323519     
    12759856           1  0.70308051133622396     
    12759856           2   1.3011325929518667     
    12759856           3  0.99578689571190948     
    12760321           1   1.8200250171455272     
    12760321           2  0.61106245726141040     
    12760321           3  0.56891252559306227     
    12760791           1  0.37883893226670418     
    12760791           2   1.0425436541505548     
    12760791           3   1.5786174135827413     
    12762641           1  0.54417831676499961     
    12762641           2   1.4863630110608790     
    12762641           3  0.96945867217412096     
    12765370           1  0.75619947397329779     
    12765370           2   1.6412563665637292     
    12765370           3  0.60254415946297291     
    12768275           1   1.2665245348912764     
    12768275           2  0.37422913129755420     
    12768275           3   1.3592463338111691     
    12769295           1   1.1254821176424883     
    12769295           2  0.82706288577470377     
    12769295           3   1.0474549965828084     
    12771584           1  0.59664973526130816     
    12771584           2   1.7568756191039432     
    12771584           3  0.64647464563474843     
    12772516           1  0.57826408061062728     
    12772516           2   1.3587605173605350     
    12772516           3   1.0629754020288376     
    12774533           1   1.1702110477772554     
    12774533           2  0.96871785722007464     
    12774533           3  0.86107109500266987     
    12776176           1  0.66723556916662363     
    12776176           2   1.4898387830884077     
    12776176           3  0.84292564774496836     
    12776285           1  0.60070680727779335     
    12776285           2   1.6696987770597831     
    12776285           3  0.72959441566242367     
    12778713           1  0.97014515303034876     
    12778713           2  0.83937466852879505     
    12778713           3   1.1904801784408556     
    12780081           1   1.3780760136248678     
    12780081           2  0.72418466608169652     
    12780081           3  0.89773932029343584     
    12780457           1  0.54600609296694169     
    12780457           2   1.4377130417697597     
    12780457           3   1.0162808652632986     
    12781396           1   1.1808778964164304     
    12781396           2  0.77028051505321171     
    12781396           3   1.0488415885303575     
    12782572           1   1.4922179608531263     
    12782572           2  0.51395307076029384     
    12782572           3  0.99382896838658008     
    12785116           1  0.17602768434502800     
    12785116           2   2.3611833967222502     
    12785116           3  0.46278891893272223     
    12786090           1   1.3829684710874539     
    12786090           2  0.71106989251198716     
    12786090           3  0.90596163640055871     
    12787165           1   1.3649552945350159     
    12787165           2  0.57286853269181470     
    12787165           3   1.0621761727731693     
    12792942           1  0.22545668980072889     
    12792942           2   1.3055339969770141     
    12792942           3   1.4690093132222573     
    12792960           1  0.69418359571831356     
    12792960           2   1.7367209224849127     
    12792960           3  0.56909548179677361     
    12794192           1   1.1476085986132436     
    12794192           2  0.87035378898745219     
    12794192           3  0.98203761239930398     
    12794623           1  0.60240376249171401     
    12794623           2   1.6734908548743326     
    12794623           3  0.72410538263395374     
    12795032           1   1.4462447973349977     
    12795032           2  0.44267502762187144     
    12795032           3   1.1110801750431307     
    12797093           1  0.40386479222950544     
    12797093           2  0.94914685017780187     
    12797093           3   1.6469883575926927     
    12798205           1  0.17308642961295093     
    12798205           2   2.0385595607183724     
    12798205           3  0.78835400966867608     
    12798615           1   1.1235521435385583     
    12798615           2  0.53509880727610104     
    12798615           3   1.3413490491853410     
    12798649           1   1.1951311950858110     
    12798649           2   1.1255728278652548     
    12798649           3  0.67929597704893407     
    12798692           1  0.63995874903388983     
    12798692           2  0.98719339331251066     
    12798692           3   1.3728478576535994     
    12799250           1  0.36707584491750272     
    12799250           2   1.1906222444048966     
    12799250           3   1.4423019106776005     
    12799625           1  0.38697209595146365     
    12799625           2   1.2734877947158001     
    12799625           3   1.3395401093327364     
    12800446           1   1.1451370361458133     
    12800446           2  0.47917091863512096     
    12800446           3   1.3756920452190657     
    12801101           1   1.4245772490578434     
    12801101           2  0.94677335203324831     
    12801101           3  0.62864939890890803     
    12801678           1   1.2805519713262481     
    12801678           2  0.88406587078323851     
    12801678           3  0.83538215789051318     
    12802404           1  0.57163637546821322     
    12802404           2   1.4368497575191170     
    12802404           3  0.99151386701266953     
    12803981           1  0.85979852136142054     
    12803981           2  0.46308147439527925     
    12803981           3   1.6771200042433001     
    12805324           1   1.1475146415962889     
    12805324           2  0.94992943952056286     
    12805324           3  0.90255591888314857     
    12806051           1   1.5451038080305088     
    12806051           2  0.42924758454558243     
    12806051           3   1.0256486074239088     
    12806173           1  0.67416201702689460     
    12806173           2   1.9382134068776722     
    12806173           3  0.38762457609543333     
    12810557           1  0.96152136247626530     
    12810557           2   1.1624883635301742     
    12810557           3  0.87599027399356055     
    12810953           1  0.12519889147166158     
    12810953           2   1.2449336390011090     
    12810953           3   1.6298674695272293     
    12811126           1   1.6304106474824820     
    12811126           2  0.45341117698825223     
    12811126           3  0.91617817552926561     
    12812433           1   1.0766460579983019     
    12812433           2  0.87426097850058215     
    12812433           3   1.0490929635011161     
    12812868           1   1.3419524324694099     
    12812868           2  0.96662348912990348     
    12812868           3  0.69142407840068643     
    12814223           1   1.1310529617287250     
    12814223           2  0.49598814871038360     
    12814223           3   1.3729588895608915     
    12818902           1  0.41161625043562344     
    12818902           2   1.8173606314096029     
    12818902           3  0.77102311815477365     
    12820411           1   1.1889672014401151     
    12820411           2   1.1605489717219950     
    12820411           3  0.65048382683788997     
    12824459           1  0.57905954598669374     
    12824459           2   1.2417932653676147     
    12824459           3   1.1791471886456915     
    12826634           1   1.3822799741233047     
    12826634           2  0.28527670044851211     
    12826634           3   1.3324433254281833     
    12827720           1  0.85259625627621360     
    12827720           2  0.75984403406106760     
    12827720           3   1.3875597096627188     
    12833037           1   1.4189551453642959     
    12833037           2  0.16806175121508443     
    12833037           3   1.4129831034206199     
    12835236           1   1.3254142087724712     
    12835236           2  0.79832290094638014     
    12835236           3  0.87626289028114857     
    12835946           1   1.0721480009094391     
    12835946           2  0.99271789639375829     
    12835946           3  0.93513410269680242     
    12837907           1   1.5649668425276986     
    12837907           2  0.43476576367073283     
    12837907           3   1.0002673938015685     
    12839604           1   1.4038886411298330     
    12839604           2  0.49503406957777940     
    12839604           3   1.1010772892923877     
    12842233           1  0.85649316726375158     
    12842233           2   1.0131302566716727     
    12842233           3   1.1303765760645759     
    12842731           1   1.1614263060477703     
    12842731           2   1.0825937460588593     
    12842731           3  0.75597994789337075     
    12848159           1   1.4476060534426276     
    12848159           2  0.95484197748884969     
    12848159           3  0.59755196906852270     
    12849770           1  0.93090601320069377     
    12849770           2  0.96922642293280914     
    12849770           3   1.0998675638664968     
    12850140           1   1.3813606881965514     
    12850140           2  0.67509304993613239     
    12850140           3  0.94354626186731638     
    12852406           1  0.81246344356050770     
    12852406           2   1.0701590989514722     
    12852406           3   1.1173774574880200     
    12854419           1  0.86083527108490665     
    12854419           2   1.0934583848125516     
    12854419           3   1.0457063441025416     
    12859802           1  0.61157973041011149     
    12859802           2   1.7488591254386947     
    12859802           3  0.63956114415119369     
    12860395           1   1.3606475236211515     
    12860395           2  0.65445014317948602     
    12860395           3  0.98490233319936260     
    12861825           1  0.61359731832085618     
    12861825           2   1.2041327018914330     
    12861825           3   1.1822699797877110     
    12863471           1   1.3606380080995633     
    12863471           2  0.62390097071659445     
    12863471           3   1.0154610211838422     
    12864151           1   1.1297743894158283     
    12864151           2   1.2437184239597652     
    12864151           3  0.62650718662440719     
    12864294           1   1.7082699914360788     
    12864294           2  0.65891862365625942     
    12864294           3  0.63281138490766198     
    12864804           1  0.38323908740099033     
    12864804           2   1.2753071173564927     
    12864804           3   1.3414537952425170     
    12866145           1  0.41604168334483371     
    12866145           2   2.1084117918539240     
    12866145           3  0.47554652480124238     
    12866476           1  0.29744320244544808     
    12866476           2  0.96012670414356616     
    12866476           3   1.7424300934109855     
    12867611           1  0.49439701652487583     
    12867611           2   1.5785895807144612     
    12867611           3  0.92701340276066302     
    12869145           1   1.0527491241943974     
    12869145           2  0.63977967479683051     
    12869145           3   1.3074712010087723     
    12872872           1  0.68662604121144699     
    12872872           2   1.5296518759358568     
    12872872           3  0.78372208285269607     
    12873985           1   1.8304624059700167     
    12873985           2  0.58948069168486150     
    12873985           3  0.58005690234512142     
    12875590           1   1.1271661928204921     
    12875590           2  0.83491699091476945     
    12875590           3   1.0379168162647385     
    12879813           1  0.73334809256709088     
    12879813           2   1.9000765437133900     
    12879813           3  0.36657536371951904     
    12879977           1   1.0619214761516202     
    12879977           2  0.76188766016373344     
    12879977           3   1.1761908636846465     
    12880746           1  0.49348909032445742     
    12880746           2   2.0743409125703192     
    12880746           3  0.43216999710522302     
    12881795           1  0.81891234125192292     
    12881795           2   1.2836578317024181     
    12881795           3  0.89742982704565921     
    12881933           1   1.4150854885022188     
    12881933           2  0.54446132323201935     
    12881933           3   1.0404531882657619     
    12884311           1   1.4841564711926361     
    12884311           2  0.87142927764171119     
    12884311           3  0.64441425116565276     
    12884991           1   1.3168419391563484     
    12884991           2  0.80991131348691481     
    12884991           3  0.87324674735673669     
    12885170           1  0.93763576104723623     
    12885170           2  0.96975282189778678     
    12885170           3   1.0926114170549774     
    12885297           1  0.74009725557301820     
    12885297           2   1.1061937249849334     
    12885297           3   1.1537090194420485     
    12885581           1  0.59137333238571388     
    12885581           2   2.0059498143070646     
    12885581           3  0.40267685330722119     
    12885790           1   1.4015108471088888     
    12885790           2  0.85494404316039185     
    12885790           3  0.74354510973071974     
    12886652           1   1.1519511873204400     
    12886652           2   1.0881729101201714     
    12886652           3  0.75987590255938819     
    12887108           1   1.0671690100750264     
    12887108           2   1.2306916199929629     
    12887108           3  0.70213936993201065     
    12887767           1   1.1796229365541455     
    12887767           2  0.91234458401635121     
    12887767           3  0.90803247942950327     
    12889367           1   1.3483647532650864     
    12889367           2  0.79457608049289719     
    12889367           3  0.85705916624201639     
    12889788           1  0.76550418831465072     
    12889788           2   1.3158838979165683     
    12889788           3  0.91861191376878060     
    12890425           1   1.3046186379199507     
    12890425           2  0.50409722331302220     
    12890425           3   1.1912841387670272     
    12894214           1  0.68005572213874532     
    12894214           2  0.97042103099692034     
    12894214           3   1.3495232468643343     
    12895501           1   1.4828239236058154     
    12895501           2  0.58948936253152873     
    12895501           3  0.92768671386265622     
    12895704           1  0.73358250011769199     
    12895704           2   1.7160625595205203     
    12895704           3  0.55035494036178767     
    12897769           1   1.6632309230361160     
    12897769           2  0.56372098243462299     
    12897769           3  0.77304809452926060     
    12897955           1   1.3836949668257958     
    12897955           2  0.49149611826422462     
    12897955           3   1.1248089149099798     
    12898350           1  0.46003478382834412     
    12898350           2   1.3330966723649484     
    12898350           3   1.2068685438067073     
    12901773           1  0.34959803233226783     
    12901773           2   1.6527042264299832     
    12901773           3  0.99769774123774857     
    12901822           1   1.2343578601719007     
    12901822           2   1.0968928436171976     
    12901822           3  0.66874929621090184     
    12903469           1  0.36840740905559127     
    12903469           2   1.4431169621608919     
    12903469           3   1.1884756287835172     
    12905637           1   1.1006294832082508     
    12905637           2  0.50693066863930436     
    12905637           3   1.3924398481524451     
    12908234           1   1.5777891252839829     
    12908234           2  0.23820258203555311     
    12908234           3   1.1840082926804636     
    12910259           1  0.86340530073076693     
    12910259           2  0.87653729622617882     
    12910259           3   1.2600574030430545     
    12910529           1  0.26806868286226149     
    12910529           2   1.7984135246620576     
    12910529           3  0.93351779247568067     
    12911402           1  0.61497313178767643     
    12911402           2  0.97833938209926785     
    12911402           3   1.4066874861130556     
    12911957           1  0.59344557681838794     
    12911957           2   1.1749095549432007     
    12911957           3   1.2316448682384116     
    12912906           1   1.3706192891730247     
    12912906           2  0.48944078220558168     
    12912906           3   1.1399399286213940     
    12913213           1  0.60547425462376825     
    12913213           2   1.6667295493400522     
    12913213           3  0.72779619603617962     
    12916875           1   1.0329088488683456     
    12916875           2  0.94839077853936415     
    12916875           3   1.0187003725922905     
    12918067           1  0.47449356983605773     
    12918067           2   1.3731798850733352     
    12918067           3   1.1523265450906071     
    12918484           1   1.3890767860924382     
    12918484           2  0.76508433578803525     
    12918484           3  0.84583887811952618     
    12919866           1   1.4977742659637909     
    12919866           2  0.44412937016380755     
    12919866           3   1.0580963638724017     
    12921764           1   1.1932158998038596     
    12921764           2  0.59675928333557193     
    12921764           3   1.2100248168605683     
    12923683           1  0.60407056812416893     
    12923683           2   1.2341281559345207     
    12923683           3   1.1618012759413106     
    12925363           1  0.71126692983632345     
    12925363           2  0.81175741578771954     
    12925363           3   1.4769756543759573     
    12925443           1   1.5000477619584711     
    12925443           2  0.52326799259627810     
    12925443           3  0.97668424544525101     
    12926530           1  0.68943789579357873     
    12926530           2   1.5184917827937872     
    12926530           3  0.79207032141263412     
    12926818           1   1.1860113116345066     
    12926818           2  0.58983791895265503     
    12926818           3   1.2241507694128384     
    12926897           1  0.48067543608934565     
    12926897           2   1.2214702787303588     
    12926897           3   1.2978542851802952     
    12927390           1   1.3476765741555032     
    12927390           2  0.82386807481442181     
    12927390           3  0.82845535103007484     
    12927444           1   1.6439507427016575     
    12927444           2  0.99255080411944796     
    12927444           3  0.36349845317889451     
    12927701           1   1.4108461757610382     
    12927701           2  0.70333851301274386     
    12927701           3  0.88581531122621815     
    12928025           1   1.4165840841779247     
    12928025           2  0.17279389435987028     
    12928025           3   1.4106220214622054     
    12928160           1  0.72577263246721280     
    12928160           2   1.7129283339071382     
    12928160           3  0.56129903362564915     
    12929719           1  0.23276789763997843     
    12929719           2   1.1135885272188388     
    12929719           3   1.6536435751411824     
    12930045           1   1.0578076704495498     
    12930045           2  0.41606003809454228     
    12930045           3   1.5261322914559081     
    12930589           1   1.3099130968306296     
    12930589           2  0.80564979384503432     
    12930589           3  0.88443710932433639     
    12931966           1  0.70479906211994381     
    12931966           2   1.4820918358791799     
    12931966           3  0.81310910200087627     
    12932095           1   1.0478094016172566     
    12932095           2  0.86887973534247553     
    12932095           3   1.0833108630402677     
    12932175           1   1.3349869080665038     
    12932175           2  0.54987543862393584     
    12932175           3   1.1151376533095605     
    12932798           1   1.4341405097898186     
    12932798           2   1.0419543900151804     
    12932798           3  0.52390510019500114     
    12933191           1  0.96671504384653206     
    12933191           2   1.4216120355163038     
    12933191           3  0.61167292063716394     
    12933925           1   1.2015360204942673     
    12933925           2  0.58778528642010086     
    12933925           3   1.2106786930856317     
    12934749           1  0.31180342388893101     
    12934749           2   1.1172610420496560     
    12934749           3   1.5709355340614131     
    12934827           1   1.8584764718799989     
    12934827           2  0.26499167101039089     
    12934827           3  0.87653185710961001     
    12935482           1   1.4313914034373127     
    12935482           2  0.96481523750425935     
    12935482           3  0.60379335905842813     
    12936671           1  0.58071191983421544     
    12936671           2   1.0235524195637129     
    12936671           3   1.3957356606020714     
    12937159           1  0.97482605432322678     
    12937159           2  0.84342460884839854     
    12937159           3   1.1817493368283745     
    12937658           1   1.3462421272490637     
    12937658           2  0.82299116188598243     
    12937658           3  0.83076671086495424     
    12938869           1   1.3036860083103818     
    12938869           2  0.36392169113846501     
    12938869           3   1.3323923005511535     
    12939532           1  0.74210739877635368     
    12939532           2   2.0380258611416426     
    12939532           3  0.21986674008200371     
    12939597           1  0.42250776214563057     
    12939597           2   1.6386977004837828     
    12939597           3  0.93879453737058716     
    12941527           1   1.0463641893916245     
    12941527           2   1.2810743621569707     
    12941527           3  0.67256144845140486     
    12941613           1   1.0082998104308947     
    12941613           2   1.0868796282514528     
    12941613           3  0.90482056131765309     
    12941647           1  0.70635633991491287     
    12941647           2   1.4929170757152583     
    12941647           3  0.80072658436982835     
    12942062           1   1.4131808649349025     
    12942062           2  0.98044255073234698     
    12942062           3  0.60637658433275055     
    12942386           1   1.3778224953662916     
    12942386           2  0.71958691875431979     
    12942386           3  0.90259058587938823     
    12942732           1  0.75265547885272621     
    12942732           2   1.8728016795016358     
    12942732           3  0.37454284164563828     
    12942812           1  0.37704839014601804     
    12942812           2   1.3177633364770864     
    12942812           3   1.3051882733768956     
    12943114           1  0.50072269069503250     
    12943114           2  0.87088846393477704     
    12943114           3   1.6283888453701902     
    12943169           1  0.86505896156269857     
    12943169           2  0.77095094684714616     
    12943169           3   1.3639900915901553     
    12945106           1  0.75394702626435062     
    12945106           2   2.2362687785264255     
    12945106           3   9.7841952092232974E-003
    12945388           1   1.9746132866787403     
    12945388           2  0.30331305214423071     
    12945388           3  0.72207366117702887     
    12946118           1  0.99877828096538479     
    12946118           2  0.54984251457170952     
    12946118           3   1.4513792044629055     
    12947359           1  0.15398918866400069     
    12947359           2   1.0420235451278301     
    12947359           3   1.8039872662081693     
    12947587           1   1.5397905492911586     
    12947587           2  0.43170735859257037     
    12947587           3   1.0285020921162709     
    12947977           1   6.2705848615633594E-002
    12947977           2   1.0125012355547343     
    12947977           3   1.9247929158296322     
    12948028           1  0.48498145277807841     
    12948028           2   1.2055377427898895     
    12948028           3   1.3094808044320319     
    12948078           1   1.4009280298288918     
    12948078           2  0.98085869711130957     
    12948078           3  0.61821327305979878     
    12948919           1  0.94434379949388991     
    12948919           2  0.77698990103371213     
    12948919           3   1.2786662994723981     
    12949906           1   1.0838449040669080     
    12949906           2  0.59659256309751385     
    12949906           3   1.3195625328355780     
    12951056           1   1.2241040689751965     
    12951056           2  0.35203729185041444     
    12951056           3   1.4238586391743890     
    12951304           1   1.3464636509425716     
    12951304           2  0.64865382642175407     
    12951304           3   1.0048825226356743     
    12951438           1  0.81247325661313097     
    12951438           2   1.1104315997318910     
    12951438           3   1.0770951436549785     
    12952021           1   1.0529582142751364     
    12952021           2  0.97494978545786970     
    12952021           3  0.97209200026699405     
    12952175           1   1.1173707029930531     
    12952175           2  0.67881780788576951     
    12952175           3   1.2038114891211773     
    12954322           1  0.64428325040553502     
    12954322           2   1.3663710867547150     
    12954322           3  0.98934566283974990     
    12954617           1  0.26233091322699198     
    12954617           2   1.5821351045755496     
    12954617           3   1.1555339821974582     
    12954961           1   1.1587142251752400     
    12954961           2   1.1891609253954052     
    12954961           3  0.65212484942935478     
    12955261           1   1.1701764739559712     
    12955261           2  0.91707900369380180     
    12955261           3  0.91274452235022741     
    12956334           1   1.1863444545681174     
    12956334           2  0.70591523068383222     
    12956334           3   1.1077403147480500     
    12956444           1   1.4318349170761675     
    12956444           2  0.46815532438960394     
    12956444           3   1.1000097585342283     
    12956769           1  0.88218806650373349     
    12956769           2  0.46853559324564670     
    12956769           3   1.6492763402506194     
    12957554           1   1.0594536931452563     
    12957554           2  0.63757685286138843     
    12957554           3   1.3029694539933556     
    12957658           1   1.2083203160576306     
    12957658           2   1.0737549864966276     
    12957658           3  0.71792469744574150     
    12957731           1   1.1763795318983432     
    12957731           2  0.96422121090938451     
    12957731           3  0.85939925719227228     
    12957986           1  0.28199615506662806     
    12957986           2   1.7892451556699227     
    12957986           3  0.92875868926344884     
    12958014           1   1.1009673645847713     
    12958014           2  0.85622970767538942     
    12958014           3   1.0428029277398396     
    12958811           1  0.50894308494015583     
    12958811           2  0.85962092415518598     
    12958811           3   1.6314359909046583     
    12958890           1   1.4918282177567330     
    12958890           2  0.63901398422861000     
    12958890           3  0.86915779801465687     
    12959826           1   1.4697746095533730     
    12959826           2  0.94120660613108442     
    12959826           3  0.58901878431554267     
    12960979           1   1.6072479830419788     
    12960979           2  0.46107932286485953     
    12960979           3  0.93167269409316145     
    12961033           1   1.2994149437792590     
    12961033           2  0.87436734550702300     
    12961033           3  0.82621771071371786     
    12961249           1  0.31226255120058621     
    12961249           2   1.1170702207893315     
    12961249           3   1.5706672280100822     
    12962157           1  0.65796977494622766     
    12962157           2   1.3765657782617644     
    12962157           3  0.96546444679200771     
    12962173           1   1.6616921113527860     
    12962173           2  0.46211043651115252     
    12962173           3  0.87619745213606104     
    12962212           1  0.59751769679537126     
    12962212           2   1.6719181197764468     
    12962212           3  0.73056418342818208     
    12962475           1  0.35270740001514128     
    12962475           2   1.6414800744110263     
    12962475           3   1.0058125255738326     
    12962845           1  0.98413216194324260     
    12962845           2  0.80822398383556715     
    12962845           3   1.2076438542211898     
    12962996           1  0.68331168628988559     
    12962996           2   1.4673925955021854     
    12962996           3  0.84929571820792926     
    12963652           1  0.15123424284824119     
    12963652           2   1.0233812077632465     
    12963652           3   1.8253845493885126     
    12964645           1  0.85591660054967045     
    12964645           2   1.3106869376682604     
    12964645           3  0.83339646178206983     
    12964721           1  0.18285276007401055     
    12964721           2   1.2538483047689535     
    12964721           3   1.5632989351570359     
    12964911           1   1.3921416519533751     
    12964911           2  0.88891925748277678     
    12964911           3  0.71893909056384797     
    12965514           1  0.98866835625035610     
    12965514           2   1.0629185942467128     
    12965514           3  0.94841304950293137     
    12966240           1  0.22697564845508997     
    12966240           2   1.2941179516066712     
    12966240           3   1.4789063999382388     
    12966310           1   1.1028782679265889     
    12966310           2   1.0995023594658762     
    12966310           3  0.79761937260753424     
    12966908           1   1.1022047021257839     
    12966908           2  0.85719199338440921     
    12966908           3   1.0406033044898071     
    12967542           1   1.1031718930746337     
    12967542           2  0.50625211460146569     
    12967542           3   1.3905759923239007     
    12967871           1   1.1114366645291816     
    12967871           2  0.86437175249826137     
    12967871           3   1.0241915829725574     
    12968019           1   1.0949316600357879     
    12968019           2  0.58041912033475473     
    12968019           3   1.3246492196294573     
    12968107           1   1.3973582164102356     
    12968107           2  0.70474217751262291     
    12968107           3  0.89789960607714192     
    12968513           1  0.15217102382997919     
    12968513           2   1.0257060906565538     
    12968513           3   1.8221228855134672     
    12968610           1   1.0206464154091519     
    12968610           2  0.97041938637651981     
    12968610           3   1.0089341982143281     
    12969172           1   1.3610370495040165     
    12969172           2  0.80229453298761255     
    12969172           3  0.83666841750837062     
    12969497           1   1.0241512401519413     
    12969497           2  0.94929355840580765     
    12969497           3   1.0265552014422510     
    12970156           1  0.96959173270886390     
    12970156           2  0.83868728113390423     
    12970156           3   1.1917209861572322     
    12971044           1   1.0412374892495009     
    12971044           2  0.87180475787025558     
    12971044           3   1.0869577528802439     
    12971150           1   1.3835617405080307     
    12971150           2  0.86454403434000016     
    12971150           3  0.75189422515196924     
    12972635           1   1.1349424580205676     
    12972635           2  0.48737728331338642     
    12972635           3   1.3776802586660457     
    12972742           1  0.19668319431677964     
    12972742           2   2.4436208272599544     
    12972742           3  0.35969597842326595     
    12973253           1   1.3864179744767591     
    12973253           2  0.68579899638119945     
    12973253           3  0.92778302914204114     
    12973830           1   1.6515630247075739     
    12973830           2  0.42037262470406400     
    12973830           3  0.92806435058836201     
    12973970           1   1.3445771405030307     
    12973970           2  0.80965966217420415     
    12973970           3  0.84576319732276484     
    12974083           1  0.47995143569829030     
    12974083           2   1.2241491262790896     
    12974083           3   1.2958994380226203     
    12974274           1  0.95351453921731011     
    12974274           2   1.1670544348620204     
    12974274           3  0.87943102592066957     
    12974336           1  0.79670349561136078     
    12974336           2   1.1471073202262994     
    12974336           3   1.0561891841623399     
    12975066           1   1.4039631677511488     
    12975066           2  0.75372697432284808     
    12975066           3  0.84230985792600321     
    12975130           1   1.4358736407398172     
    12975130           2  0.60332888453549094     
    12975130           3  0.96079747472469224     
    12975148           1   1.1969077020950714     
    12975148           2  0.59818035823620619     
    12975148           3   1.2049119396687225     
    12975559           1  0.59255520755697833     
    12975559           2   1.0170751260065638     
    12975559           3   1.3903696664364575     
    12975781           1  0.47342886978281062     
    12975781           2   1.0415214245741822     
    12975781           3   1.4850497056430074     
    12976594           1  0.86037058454315773     
    12976594           2  0.88400089024798156     
    12976594           3   1.2556285252088610     
    12976619           1  0.66514428866044129     
    12976619           2   1.3525689541787571     
    12976619           3  0.98228675716080127     
    12976742           1  0.43284813087105967     
    12976742           2   1.0210619726301509     
    12976742           3   1.5460898964987890     
    12977311           1   1.3620320819005765     
    12977311           2  0.65206337480803966     
    12977311           3  0.98590454329138344     
    12977366           1  0.48552389215044489     
    12977366           2   2.0408598553939155     
    12977366           3  0.47361625245563932     
    12977399           1   1.2255551505401938     
    12977399           2   1.0327625769302864     
    12977399           3  0.74168227252951979     
    12977437           1   1.3539199101882138     
    12977437           2  0.79784967156223729     
    12977437           3  0.84823041824954892     
    12977625           1  0.32130306995032026     
    12977625           2   1.6609526412334190     
    12977625           3   1.0177442888162609     
    12977702           1  0.81067025346527632     
    12977702           2   1.3009322603688680     
    12977702           3  0.88839748616585568     
    12977730           1  0.47442655575679515     
    12977730           2   1.5617390509384619     
    12977730           3  0.96383439330474308     
    12977852           1  0.75784107495259356     
    12977852           2   2.2323241956080677     
    12977852           3   9.8347294393385989E-003
    12977860           1  0.72113193952185950     
    12977860           2  0.77425047209920594     
    12977860           3   1.5046175883789341     
    12977872           1  0.23862319847451388     
    12977872           2   1.8177973052977408     
    12977872           3  0.94357949622774517     
    12977916           1   1.0409419390474182     
    12977916           2  0.88284734111769658     
    12977916           3   1.0762107198348854     
    12978012           1  0.33492606067222791     
    12978012           2   1.6525055705076421     
    12978012           3   1.0125683688201301     
    12978400           1   1.0775523668595008     
    12978400           2  0.72894389721930208     
    12978400           3   1.1935037359211973     
    12978442           1   1.4101472340749470     
    12978442           2  0.49309296645973399     
    12978442           3   1.0967597994653191     
    12978888           1   1.7281543128068650     
    12978888           2  0.26451508676626478     
    12978888           3   1.0073306004268698     
    12979107           1  0.72348972406277057     
    12979107           2   1.1197039436831802     
    12979107           3   1.1568063322540489     
    12979463           1  0.38031115443635971     
    12979463           2   1.0349366993657079     
    12979463           3   1.5847521461979326     
    12979558           1  0.63687083665445265     
    12979558           2  0.96975458224041655     
    12979558           3   1.3933745811051308     
    12979579           1  0.75474743755824403     
    12979579           2   1.3395488463668788     
    12979579           3  0.90570371607487732     
    12979854           1  0.80640899954944267     
    12979854           2   1.1245352375136619     
    12979854           3   1.0690557629368951     
    12979904           1  0.79605907317556901     
    12979904           2   1.1363131714566388     
    12979904           3   1.0676277553677920     
    12980044           1  0.17979329506859923     
    12980044           2  0.93781900932103601     
    12980044           3   1.8823876956103651     
    12981015           1   1.4145406090896124     
    12981015           2  0.17687224403986945     
    12981015           3   1.4085871468705178     
    12981438           1  0.30055948797186582     
    12981438           2   1.5600423065840114     
    12981438           3   1.1393982054441227     
    12981882           1  0.17383505983775624     
    12981882           2   2.0344011563084732     
    12981882           3  0.79176378385377066     
    12982157           1  0.87966036966606809     
    12982157           2   1.2700249485884711     
    12982157           3  0.85031468174546054     
    12982574           1  0.84596701762940019     
    12982574           2  0.79871079201982786     
    12982574           3   1.3553221903507717     
    12982609           1  0.59867768405051103     
    12982609           2   1.2130889334366435     
    12982609           3   1.1882333825128453     
    12982697           1   1.1883680990138825     
    12982697           2   1.1599641888079850     
    12982697           3  0.65166771217813291     
    12983075           1  0.76521342934786896     
    12983075           2   1.4563325313457853     
    12983075           3  0.77845403930634560     
    12983373           1   6.2802211758408236E-002
    12983373           2   1.0140571956968147     
    12983373           3   1.9231405925447769     
    12983706           1   1.2875428581607271     
    12983706           2  0.48528320168006139     
    12983706           3   1.2271739401592110     
    12983822           1   1.1253399498936272     
    12983822           2   1.0634825889393142     
    12983822           3  0.81117746116705824     
    12983884           1  0.95894237807135951     
    12983884           2  0.81832335001847911     
    12983884           3   1.2227342719101610     
    12984090           1  0.52850276608146529     
    12984090           2   2.3715777801057945     
    12984090           3   9.9919453812740602E-002
    12984136           1   1.3866929900285743     
    12984136           2  0.57840083261888686     
    12984136           3   1.0349061773525388     
    12984180           1  0.78918004290368693     
    12984180           2   1.4717566205261328     
    12984180           3  0.73906333657018020     
    12984279           1   1.4337554626591673     
    12984279           2   1.0151730878152232     
    12984279           3  0.55107144952560971     
    12984342           1   1.0153538889753446     
    12984342           2   1.0734954133307593     
    12984342           3  0.91115069769389667     
    12984605           1   1.4085590535061290     
    12984605           2  0.54620291003272470     
    12984605           3   1.0452380364611467     
    12984686           1  0.79146435937590787     
    12984686           2   1.2792121331698423     
    12984686           3  0.92932350745424996     
    12985006           1  0.46503127338280914     
    12985006           2   1.0615812644078291     
    12985006           3   1.4733874622093615     
    12985024           1   1.4601772527595747     
    12985024           2  0.52487468932747905     
    12985024           3   1.0149480579129462     
    12985051           1   1.0120455329552391     
    12985051           2   1.0699976131530964     
    12985051           3  0.91795685389166470     
    12985107           1  0.86415244613971309     
    12985107           2  0.95170993248771341     
    12985107           3   1.1841376213725734     
    12985157           1   1.0419547922403174     
    12985157           2  0.94073986864083936     
    12985157           3   1.0173053391188431     
    12985171           1  0.75090785090602152     
    12985171           2   1.6451269914022042     
    12985171           3  0.60396515769177384     
    12985344           1  0.50361540501956881     
    12985344           2   1.2318985311018429     
    12985344           3   1.2644860638785886     
    12985497           1   1.3979769664141730     
    12985497           2  0.89116970749724345     
    12985497           3  0.71085332608858376     
    12986053           1   1.2098881276501299     
    12986053           2  0.10871173430726096     
    12986053           3   1.6814001380426091     
    12986182           1   1.6485482972410948     
    12986182           2  0.99532662114155779     
    12986182           3  0.35612508161734691     
    12986231           1  0.45259340509600249     
    12986231           2   1.0730033969578989     
    12986231           3   1.4744031979460988     
    12986313           1   1.7913826880415147     
    12986313           2  0.38872607614839305     
    12986313           3  0.81989123581009227     
    12986384           1  0.72469012739989069     
    12986384           2  0.77807075586892771     
    12986384           3   1.4972391167311818     
    12986402           1  0.86957561221223745     
    12986402           2   1.1217347942989144     
    12986402           3   1.0086895934888480     
    12986561           1  0.86435055080268064     
    12986561           2  0.77031960266084232     
    12986561           3   1.3653298465364769     
    12986711           1  0.37416939772610730     
    12986711           2   1.5603124050172923     
    12986711           3   1.0655181972566004     
    12986784           1   1.2932298545148462     
    12986784           2  0.76095134524360153     
    12986784           3  0.94581880024155252     
    12986796           1  0.95325516559014867     
    12986796           2   1.0966385632368760     
    12986796           3  0.95010627117297541     
    12986962           1  0.47681019912894074     
    12986962           2   1.5695856372912265     
    12986962           3  0.95360416357983302     
    12987231           1   1.1422059421294173     
    12987231           2  0.88037963484124460     
    12987231           3  0.97741442302933790     
    12987297           1  0.46965572199167621     
    12987297           2   1.3609763916849393     
    12987297           3   1.1693678863233845     
    12987392           1   1.4801758686142408     
    12987392           2  0.51805782205979578     
    12987392           3   1.0017663093259634     
    12987453           1  0.38066124594594503     
    12987453           2   1.0418188449865733     
    12987453           3   1.5775199090674816     
    12987534           1   1.5574902439895948     
    12987534           2  0.24160239146094648     
    12987534           3   1.2009073645494583     
    12987553           1  0.56430814384096617     
    12987553           2   1.2213617016398408     
    12987553           3   1.2143301545191931     
    12987693           1  0.95479004895625852     
    12987693           2  0.87302337666347452     
    12987693           3   1.1721865743802669     
    12987865           1  0.41806113025434916     
    12987865           2   2.1186459242678057     
    12987865           3  0.46329294547784450     
    12987934           1   1.3983753277745443     
    12987934           2  0.20913477087735932     
    12987934           3   1.3924899013480965     
    12987939           1   1.1165485058460176     
    12987939           2  0.62422666874561572     
    12987939           3   1.2592248254083664     
    12988127           1  0.93993325132238326     
    12988127           2  0.87088808029029652     
    12988127           3   1.1891786683873204     
    12988163           1   1.2614734554163538     
    12988163           2  0.98458717511428029     
    12988163           3  0.75393936946936557     
    12988203           1  0.50472547568060155     
    12988203           2   1.0510446374337512     
    12988203           3   1.4442298868856467     
    12988218           1  0.67957325726385420     
    12988218           2   1.4593644244908064     
    12988218           3  0.86106231824533963     
    12988279           1   1.5531700315688990     
    12988279           2  0.43148847409116714     
    12988279           3   1.0153414943399339     
    12988352           1   1.3575072774769372     
    12988352           2   5.2082442202152854E-004
    12988352           3   1.6419718981010414     
    12988359           1  0.75133722420747184     
    12988359           2   1.8849967129905632     
    12988359           3  0.36366606280196462     
    12988363           1   1.3377328744000982     
    12988363           2  0.83992445132727811     
    12988363           3  0.82234267427262375     
    12988390           1   1.5955786804960050     
    12988390           2  0.42549142806228024     
    12988390           3  0.97892989144171461     
    12988483           1   2.0074526974733238     
    12988483           2  0.38505260050048851     
    12988483           3  0.60749470202618761     
    12988561           1   1.2541817783898608     
    12988561           2  0.76689573746060602     
    12988561           3  0.97892248414953331     
    12988563           1   1.3349639560228632     
    12988563           2  0.49507448014834521     
    12988563           3   1.1699615638287915     
    12988627           1   1.4464355989083646     
    12988627           2   1.0251677884872243     
    12988627           3  0.52839661260441095     
    12988669           1   1.5041363828605652     
    12988669           2  0.52469424348387161     
    12988669           3  0.97116937365556311     
    12988845           1   1.4330554783452223     
    12988845           2  0.46599706472331348     
    12988845           3   1.1009474569314646     
    12988864           1  0.47146319764973776     
    12988864           2   1.0151596214063776     
    12988864           3   1.5133771809438847     
    12988910           1  0.36460974662978951     
    12988910           2   1.5297954077660798     
    12988910           3   1.1055948456041305     
    12988982           1  0.85294479120461686     
    12988982           2   1.0148073995165916     
    12988982           3   1.1322478092787913     
    12989013           1  0.22508881173649298     
    12989013           2   1.5847952497501985     
    12989013           3   1.1901159385133087     
    12989090           1   1.1884457970929732     
    12989090           2   9.8497573619703432E-002
    12989090           3   1.7130566292873239     
    12989175           1  0.53371939672423929     
    12989175           2   1.4971271860879876     
    12989175           3  0.96915341718777293     
    12989184           1   1.4234846082608894     
    12989184           2  0.16758027881141838     
    12989184           3   1.4089351129276924     
    12989186           1   1.5836708895266802     
    12989186           2  0.43996196275704130     
    12989186           3  0.97636714771627842     
    12989265           1  0.33988141100604280     
    12989265           2   1.6494329563074852     
    12989265           3   1.0106856326864717     
    12989344           1   1.1300014808609680     
    12989344           2  0.61177790297671597     
    12989344           3   1.2582206161623162     
    12989421           1  0.77397355914529031     
    12989421           2   1.9401726385203237     
    12989421           3  0.28585380233438579     
    12989509           1   1.7578895813114108     
    12989509           2  0.33397403822585098     
    12989509           3  0.90813638046273837     
    12989534           1  0.67914038214821937     
    12989534           2   1.5129754731468221     
    12989534           3  0.80788414470495873     
    12989554           1  0.35855830029382152     
    12989554           2   1.6950633685315908     
    12989554           3  0.94637833117458747     
    12989588           1   1.2054675754642481     
    12989588           2  0.81142497899702115     
    12989588           3  0.98310744553873064     
    12989603           1   1.3936797590092274     
    12989603           2  0.71255274434855942     
    12989603           3  0.89376749664221333     
    12989630           1   1.4442624665898340     
    12989630           2  0.32144794536211613     
    12989630           3   1.2342895880480493     
    12989665           1   1.3054965474625615     
    12989665           2  0.73971326274264038     
    12989665           3  0.95479018979479791     
    12989676           1  0.49266140894531502     
    12989676           2   1.1689382031672293     
    12989676           3   1.3384003878874557     
    12989741           1   1.1829392813744093     
    12989741           2   1.1546651286475991     
    12989741           3  0.66239558997799175     
    12989801           1  0.76208546397175592     
    12989801           2   2.2280247258879271     
    12989801           3   9.8898101403171942E-003
    12989826           1   1.0402669105001991     
    12989826           2  0.87223674243545146     
    12989826           3   1.0874963470643491     
    12989922           1   1.7165773860060440     
    12989922           2  0.65468097572680028     
    12989922           3  0.62874163826715568     
    12989931           1  0.71093947650758071     
    12989931           2  0.81187355544218442     
    12989931           3   1.4771869680502350     
    12989946           1   1.4184392818612737     
    12989946           2  0.66978058449914302     
    12989946           3  0.91178013363958355     
    12989960           1   1.3371244170233860     
    12989960           2  0.97393907868772245     
    12989960           3  0.68893650428889142     
    12989962           1   1.1777417663208569     
    12989962           2   1.1495918425690566     
    12989962           3  0.67266639111008664     
    12989973           1   1.0707470188160033     
    12989973           2  0.88590809101820955     
    12989973           3   1.0433448901657874     
    12989977           1   1.0825622028553112     
    12989977           2  0.87906502208873816     
    12989977           3   1.0383727750559510     
    12989982           1   1.1514061154313253     
    12989982           2  0.62415422041835955     
    12989982           3   1.2244396641503146     
    12990007           1  0.61916744613126606     
    12990007           2   1.0058322323019095     
    12990007           3   1.3750003215668243     
    12990014           1   1.1109979874419853     
    12990014           2  0.68111561171126656     
    12990014           3   1.2078864008467480     
    12990050           1   1.3302514237198493     
    12990050           2  0.80123645011744904     
    12990050           3  0.86851212616270146     
    12990057           1   1.4779185105564430     
    12990057           2  0.60134270320330108     
    12990057           3  0.92073878624025551     
    12990064           1  0.20252991152765157     
    12990064           2   1.4404683336085575     
    12990064           3   1.3570017548637907     
    12990079           1  0.63666656647826769     
    12990079           2   1.2800799902267554     
    12990079           3   1.0832534432949767     
    12990098           1   1.6703273765174407     
    12990098           2  0.30946335249014489     
    12990098           3   1.0202092709924147     
    12990147           1   1.4342535853970977     
    12990147           2   1.0155257844996619     
    12990147           3  0.55022063010324074     
    12990248           1   1.2930120874349036     
    12990248           2  0.36094208461410215     
    12990248           3   1.3460458279509944     
    12990298           1   1.4030219862770343     
    12990298           2  0.75846126764391053     
    12990298           3  0.83851674607905569     
    12990300           1   1.4903363472761058     
    12990300           2  0.51708785386697453     
    12990300           3  0.99257579885692004     
    12990308           1   1.5328497684843314     
    12990308           2  0.43375938349025278     
    12990308           3   1.0333908480254164     
    12990315           1   1.6769265955156456     
    12990315           2  0.46634709026814125     
    12990315           3  0.85672631421621315     
    12990320           1   1.4033404772639417     
    12990320           2  0.17423913334677932     
    12990320           3   1.4224203893892791     
    12990392           1   1.3760545597873484     
    12990392           2  0.66186068621130989     
    12990392           3  0.96208475400134152     
    12990397           1  0.95513397611301165     
    12990397           2  0.87333785045595180     
    12990397           3   1.1715281734310359     
    12990449           1   1.1788920305273085     
    12990449           2  0.99595574770802509     
    12990449           3  0.82515222176466674     
    12990457           1  0.35819702545768400     
    12990457           2   1.6863160945195446     
    12990457           3  0.95548688002277138     
    12990476           1   1.6578425938422101     
    12990476           2  0.44432965845630690     
    12990476           3  0.89782774770148299     
    12990491           1  0.15241464964384760     
    12990491           2   2.3809267579349545     
    12990491           3  0.46665859242119817     
    12990498           1  0.36857707405067930     
    12990498           2   1.6408695149996975     
    12990498           3  0.99055341094962313     
    12990523           1   1.6186676409282232     
    12990523           2  0.47175294216612623     
    12990523           3  0.90957941690565047     
    12990532           1   1.5811650420885746     
    12990532           2  0.23229330166039189     
    12990532           3   1.1865416562510336     
    12990583           1  0.88066170577764646     
    12990583           2   1.1209382004731174     
    12990583           3  0.99840009374923611     
    12990604           1  0.96483785041295411     
    12990604           2  0.88360979776525683     
    12990604           3   1.1515523518217894     
    12990608           1  0.80571674195775767     
    12990608           2  0.95915524982955813     
    12990608           3   1.2351280082126843     
    12990646           1   1.1105948663461451     
    12990646           2  0.86475703296890005     
    12990646           3   1.0246481006849553     
    12990671           1   1.1956096533046912     
    12990671           2  0.77988996351351758     
    12990671           3   1.0245003831817909     
    12990676           1   1.3807566359609054     
    12990676           2  0.73168583079862459     
    12990676           3  0.88755753324047015     
    12990694           1   1.2143021389357880     
    12990694           2   1.0232797811069649     
    12990694           3  0.76241807995724720     
    12990695           1   1.0686848813949412     
    12990695           2   1.3084018133072974     
    12990695           3  0.62291330529776123     
    12990711           1  0.17063329686362458     
    12990711           2   2.0096673059585202     
    12990711           3  0.81969939717785512     
    12990729           1   1.5625168009949590     
    12990729           2  0.43408511399237537     
    12990729           3   1.0033980850126656     
    12990739           1   1.5549289601951393     
    12990739           2  0.24120507771061089     
    12990739           3   1.2038659620942498     
    12990773           1  0.80706168520042121     
    12990773           2   1.1230172870194657     
    12990773           3   1.0699210277801132     
    12990796           1   1.1210907057840098     
    12990796           2  0.85098184136462718     
    12990796           3   1.0279274528513627     
    12990797           1   1.1925392262668941     
    12990797           2  0.35807513864927493     
    12990797           3   1.4493856350838310     
    12990810           1  0.50370997035690912     
    12990810           2  0.85818632019783903     
    12990810           3   1.6381037094452515     
    12990844           1   1.1147747886548895     
    12990844           2   1.0534981704284490     
    12990844           3  0.83172704091666128     
    12990858           1   1.5541054833143992     
    12990858           2  0.43174835333043116     
    12990858           3   1.0141461633551694     
    12990862           1  0.37040241661861767     
    12990862           2   1.4346860963343906     
    12990862           3   1.1949114870469919     
    12990889           1  0.44096456845719439     
    12990889           2   1.0362427809399035     
    12990889           3   1.5227926506029024     
    12990892           1   1.2857709811233222     
    12990892           2  0.33432721352973782     
    12990892           3   1.3799018053469398     
    12990898           1   1.1496498119599485     
    12990898           2  0.86939471642368060     
    12990898           3  0.98095547161637064     
    12990906           1  0.41369190586737326     
    12990906           2   1.8265250277667473     
    12990906           3  0.75978306636587911     
    12990907           1  0.20523998865152224     
    12990907           2   1.4324630305147037     
    12990907           3   1.3622969808337737     
    12990915           1  0.47497455644070935     
    12990915           2   1.3745718557395035     
    12990915           3   1.1504535878197875     
    12990921           1  0.95458702991833178     
    12990921           2   1.1664428228799364     
    12990921           3  0.87897014720173194     
    12990925           1   1.0271072508715728     
    12990925           2  0.94337459840604221     
    12990925           3   1.0295181507223852     
    12990933           1   1.1114227602430355     
    12990933           2  0.83326606623639399     
    12990933           3   1.0553111735205705     
    12990953           1   1.0825625295180090     
    12990953           2  0.87906528734624567     
    12990953           3   1.0383721831357453     
    12990957           1  0.34506112984302723     
    12990957           2   1.0604981517298568     
    12990957           3   1.5944407184271159     
    12990960           1  0.73929019894170522     
    12990960           2   1.1049874497629362     
    12990960           3   1.1557223512953589     
    12990962           1  0.78859211431702225     
    12990962           2   1.2036284910446269     
    12990962           3   1.0077793946383509     
    12990964           1  0.68822761289964662     
    12990964           2   1.3391969125688374     
    12990964           3  0.97257547453151560     
    12990967           1   1.3819911567732603     
    12990967           2  0.49089091549399139     
    12990967           3   1.1271179277327483     
    12990969           1  0.20172770644221416     
    12990969           2   1.5277874958337030     
    12990969           3   1.2704847977240825     
    12990971           1   1.3763732912397966     
    12990971           2  0.71386799196307393     
    12990971           3  0.90975871679712950     
    12990976           1  0.55340152418536415     
    12990976           2   1.4571862821771353     
    12990976           3  0.98941219363750088     
    12990978           1   1.1871091294294132     
    12990978           2  0.97301574128282908     
    12990978           3  0.83987512928775798     
    12990995           1   1.2324058097239596     
    12990995           2  0.74624626956554574     
    12990995           3   1.0213479207104945     
    12990999           1   1.1424630121890096     
    12990999           2  0.95895433241073846     
    12990999           3  0.89858265540025162     
    12991024           1  0.82785521074332902     
    12991024           2   1.1135409271824601     
    12991024           3   1.0586038620742109     
    12991026           1  0.61416899275608061     
    12991026           2   1.6652788778346244     
    12991026           3  0.72055212940929492     
    12991027           1  0.47872371536777669     
    12991027           2  0.98459314493886685     
    12991027           3   1.5366831396933565     
    12991033           1  0.23111351371397670     
    12991033           2   1.2630189764000777     
    12991033           3   1.5058675098859455     
    12991034           1   2.0121647197205212     
    12991034           2  0.25202986670219679     
    12991034           3  0.73580541357728224     
    12991040           1   1.5530117882763612     
    12991040           2  0.21664362258706854     
    12991040           3   1.2303445891365705     
    12991042           1   1.3244673135916571     
    12991042           2  0.83287957878817043     
    12991042           3  0.84265310762017287     
    12991044           1   1.2831132877330025     
    12991044           2  0.88583414920550629     
    12991044           3  0.83105256306149122     
    12991046           1   1.1754136845079135     
    12991046           2   1.1564974976806150     
    12991046           3  0.66808881781147156     
    12991047           1  0.65222800780313017     
    12991047           2   1.2359782160486616     
    12991047           3   1.1117937761482082     
    12991050           1  0.18413278188534737     
    12991050           2   1.5207716082136347     
    12991050           3   1.2950956099010180     
    12991055           1  0.71272928877833386     
    12991055           2   1.2388812463519234     
    12991055           3   1.0483894648697425     
    12991059           1  0.22480067186478742     
    12991059           2   1.6082465170511202     
    12991059           3   1.1669528110840923     
    12991063           1  0.31283705824872726     
    12991063           2   1.5346808515544417     
    12991063           3   1.1524820901968313     
    12991068           1   1.1071965814917062     
    12991068           2  0.68248628094400110     
    12991068           3   1.2103171375642925     
    12991069           1  0.59046676687269462     
    12991069           2   2.0074736767594419     
    12991069           3  0.40205955636786350     
    12991075           1  0.57550797248569552     
    12991075           2   1.2525769584977517     
    12991075           3   1.1719150690165525     
    12991076           1   1.1866272341274544     
    12991076           2  0.59893544118794750     
    12991076           3   1.2144373246845979     
    12991078           1  0.93727805528800401     
    12991078           2  0.95532579868141154     
    12991078           3   1.1073961460305843     
    12991079           1  0.78845518384791058     
    12991079           2   1.2039404114771981     
    12991079           3   1.0076044046748911     
    12991081           1  0.59977688977185639     
    12991081           2   1.2466798115024569     
    12991081           3   1.1535432987256866     
    12991085           1  0.82360099929958208     
    12991085           2  0.91385521967494943     
    12991085           3   1.2625437810254687     
    12991089           1  0.40836076993976733     
    12991089           2   1.8267141479289413     
    12991089           3  0.76492508213129162     
    12991091           1   1.2500160219870948     
    12991091           2   1.0871653199860734     
    12991091           3  0.66281865802683193     
    12991093           1   1.5383293460592313     
    12991093           2  0.43414457156928804     
    12991093           3   1.0275260823714805     
    12991094           1   1.3566045205081414     
    12991094           2  0.70850553693501372     
    12991094           3  0.93488994255684521     
    12991097           1  0.75972402931800864     
    12991097           2   2.2304495004015039     
    12991097           3   9.8264702804879023E-003
    12991098           1   1.3429777299279491     
    12991098           2  0.54723644635575763     
    12991098           3   1.1097858237162932     
    12991099           1   1.4323777673206217     
    12991099           2  0.95195757270512227     
    12991099           3  0.61566465997425635     
    12991101           1   1.3925107144647522     
    12991101           2  0.90202642041627867     
    12991101           3  0.70546286511896938     
    12991103           1   1.0889368477181260     
    12991103           2  0.63337791762312334     
    12991103           3   1.2776852346587506     
    12991104           1  0.23289753417667888     
    12991104           2   1.1125379190696794     
    12991104           3   1.6545645467536416     
    12991109           1  0.58893811561538734     
    12991109           2   1.1933538355703590     
    12991109           3   1.2177080488142535     
    12991110           1  0.73567169147199374     
    12991110           2   1.6970409401956787     
    12991110           3  0.56728736833232729     
    12991111           1   1.1284917989059411     
    12991111           2  0.62824445074402457     
    12991111           3   1.2432637503500343     
    12991115           1  0.96852475073361022     
    12991115           2   1.2251117756723056     
    12991115           3  0.80636347359408445     
    12991116           1  0.57350958924941908     
    12991116           2   1.4861119206686346     
    12991116           3  0.94037849008194652     
    12991117           1  0.87432546539068190     
    12991117           2   1.0047018063852231     
    12991117           3   1.1209727282240953     
    12991120           1   1.2880171136711249     
    12991120           2  0.48435692703907873     
    12991120           3   1.2276259592897962     
    12991121           1  0.96965368319558098     
    12991121           2  0.83894944625317824     
    12991121           3   1.1913968705512408     
    12991122           1   1.4810854421621003     
    12991122           2  0.86970251595630221     
    12991122           3  0.64921204188159731     
    12991123           1  0.58120762090598410     
    12991123           2   1.2463998122879916     
    12991123           3   1.1723925668060242     
    12991124           1   1.3627165858718637     
    12991124           2  0.66598137909647115     
    12991124           3  0.97130203503166501     
