    11435500           1  0.83913071435976738     
    11435500           2   1.0996334481833878     
    11435500           3   1.0612358374568447     
    11541721           1  0.73545559885199385     
    11541721           2   1.4541314465540256     
    11541721           3  0.81041295459398066     
    11777913           1  0.84233583286559122     
    11777913           2   1.2110008052016126     
    11777913           3  0.94666336193279632     
    11842194           1   1.3692581535775643     
    11842194           2  0.53932796138923300     
    11842194           3   1.0914138850332025     
    11953099           1   1.0644280571519320     
    11953099           2   1.3142008555070293     
    11953099           3  0.62137108734103874     
    12102441           1  0.72703465876293671     
    12102441           2   1.2040786903595513     
    12102441           3   1.0688866508775117     
    12106036           1  0.96285685652248920     
    12106036           2   1.1027978361938460     
    12106036           3  0.93434530728366483     
    12115937           1   1.3658500250056884     
    12115937           2  0.88283554088410177     
    12115937           3  0.75131443411021004     
    12120194           1   1.3037872416023892     
    12120194           2  0.97075042141652301     
    12120194           3  0.72546233698108775     
    12155472           1  0.84069530219459032     
    12155472           2  0.97919648184669517     
    12155472           3   1.1801082159587148     
    12177873           1  0.98333990076135214     
    12177873           2  0.95306105543964337     
    12177873           3   1.0635990437990042     
    12203732           1  0.83386367380963189     
    12203732           2   1.0588676270829627     
    12203732           3   1.1072686991074054     
    12219040           1  0.87820931332957464     
    12219040           2   1.1981953357978457     
    12219040           3  0.92359535087257971     
    12227364           1  0.88339216879737770     
    12227364           2  0.85789325065265853     
    12227364           3   1.2587145805499635     
    12233747           1   1.0324083451990884     
    12233747           2  0.94042562326152879     
    12233747           3   1.0271660315393827     
    12251541           1   1.3378353225708843     
    12251541           2   1.0056130519648117     
    12251541           3  0.65655162546430434     
    12253470           1   1.0007873126046203     
    12253470           2   1.1976298357024400     
    12253470           3  0.80158285169293930     
    12261870           1  0.89974785888076991     
    12261870           2   1.1559382269473686     
    12261870           3  0.94431391417186183     
    12264127           1  0.97951845106673030     
    12264127           2   1.2179746969569474     
    12264127           3  0.80250685197632177     
    12302122           1  0.75094774711355294     
    12302122           2   1.2527732037200732     
    12302122           3  0.99627904916637355     
    12302773           1  0.96290600299688078     
    12302773           2  0.64924724399086553     
    12302773           3   1.3878467530122538     
    12311200           1  0.73845857373774326     
    12311200           2   1.0145429779565522     
    12311200           3   1.2469984483057039     
    12319010           1  0.91422557250809022     
    12319010           2   1.2491269653218700     
    12319010           3  0.83664746217003938     
    12322235           1  0.87320032900336508     
    12322235           2   1.2902789038823170     
    12322235           3  0.83652076711431789     
    12332718           1  0.91593597672113636     
    12332718           2   1.0911629475419085     
    12332718           3  0.99290107573695519     
    12334980           1  0.80076317187391088     
    12334980           2   1.5023570178665122     
    12334980           3  0.69687981025957668     
    12339435           1  0.84327779985999185     
    12339435           2  0.95960219693372861     
    12339435           3   1.1971200032062794     
    12351849           1  0.84456785188495942     
    12351849           2   1.1378194112199191     
    12351849           3   1.0176127368951213     
    12365037           1   1.0056771368783735     
    12365037           2  0.89550633344065800     
    12365037           3   1.0988165296809689     
    12373951           1  0.87051032468204648     
    12373951           2   1.0354745137132884     
    12373951           3   1.0940151616046656     
    12375121           1   1.0673648547520533     
    12375121           2  0.87910768065197764     
    12375121           3   1.0535274645959691     
    12393519           1  0.99466835647222140     
    12393519           2   1.2933744133792471     
    12393519           3  0.71195723014853129     
    12395377           1   1.0137083722186591     
    12395377           2   1.0371796838925464     
    12395377           3  0.94911194388879416     
    12403690           1  0.64038428491139709     
    12403690           2   1.4349097133242861     
    12403690           3  0.92470600176431705     
    12406142           1  0.92866592908683943     
    12406142           2   1.1377237938957951     
    12406142           3  0.93361027701736565     
    12452485           1   1.2574485117408234     
    12452485           2   1.1468510609171605     
    12452485           3  0.59570042734201634     
    12461172           1   1.1793616435834868     
    12461172           2  0.98035587475065533     
    12461172           3  0.84028248166585795     
    12467386           1  0.71263401694041084     
    12467386           2   1.1693266302247616     
    12467386           3   1.1180393528348276     
    12472744           1   1.2583385929822983     
    12472744           2   1.1730042195770651     
    12472744           3  0.56865718744063642     
    12480764           1   1.1739029773232743     
    12480764           2  0.86962910858525644     
    12480764           3  0.95646791409146903     
    12483935           1  0.78068966419455055     
    12483935           2   1.1760183145032530     
    12483935           3   1.0432920213021968     
    12490378           1   1.0120780437332015     
    12490378           2   1.1550496642758781     
    12490378           3  0.83287229199092072     
    12491533           1  0.80494032720565223     
    12491533           2   1.4995034922493067     
    12491533           3  0.69555618054504120     
    12517101           1   1.1430941353403785     
    12517101           2  0.85130144576046685     
    12517101           3   1.0056044188991546     
    12520172           1   1.0874271007689118     
    12520172           2   1.1370206869177488     
    12520172           3  0.77555221231333926     
    12523190           1  0.93402296651249539     
    12523190           2  0.79534315397371680     
    12523190           3   1.2706338795137877     
    12528526           1  0.49938209662168997     
    12528526           2   1.1412800652499724     
    12528526           3   1.3593378381283376     
    12528695           1  0.97969776284675703     
    12528695           2  0.98657660120733226     
    12528695           3   1.0337256359459110     
    12532258           1   1.2971997226019327     
    12532258           2  0.61035563451272667     
    12532258           3   1.0924446428853407     
    12535039           1  0.88954979378010002     
    12535039           2   1.3132461906853834     
    12535039           3  0.79720401553451681     
    12544092           1  0.52481264667935279     
    12544092           2   1.4727203727445433     
    12544092           3   1.0024669805761035     
    12564960           1  0.78494749234959804     
    12564960           2   1.3635678230599830     
    12564960           3  0.85148468459041882     
    12577830           1   1.0731038702818756     
    12577830           2   1.2029120746887469     
    12577830           3  0.72398405502937779     
    12582965           1   1.2389678697880568     
    12582965           2  0.77630760486352002     
    12582965           3  0.98472452534842314     
    12604505           1  0.83774303669978689     
    12604505           2   1.0512329694084548     
    12604505           3   1.1110239938917585     
    12604886           1   1.0249530494046968     
    12604886           2   1.2117834614894021     
    12604886           3  0.76326348910590114     
    12607008           1   1.0709734565985254     
    12607008           2  0.97067080822110774     
    12607008           3  0.95835573518036687     
    12610276           1  0.61599714667594485     
    12610276           2   1.3065743170187090     
    12610276           3   1.0774285363053466     
    12612389           1  0.91245893661131150     
    12612389           2   1.1121245601250807     
    12612389           3  0.97541650326360785     
    12613581           1   1.1937646999610456     
    12613581           2   1.1463659785968132     
    12613581           3  0.65986932144214105     
    12613927           1  0.85388321251913202     
    12613927           2  0.69049788947678836     
    12613927           3   1.4556188980040792     
    12614230           1   1.0689170327959836     
    12614230           2   1.2964649096635394     
    12614230           3  0.63461805754047707     
    12628769           1  0.90297357150205149     
    12628769           2  0.91618794258279712     
    12628769           3   1.1808384859151511     
    12634319           1   1.2762074452996481     
    12634319           2   1.1896612936620095     
    12634319           3  0.53413126103834230     
    12635045           1   1.1469793894782541     
    12635045           2  0.82956265669200013     
    12635045           3   1.0234579538297455     
    12637083           1   1.1644075818893116     
    12637083           2  0.84837476582011706     
    12637083           3  0.98721765229057146     
    12639919           1  0.62071468608158464     
    12639919           2   1.0028886652481461     
    12639919           3   1.3763966486702688     
    12643298           1  0.80417146464871547     
    12643298           2   1.2101477106051051     
    12643298           3  0.98568082474617902     
    12644681           1   1.0952121002258484     
    12644681           2  0.91636842672233965     
    12644681           3  0.98841947305181177     
    12647346           1   1.2067726003206405     
    12647346           2   1.3614094499317946     
    12647346           3  0.43181794974756510     
    12650018           1   1.1828880069428145     
    12650018           2   1.1627964606538301     
    12650018           3  0.65431553240335494     
    12651236           1  0.53076972009565138     
    12651236           2   1.3683277269409884     
    12651236           3   1.1009025529633605     
    12655430           1   1.1068857363065763     
    12655430           2   1.0854161255819992     
    12655430           3  0.80769813811142432     
    12657558           1   1.2029675143972693     
    12657558           2  0.94857165326429072     
    12657558           3  0.84846083233844005     
    12659137           1   1.2340651853768254     
    12659137           2  0.84014007728431106     
    12659137           3  0.92579473733886330     
    12660521           1  0.89570798758559822     
    12660521           2  0.73275488366042463     
    12660521           3   1.3715371287539770     
    12671773           1  0.73164245175417852     
    12671773           2   1.0561646071538642     
    12671773           3   1.2121929410919574     
    12675879           1   1.3261150921475797     
    12675879           2  0.76288269015148924     
    12675879           3  0.91100221770093104     
    12681425           1  0.90561556027559209     
    12681425           2  0.91503366134634612     
    12681425           3   1.1793507783780615     
    12683324           1  0.92264698483613716     
    12683324           2  0.83093526598276435     
    12683324           3   1.2464177491810988     
    12684935           1   1.0964258018144468     
    12684935           2   1.0825480024416776     
    12684935           3  0.82102619574387525     
    12693550           1   1.0558701780796402     
    12693550           2   1.0760106947857599     
    12693550           3  0.86811912713459982     
    12694499           1   1.1584610638587558     
    12694499           2  0.67838445340985676     
    12694499           3   1.1631544827313876     
    12697486           1  0.86901684356512332     
    12697486           2   1.1856534801957122     
    12697486           3  0.94532967623916453     
    12699243           1   1.1259243891012412     
    12699243           2  0.68947254130519631     
    12699243           3   1.1846030695935623     
    12700503           1   1.2365249048132312     
    12700503           2  0.77738452575317130     
    12700503           3  0.98609056943359752     
    12701611           1  0.84114824107964337     
    12701611           2   1.1157146253728460     
    12701611           3   1.0431371335475101     
    12702976           1   1.0081631435299854     
    12702976           2  0.87808697039570471     
    12702976           3   1.1137498860743100     
    12705680           1  0.80063368721712558     
    12705680           2   1.1502742437518556     
    12705680           3   1.0490920690310188     
    12710666           1   1.0070617277679443     
    12710666           2   1.0812331542854692     
    12710666           3  0.91170511794658693     
    12711314           1  0.88108159904881844     
    12711314           2  0.99572693003172208     
    12711314           3   1.1231914709194595     
    12713800           1   1.0630205823274623     
    12713800           2  0.88773990605967146     
    12713800           3   1.0492395116128661     
    12713966           1  0.95022875892556524     
    12713966           2   1.0141017727147112     
    12713966           3   1.0356694683597234     
    12716033           1   1.0530766906065232     
    12716033           2   1.3452623468490550     
    12716033           3  0.60166096254442158     
    12716689           1  0.94794994303301838     
    12716689           2  0.77829867848643175     
    12716689           3   1.2737513784805494     
    12718558           1   1.0366619131082673     
    12718558           2  0.98090418314360439     
    12718558           3  0.98243390374812822     
    12720306           1  0.88686946516523080     
    12720306           2  0.86290523533069685     
    12720306           3   1.2502252995040719     
    12723550           1   1.0234007478133902     
    12723550           2  0.91529081953744151     
    12723550           3   1.0613084326491680     
    12727218           1   1.0105747128658695     
    12727218           2  0.82224506636616723     
    12727218           3   1.1671802207679634     
    12729697           1   1.1517620376528546     
    12729697           2  0.84583525405968829     
    12729697           3   1.0024027082874569     
    12730190           1  0.83573775802636097     
    12730190           2  0.90788976325690052     
    12730190           3   1.2563724787167383     
    12738335           1   1.1043646885108684     
    12738335           2  0.73694486694447736     
    12738335           3   1.1586904445446546     
    12741484           1  0.98548597978187402     
    12741484           2  0.84420474018727920     
    12741484           3   1.1703092800308468     
    12742093           1   1.0380811919233588     
    12742093           2   1.1732220295931644     
    12742093           3  0.78869677848347708     
    12747821           1   1.1583276448013808     
    12747821           2  0.82448225511350859     
    12747821           3   1.0171901000851105     
    12749992           1  0.99347075234779014     
    12749992           2  0.68429452627126797     
    12749992           3   1.3222347213809418     
    12751515           1  0.97872307753262333     
    12751515           2   1.0995979744035294     
    12751515           3  0.92167894806384731     
    12751524           1  0.93984506052897832     
    12751524           2  0.84556887956313875     
    12751524           3   1.2145860599078828     
    12752485           1   1.0034854429447226     
    12752485           2  0.88604861179636285     
    12752485           3   1.1104659452589150     
    12753210           1   1.1230559543655010     
    12753210           2  0.76044953551384264     
    12753210           3   1.1164945101206560     
    12754325           1  0.61063315846559929     
    12754325           2   1.3460232549857196     
    12754325           3   1.0433435865486811     
    12754712           1  0.86493287387659645     
    12754712           2   1.1693721558472894     
    12754712           3  0.96569497027611428     
    12755344           1  0.88940224147980662     
    12755344           2  0.96631180312708909     
    12755344           3   1.1442859553931046     
    12756389           1   1.0713613137762776     
    12756389           2   1.0559481021881127     
    12756389           3  0.87269058403560962     
    12757301           1  0.95192805146354131     
    12757301           2   1.1152925862290801     
    12757301           3  0.93277936230737868     
    12757557           1   1.1044918372433810     
    12757557           2   1.1239637925245058     
    12757557           3  0.77154437023211275     
    12760416           1  0.80869907828996612     
    12760416           2  0.66724273051061278     
    12760416           3   1.5240581911994211     
    12762856           1   1.0939192650802585     
    12762856           2   1.0103813164617066     
    12762856           3  0.89569941845803536     
    12769561           1  0.98319756740718112     
    12769561           2  0.95109945413704067     
    12769561           3   1.0657029784557783     
    12771075           1  0.82626319955351468     
    12771075           2  0.89460371468335464     
    12771075           3   1.2791330857631311     
    12771819           1   1.0095881184237385     
    12771819           2  0.91737959318478135     
    12771819           3   1.0730322883914805     
    12777141           1  0.76454123616127512     
    12777141           2   1.0607734221801399     
    12777141           3   1.1746853416585847     
    12777541           1   1.4982311054727571     
    12777541           2  0.74843987122292688     
    12777541           3  0.75332902330431573     
    12782646           1  0.85570666627587100     
    12782646           2   1.3026559389744994     
    12782646           3  0.84163739474962973     
    12782916           1  0.95991489782963224     
    12782916           2  0.99906394900858486     
    12782916           3   1.0410211531617828     
    12783951           1   1.0588239586178505     
    12783951           2  0.89458512604061435     
    12783951           3   1.0465909153415351     
    12788126           1  0.55607299328084048     
    12788126           2   1.4656821473781181     
    12788126           3  0.97824485934104133     
    12789702           1  0.76160879888834387     
    12789702           2  0.95092182099832501     
    12789702           3   1.2874693801133310     
    12790117           1   1.0093777103153498     
    12790117           2  0.88190080066322574     
    12790117           3   1.1087214890214245     
    12794021           1  0.96086838617802528     
    12794021           2   1.0313881935106710     
    12794021           3   1.0077434203113032     
    12795856           1   1.3926634677117782     
    12795856           2   1.0210947572616094     
    12795856           3  0.58624177502661257     
    12797050           1  0.85105722672127015     
    12797050           2   1.0298958392449482     
    12797050           3   1.1190469340337819     
    12797116           1   1.2433399983549625     
    12797116           2  0.85250854667133935     
    12797116           3  0.90415145497369787     
    12798010           1  0.85634815787035701     
    12798010           2   1.1202548173530815     
    12798010           3   1.0233970247765616     
    12800943           1  0.90993593679797091     
    12800943           2   1.0943044159300197     
    12800943           3  0.99575964727200961     
    12800949           1   1.0016118668923208     
    12800949           2   1.1253135899787978     
    12800949           3  0.87307454312888144     
    12802263           1  0.87574862766104722     
    12802263           2   1.0756783345661634     
    12802263           3   1.0485730377727891     
    12803329           1  0.83471998052009855     
    12803329           2   1.2152752439503161     
    12803329           3  0.95000477552958551     
    12804452           1   1.0546921055843539     
    12804452           2  0.82933665735684714     
    12804452           3   1.1159712370587989     
    12804455           1   1.0101408621301597     
    12804455           2   1.0845390709608114     
    12804455           3  0.90532006690902878     
    12807694           1   1.0530033069802869     
    12807694           2  0.83748490323287561     
    12807694           3   1.1095117897868376     
    12808232           1  0.71505842393076979     
    12808232           2  0.76680782367467293     
    12808232           3   1.5181337523945573     
    12808318           1  0.66358055684453399     
    12808318           2   1.2714515939330622     
    12808318           3   1.0649678492224037     
    12809905           1  0.99881115108282881     
    12809905           2  0.97378062697847778     
    12809905           3   1.0274082219386933     
    12810617           1  0.96270708326659826     
    12810617           2  0.99973717105126525     
    12810617           3   1.0375557456821365     
    12812374           1  0.93572576991582579     
    12812374           2   1.2054778117225566     
    12812374           3  0.85879641836161713     
    12812634           1  0.89534272553092298     
    12812634           2   1.0659071244281346     
    12812634           3   1.0387501500409424     
    12813457           1   1.3269097165748687     
    12813457           2  0.89629757686748657     
    12813457           3  0.77679270655764465     
    12813966           1  0.81829042589457957     
    12813966           2   1.0561921145624029     
    12813966           3   1.1255174595430175     
    12821013           1   1.0755090831958354     
    12821013           2   1.1526804187780577     
    12821013           3  0.77181049802610713     
    12821253           1   1.2091946117893784     
    12821253           2  0.82974447679904728     
    12821253           3  0.96106091141157401     
    12826119           1  0.70866488432630692     
    12826119           2   1.1795228672903775     
    12826119           3   1.1118122483833159     
    12827239           1   1.0015528355403143     
    12827239           2   1.1708655682334959     
    12827239           3  0.82758159622618954     
    12829417           1   1.1244111145727953     
    12829417           2  0.76538763754314409     
    12829417           3   1.1102012478840608     
    12829818           1  0.66752296819184487     
    12829818           2   1.0107776913704767     
    12829818           3   1.3216993404376787     
    12832421           1  0.95960550952607626     
    12832421           2  0.86321148113533464     
    12832421           3   1.1771830093385889     
    12832723           1   1.0429954774883226     
    12832723           2   1.0246345023334302     
    12832723           3  0.93237002017824722     
    12833688           1   1.0197096493321216     
    12833688           2   1.3786794677922600     
    12833688           3  0.60161088287561848     
    12834062           1   1.1516587731719103     
    12834062           2  0.76152041174112539     
    12834062           3   1.0868208150869643     
    12835904           1  0.97946684123613825     
    12835904           2  0.95035435489309616     
    12835904           3   1.0701788038707656     
    12837883           1   1.1741634531164238     
    12837883           2   1.0001984378150266     
    12837883           3  0.82563810906855006     
    12839809           1   1.0456836955024920     
    12839809           2   1.3334919231086886     
    12839809           3  0.62082438138881957     
    12840422           1   1.3461301867281936     
    12840422           2  0.77439690131438876     
    12840422           3  0.87947291195741772     
    12841668           1  0.75831206731309198     
    12841668           2   1.1497870290839780     
    12841668           3   1.0919009036029301     
    12841797           1   1.0959825339811964     
    12841797           2  0.93636258387976001     
    12841797           3  0.96765488213904360     
    12841937           1   1.0851680479462531     
    12841937           2  0.92120048827967149     
    12841937           3  0.99363146377407507     
    12842481           1  0.85156119931233487     
    12842481           2  0.81937989916012577     
    12842481           3   1.3290589015275394     
    12842525           1  0.86107820892672726     
    12842525           2   1.1748223094805370     
    12842525           3  0.96409948159273540     
    12842789           1  0.81198121605815254     
    12842789           2  0.87914046339139174     
    12842789           3   1.3088783205504557     
    12844140           1   1.1736903783749815     
    12844140           2   1.1331448449800836     
    12844140           3  0.69316477664493492     
    12844239           1   1.1560658806395987     
    12844239           2  0.73048887687968589     
    12844239           3   1.1134452424807155     
    12844914           1   1.0266492925256767     
    12844914           2  0.90867340109279415     
    12844914           3   1.0646773063815294     
    12845298           1  0.79677060248961262     
    12845298           2   1.0795765497919174     
    12845298           3   1.1236528477184697     
    12845944           1  0.98151897646322817     
    12845944           2  0.94947566357506519     
    12845944           3   1.0690053599617069     
    12846906           1  0.88693006867466351     
    12846906           2  0.73581152357181356     
    12846906           3   1.3772584077535230     
    12847151           1   1.0660016929571456     
    12847151           2  0.82749866560231145     
    12847151           3   1.1064996414405432     
    12849409           1   1.1847833747812668     
    12849409           2  0.95817023287647562     
    12849409           3  0.85704639234225777     
    12850047           1   1.0818125451059424     
    12850047           2  0.95328100375853020     
    12850047           3  0.96490645113552764     
    12851715           1  0.81672367200807616     
    12851715           2   1.0558822532374410     
    12851715           3   1.1273940747544826     
    12852081           1   1.0021694881789278     
    12852081           2  0.88072923030354366     
    12852081           3   1.1171012815175292     
    12852371           1   1.2386006800972451     
    12852371           2  0.89413217250918431     
    12852371           3  0.86726714739357036     
    12853645           1   1.1588549455223180     
    12853645           2  0.76747750898554545     
    12853645           3   1.0736675454921363     
    12855940           1   1.1635798511979423     
    12855940           2   1.1751520310576764     
    12855940           3  0.66126811774438188     
    12857345           1  0.86642086580002708     
    12857345           2   1.2908022509683483     
    12857345           3  0.84277688323162425     
    12863973           1   1.1116024438268708     
    12863973           2   1.1284757183070915     
    12863973           3  0.75992183786603795     
    12864397           1  0.67539260838858517     
    12864397           2   1.4025277013295290     
    12864397           3  0.92207969028188563     
    12866456           1   1.0919981373727929     
    12866456           2  0.91367929090783284     
    12866456           3  0.99432257171937433     
    12867536           1  0.84238527665539609     
    12867536           2   1.2402335742242632     
    12867536           3  0.91738114912034063     
    12868198           1   1.0196630177631327     
    12868198           2  0.89088715015417419     
    12868198           3   1.0894498320826931     
    12868366           1  0.96257616724936312     
    12868366           2  0.74279183298854889     
    12868366           3   1.2946319997620881     
    12868561           1  0.79935939527552902     
    12868561           2   1.0643074170684197     
    12868561           3   1.1363331876560512     
    12869229           1  0.72751799179796972     
    12869229           2   1.4604332548180408     
    12869229           3  0.81204875338398974     
    12870854           1   1.1242324116153437     
    12870854           2  0.96420220336392704     
    12870854           3  0.91156538502072881     
    12873637           1  0.77426504247238348     
    12873637           2   1.0620020282200633     
    12873637           3   1.1637329293075531     
    12873869           1  0.88402489107645432     
    12873869           2  0.98326101059476101     
    12873869           3   1.1327140983287849     
    12874847           1   1.0856013207878559     
    12874847           2  0.73144710684645275     
    12874847           3   1.1829515723656918     
    12875330           1  0.89580256110528356     
    12875330           2   1.2116917704466603     
    12875330           3  0.89250566844805634     
    12881867           1  0.87642370736391906     
    12881867           2   1.0221294784399289     
    12881867           3   1.1014468141961522     
    12885259           1   1.5967881842508060     
    12885259           2  0.25278846690387186     
    12885259           3   1.1504233488453222     
    12886790           1   1.1243741325391432     
    12886790           2   1.1072238364121532     
    12886790           3  0.76840203104870364     
    12889889           1  0.76359142864733198     
    12889889           2   1.0566043118805764     
    12889889           3   1.1798042594720919     
    12892500           1  0.72258869540311743     
    12892500           2   1.2823716681819906     
    12892500           3  0.99503963641489246     
    12895963           1   1.0445547025293711     
    12895963           2   1.0966295685773531     
    12895963           3  0.85881572889327584     
    12896604           1   1.3538659923720957     
    12896604           2  0.93401318052020266     
    12896604           3  0.71212082710770197     
    12897646           1  0.99620872969125607     
    12897646           2  0.92845233069804745     
    12897646           3   1.0753389396106960     
    12903384           1   1.2503754820582285     
    12903384           2  0.81182064336357596     
    12903384           3  0.93780387457819570     
    12903445           1   1.1765056762449071     
    12903445           2  0.98524668808908145     
    12903445           3  0.83824763566601135     
    12904137           1  0.70152975111688465     
    12904137           2   1.1671202770307492     
    12904137           3   1.1313499718523659     
    12904902           1  0.96942764524996927     
    12904902           2   1.1434368671325239     
    12904902           3  0.88713548761750682     
    12905141           1  0.82532028534643254     
    12905141           2  0.96128849263021077     
    12905141           3   1.2133912220233571     
    12906350           1   1.0146414971270528     
    12906350           2  0.85252967206022146     
    12906350           3   1.1328288308127252     
    12906499           1  0.95874125884138839     
    12906499           2  0.99561880300281147     
    12906499           3   1.0456399381558001     
    12907544           1  0.98698594135076534     
    12907544           2  0.94068110083717071     
    12907544           3   1.0723329578120644     
    12907803           1  0.89908448339793900     
    12907803           2   1.1539470164542243     
    12907803           3  0.94696850014783629     
    12908347           1   1.0641247610362037     
    12908347           2   1.0488156586006816     
    12908347           3  0.88705958036311461     
    12911252           1  0.99930139625676728     
    12911252           2   1.0729012641075670     
    12911252           3  0.92779733963566524     
    12913008           1   1.0915125665647136     
    12913008           2   1.0264861025697365     
    12913008           3  0.88200133086555010     
    12913587           1   1.0805985759605019     
    12913587           2  0.89000729563007863     
    12913587           3   1.0293941284094199     
    12915194           1   1.3929237409292332     
    12915194           2  0.99989646429406243     
    12915194           3  0.60717979477670436     
    12923190           1  0.80552335623219729     
    12923190           2  0.90886744538030428     
    12923190           3   1.2856091983874991     
    12923849           1   1.1669937083082045     
    12923849           2  0.76408488254693585     
    12923849           3   1.0689214091448596     
    12923914           1   1.1663610499325907     
    12923914           2  0.84979804150084126     
    12923914           3  0.98384090856656792     
    12926684           1  0.96709825647829628     
    12926684           2   1.0114254742202688     
    12926684           3   1.0214762693014345     
    12927094           1  0.86970465081819848     
    12927094           2   1.1592727042028734     
    12927094           3  0.97102264497892832     
    12930043           1  0.83668586473182316     
    12930043           2   1.0211930749529023     
    12930043           3   1.1421210603152749     
    12930155           1   1.2950205386249847     
    12930155           2  0.74499472795209909     
    12930155           3  0.95998473342291624     
    12930554           1   1.0413449234812209     
    12930554           2  0.97563524471314433     
    12930554           3  0.98301983180563424     
    12931558           1   1.3103388589929863     
    12931558           2  0.47383627568273201     
    12931558           3   1.2158248653242818     
    12932105           1   1.1390376914189093     
    12932105           2   1.1120808598027732     
    12932105           3  0.74888144877831742     
    12932272           1  0.68258011589298129     
    12932272           2   1.1220692534719670     
    12932272           3   1.1953506306350516     
    12932794           1  0.82144029080874081     
    12932794           2  0.96325702051358431     
    12932794           3   1.2153026886776750     
    12933146           1   1.1317383908280523     
    12933146           2  0.69303281105735703     
    12933146           3   1.1752287981145910     
    12933618           1   1.0110572227623358     
    12933618           2  0.89273427429739172     
    12933618           3   1.0962085029402726     
    12934449           1  0.99990737785497918     
    12934449           2  0.89809711542657389     
    12934449           3   1.1019955067184470     
    12934679           1   1.1124258397075206     
    12934679           2  0.93077123268437689     
    12934679           3  0.95680292760810270     
    12935200           1  0.89856712171577269     
    12935200           2  0.96809350775367176     
    12935200           3   1.1333393705305552     
    12935268           1   1.2058977206029899     
    12935268           2  0.85354069424708523     
    12935268           3  0.94056158514992405     
    12936010           1  0.98539452214134082     
    12936010           2   1.1064967227104039     
    12936010           3  0.90810875514825518     
    12936459           1  0.64506009338876913     
    12936459           2   1.4234821024307680     
    12936459           3  0.93145780418046265     
    12937187           1  0.81213212058827078     
    12937187           2   1.2057604966650939     
    12937187           3  0.98210738274663523     
    12938368           1   1.0170141583370180     
    12938368           2  0.84371399549692327     
    12938368           3   1.1392718461660585     
    12938739           1  0.94195821510184663     
    12938739           2   1.1935253128889045     
    12938739           3  0.86451647200924864     
    12939801           1  0.96091386787287159     
    12939801           2   1.1038496639386997     
    12939801           3  0.93523646818842932     
    12940863           1  0.84354716898548376     
    12940863           2   1.0377313332932605     
    12940863           3   1.1187214977212556     
    12941242           1  0.97177627972523739     
    12941242           2  0.65522810058683434     
    12941242           3   1.3729956196879278     
    12941244           1  0.75795422573504545     
    12941244           2   1.1377304901791299     
    12941244           3   1.1043152840858248     
    12941530           1  0.99179016366802808     
    12941530           2  0.83041405212313579     
    12941530           3   1.1777957842088362     
    12941735           1   1.2156880134821124     
    12941735           2   1.1440311251035371     
    12941735           3  0.64028086141435014     
    12942252           1   1.0167617304508325     
    12942252           2  0.87231056204027291     
    12942252           3   1.1109277075088950     
    12942701           1  0.81880170287033494     
    12942701           2  0.90336806719272955     
    12942701           3   1.2778302299369355     
    12944510           1   1.0990171994109714     
    12944510           2   1.1765358739065181     
    12944510           3  0.72444692668251065     
    12944713           1  0.99067614605652621     
    12944713           2  0.98532468954089569     
    12944713           3   1.0239991644025781     
    12945125           1   1.1578721047419251     
    12945125           2  0.85139533500515618     
    12945125           3  0.99073256025291867     
    12945370           1  0.62137945682929974     
    12945370           2  0.99966255399080894     
    12945370           3   1.3789579891798915     
    12945408           1  0.78683646443380217     
    12945408           2  0.99744400622126261     
    12945408           3   1.2157195293449350     
    12947499           1   1.2717121965748568     
    12947499           2   1.1598601996069446     
    12947499           3  0.56842760381819823     
    12950748           1  0.93318888930074628     
    12950748           2  0.79731190003342378     
    12950748           3   1.2694992106658298     
    12951194           1  0.71646060876676365     
    12951194           2   1.1056646909639534     
    12951194           3   1.1778747002692829     
    12952285           1  0.90717836573202593     
    12952285           2  0.90648444605542522     
    12952285           3   1.1863371882125489     
    12952317           1  0.98126841216455707     
    12952317           2  0.93523181182137138     
    12952317           3   1.0834997760140719     
    12953018           1   1.0265736994726133     
    12953018           2   1.1286250569162317     
    12953018           3  0.84480124361115549     
    12953358           1  0.85452731646095792     
    12953358           2   1.0218629619956823     
    12953358           3   1.1236097215433596     
    12953485           1   1.0390169988800362     
    12953485           2   1.1067202812596115     
    12953485           3  0.85426271986035274     
    12954374           1   1.2848703822892993     
    12954374           2  0.83235381711786371     
    12954374           3  0.88277580059283722     
    12954387           1   1.0652525259837642     
    12954387           2  0.94499502847775330     
    12954387           3  0.98975244553848196     
    12954600           1   1.0239306809163315     
    12954600           2   1.0476386789983074     
    12954600           3  0.92843064008536136     
    12954721           1  0.83624541511804484     
    12954721           2   1.0222347619021115     
    12954721           3   1.1415198229798440     
    12954956           1   1.3751155533723063     
    12954956           2   1.0082287032949961     
    12954956           3  0.61665574333269757     
    12955919           1   1.3909665105979938     
    12955919           2   1.0145666734574159     
    12955919           3  0.59446681594459028     
    12957012           1  0.73101157840052045     
    12957012           2   1.2019719603967087     
    12957012           3   1.0670164612027708     
    12957460           1   1.2489742183863430     
    12957460           2   1.1593399442334176     
    12957460           3  0.59168583738023972     
    12957651           1   1.0584576500640579     
    12957651           2   1.3182545999992459     
    12957651           3  0.62328774993669622     
    12957990           1  0.86329938288569419     
    12957990           2   1.1778527946248354     
    12957990           3  0.95884782248946998     
    12958081           1  0.98523079771651922     
    12958081           2  0.96378861022172435     
    12958081           3   1.0509805920617563     
    12958283           1   1.1648854317401969     
    12958283           2   1.1907571760262659     
    12958283           3  0.64435739223353772     
    12958485           1   1.2360358025933305     
    12958485           2   1.1273216822001619     
    12958485           3  0.63664251520650728     
    12958839           1  0.99934793960206947     
    12958839           2  0.81311050282539477     
    12958839           3   1.1875415575725359     
    12958891           1  0.82722532112918934     
    12958891           2   1.0743208980378851     
    12958891           3   1.0984537808329251     
    12960472           1   1.0734639811162512     
    12960472           2  0.72827477592807310     
    12960472           3   1.1982612429556754     
    12962456           1   1.0000500448803959     
    12962456           2   1.2841406551352579     
    12962456           3  0.71580929998434639     
    12962879           1  0.91140528219303951     
    12962879           2   1.1006050459072985     
    12962879           3  0.98798967189966225     
    12962943           1   1.0684040647699615     
    12962943           2   1.1976437563502016     
    12962943           3  0.73395217887983688     
    12963362           1   1.0684148454833704     
    12963362           2  0.82258068365353421     
    12963362           3   1.1090044708630951     
    12963452           1  0.78672482830680457     
    12963452           2   1.0949027133950269     
    12963452           3   1.1183724582981684     
    12963716           1  0.71296073043818453     
    12963716           2  0.76455831828049337     
    12963716           3   1.5224809512813222     
    12964019           1  0.74536251130729281     
    12964019           2   1.2657683471261889     
    12964019           3  0.98886914156651828     
    12965186           1   1.2155121212152544     
    12965186           2  0.86034581713035796     
    12965186           3  0.92414206165438773     
    12965621           1  0.99616947990892857     
    12965621           2  0.90145610441484236     
    12965621           3   1.1023744156762290     
    12965975           1  0.96777183807630718     
    12965975           2   1.0839237216963307     
    12965975           3  0.94830444022736249     
    12966260           1  0.88166377287790010     
    12966260           2  0.77326634744308853     
    12966260           3   1.3450698796790117     
    12966509           1  0.71531024700645052     
    12966509           2   1.2694546711799779     
    12966509           3   1.0152350818135716     
    12966875           1  0.97796899515464641     
    12966875           2  0.98742081239642765     
    12966875           3   1.0346101924489259     
    12967985           1  0.96772746572158175     
    12967985           2  0.63747655531220915     
    12967985           3   1.3947959789662097     
    12969223           1  0.86591437655946690     
    12969223           2   1.1706991280816710     
    12969223           3  0.96338649535886201     
    12969799           1  0.90571040685650772     
    12969799           2   1.1437177957637605     
    12969799           3  0.95057179737973130     
    12969933           1   1.0377678852174932     
    12969933           2   1.3693176287938087     
    12969933           3  0.59291448598869800     
    12970229           1  0.90531382423191831     
    12970229           2  0.74061316315752768     
    12970229           3   1.3540730126105540     
    12970582           1   1.0095306910205792     
    12970582           2  0.97476626151221224     
    12970582           3   1.0157030474672084     
    12970852           1   1.1840283219989631     
    12970852           2   1.0006162882207197     
    12970852           3  0.81535538978031685     
    12971147           1  0.81392664234861711     
    12971147           2   1.0505596476227292     
    12971147           3   1.1355137100286534     
    12971149           1   1.3924860298749946     
    12971149           2  0.98306862389418126     
    12971149           3  0.62444534623082459     
    12971505           1  0.72547822861614386     
    12971505           2   1.0818219346768370     
    12971505           3   1.1926998367070194     
    12971797           1  0.84715959681768416     
    12971797           2   1.0814505603324363     
    12971797           3   1.0713898428498791     
    12972043           1   1.0152132030470125     
    12972043           2  0.97397145065779522     
    12972043           3   1.0108153462951925     
    12972113           1  0.98758518757313618     
    12972113           2  0.94653590442004543     
    12972113           3   1.0658789080068183     
    12972145           1  0.79473675298328694     
    12972145           2   1.0755013987136277     
    12972145           3   1.1297618483030853     
    12972484           1   1.1475528553724881     
    12972484           2  0.82847748305821356     
    12972484           3   1.0239696615692986     
    12972572           1  0.77803037449780155     
    12972572           2   1.4822973916676274     
    12972572           3  0.73967223383457104     
    12972704           1   1.1734939798187578     
    12972704           2  0.85499501704094349     
    12972704           3  0.97151100314029870     
    12973161           1  0.95172366569751377     
    12973161           2   1.0156971649749817     
    12973161           3   1.0325791693275044     
    12973255           1  0.99208054030822468     
    12973255           2  0.87186283455158020     
    12973255           3   1.1360566251401956     
    12973342           1  0.70982378774760102     
    12973342           2   1.1765457800603667     
    12973342           3   1.1136304321920325     
    12973875           1  0.83898762449429987     
    12973875           2   1.1128487434671825     
    12973875           3   1.0481636320385177     
    12974067           1  0.98249848092266989     
    12974067           2  0.95142913480534386     
    12974067           3   1.0660723842719859     
    12974100           1  0.82609528033495794     
    12974100           2   1.1980652301503234     
    12974100           3  0.97583948951471888     
    12974275           1   1.0480808031374091     
    12974275           2  0.97519918660163107     
    12974275           3  0.97672001026095989     
    12974411           1   1.0770243558808708     
    12974411           2  0.94228749943021894     
    12974411           3  0.98068814468891019     
    12974541           1   1.0288529690684955     
    12974541           2  0.87187827756593572     
    12974541           3   1.0992687533655687     
    12974601           1   1.2286856033591911     
    12974601           2  0.79476215741503042     
    12974601           3  0.97655223922577883     
    12974739           1  0.82968320131588713     
    12974739           2   1.0411191704123592     
    12974739           3   1.1291976282717533     
    12975139           1  0.89588938594259615     
    12975139           2   1.0656302673671234     
    12975139           3   1.0384803466902803     
    12975248           1   1.2513596147329598     
    12975248           2  0.81136400868970004     
    12975248           3  0.93727637657734009     
    12975672           1   1.1869359455139157     
    12975672           2   1.1398083615265171     
    12975672           3  0.67325569295956711     
    12975675           1  0.97359375712903151     
    12975675           2  0.94361501350694632     
    12975675           3   1.0827912293640221     
    12976040           1   1.0101100603210758     
    12976040           2   1.1586371659308967     
    12976040           3  0.83125277374802775     
    12976583           1   1.0937773656319325     
    12976583           2   1.0929318034167887     
    12976583           3  0.81329083095127852     
    12976751           1  0.80546549761802622     
    12976751           2  0.90880216383328516     
    12976751           3   1.2857323385486887     
    12976815           1  0.66574313157049536     
    12976815           2   1.2755951889404233     
    12976815           3   1.0586616794890811     
    12976922           1   1.0794363566486525     
    12976922           2   1.2100105714180494     
    12976922           3  0.71055307193329842     
    12977105           1   1.0318735032369337     
    12977105           2  0.89803147020335694     
    12977105           3   1.0700950265597096     
    12977175           1   1.0172828512850169     
    12977175           2   1.1455616494932623     
    12977175           3  0.83715549922172094     
    12977354           1  0.90940534707836707     
    12977354           2  0.67263403558214574     
    12977354           3   1.4179606173394870     
    12977361           1   1.3536076070148209     
    12977361           2   1.0174686330131912     
    12977361           3  0.62892375997198791     
    12977488           1  0.91547671739227554     
    12977488           2   1.0921200572590688     
    12977488           3  0.99240322534865566     
    12977490           1   1.0727867110961322     
    12977490           2   1.2025565502845446     
    12977490           3  0.72465673861932289     
    12977622           1  0.84116205732693139     
    12977622           2  0.95719460220846964     
    12977622           3   1.2016433404645990     
    12977812           1   1.0073400798045524     
    12977812           2  0.65359205279422616     
    12977812           3   1.3390678674012215     
    12977902           1   1.0898131285288317     
    12977902           2  0.89759662546469443     
    12977902           3   1.0125902460064740     
    12977920           1   1.2715284457927234     
    12977920           2   1.1852996010336256     
    12977920           3  0.54317195317365119     
    12978863           1  0.72642596502548118     
    12978863           2   1.2247787382713098     
    12978863           3   1.0487952967032093     
    12979400           1  0.81408937214621857     
    12979400           2   1.4932535369477906     
    12979400           3  0.69265709090599081     
    12979407           1  0.98374204396500675     
    12979407           2  0.94883622797950207     
    12979407           3   1.0674217280554914     
    12979425           1  0.60785570474689599     
    12979425           2   1.3110363078729406     
    12979425           3   1.0811079873801634     
    12979488           1   1.1697829999734597     
    12979488           2   1.1393598652664338     
    12979488           3  0.69085713476010657     
    12979491           1  0.84191071382900806     
    12979491           2   1.0447572461655557     
    12979491           3   1.1133320400054358     
    12979513           1   1.0050891384704663     
    12979513           2   1.2906112362598403     
    12979513           3  0.70429962526969325     
    12979607           1   1.0939757184106456     
    12979607           2  0.81258900509892851     
    12979607           3   1.0934352764904260     
    12979690           1  0.60950764017128889     
    12979690           2   1.3435422665607535     
    12979690           3   1.0469500932679578     
    12979911           1  0.85563851282262504     
    12979911           2   1.0381114518676138     
    12979911           3   1.1062500353097617     
    12979971           1   1.1504943236063516     
    12979971           2   1.1738284511401369     
    12979971           3  0.67567722525351193     
    12980021           1   1.0198732630500458     
    12980021           2   1.0367406668370276     
    12980021           3  0.94338607011292641     
    12980036           1   1.0897500787157832     
    12980036           2  0.94933629022823851     
    12980036           3  0.96091363105597827     
    12980100           1  0.96751946738086858     
    12980100           2   1.0047346613201515     
    12980100           3   1.0277458712989802     
    12980188           1   1.0244521044233643     
    12980188           2   1.0999043551531928     
    12980188           3  0.87564354042344317     
    12980205           1   1.0381487205373685     
    12980205           2   1.1083024438018658     
    12980205           3  0.85354883566076545     
    12980222           1  0.89732321389748038     
    12980222           2   1.2756441219119619     
    12980222           3  0.82703266419055743     
    12980359           1   1.0774801825937887     
    12980359           2   1.1429341094810090     
    12980359           3  0.77958570792520221     
    12980462           1   1.0836134726440472     
    12980462           2  0.89249043793992400     
    12980462           3   1.0238960894160289     
    12980629           1  0.85733036636975790     
    12980629           2   1.0372924050079009     
    12980629           3   1.1053772286223413     
    12980709           1   1.0315361543648665     
    12980709           2   1.3946692739837250     
    12980709           3  0.57379457165140824     
    12980766           1   1.0070349435958612     
    12980766           2   1.3094547755044372     
    12980766           3  0.68351028089970156     
    12981010           1   1.0829229077143676     
    12981010           2   1.2139188737661399     
    12981010           3  0.70315821851949201     
    12981027           1   1.1377537962683311     
    12981027           2  0.87203516233645206     
    12981027           3  0.99021104139521721     
    12981055           1   1.0897196000267235     
    12981055           2  0.72284124564929808     
    12981055           3   1.1874391543239782     
    12981212           1   1.2753994746403348     
    12981212           2   1.1350367294701418     
    12981212           3  0.58956379588952335     
    12981337           1  0.85745235900766481     
    12981337           2  0.74607622808534479     
    12981337           3   1.3964714129069911     
    12981464           1  0.96893326164505522     
    12981464           2  0.97576890409799455     
    12981464           3   1.0552978342569501     
    12981514           1   1.2310299743081532     
    12981514           2   1.1642382818323975     
    12981514           3  0.60473174385944928     
    12981585           1   1.0156051677624791     
    12981585           2   1.0361892362789979     
    12981585           3  0.94820559595852327     
    12981713           1  0.83867228632230628     
    12981713           2   1.0358314084675422     
    12981713           3   1.1254963052101512     
    12981866           1   1.1540839043736586     
    12981866           2  0.70671633915230947     
    12981866           3   1.1391997564740322     
    12981926           1  0.97575872304152778     
    12981926           2  0.94390346316826601     
    12981926           3   1.0803378137902060     
    12981957           1  0.81039142177870582     
    12981957           2  0.87741917667700831     
    12981957           3   1.3121894015442859     
    12981958           1  0.88428210543108354     
    12981958           2   1.3232347190972986     
    12981958           3  0.79248317547161817     
    12982165           1  0.69575356886910822     
    12982165           2   1.1822116502779554     
    12982165           3   1.1220347808529365     
    12982217           1  0.99526773519350276     
    12982217           2  0.92757533724419183     
    12982217           3   1.0771569275623056     
    12982600           1  0.82798784231232803     
    12982600           2   1.2296693090271689     
    12982600           3  0.94234284866050277     
    12982672           1   1.1045805360649172     
    12982672           2  0.92017331237796562     
    12982672           3  0.97524615155711714     
    12982815           1   1.1856285623968490     
    12982815           2   1.1446706203737036     
    12982815           3  0.66970081722944719     
    12982855           1  0.90604107319193206     
    12982855           2   1.2036431416486919     
    12982855           3  0.89031578515937582     
    12982910           1   1.0823742935398444     
    12982910           2  0.70941826854345746     
    12982910           3   1.2082074379166985     
    12983029           1   1.0775522936162341     
    12983029           2  0.96134112257689508     
    12983029           3  0.96110658380687064     
    12983045           1   1.2187522894736904     
    12983045           2  0.81259041195198511     
    12983045           3  0.96865729857432392     
    12983519           1  0.93821288895185184     
    12983519           2   1.0392139308723631     
    12983519           3   1.0225731801757849     
    12983541           1  0.93645651689645537     
    12983541           2   1.0483975486290658     
    12983541           3   1.0151459344744791     
    12983568           1  0.79383805597520452     
    12983568           2  0.92652960654538952     
    12983568           3   1.2796323374794059     
    12983577           1   1.1133983169036459     
    12983577           2  0.95124191543107250     
    12983577           3  0.93535976766528195     
    12983677           1   1.1385836866353538     
    12983677           2   1.1128333584488430     
    12983677           3  0.74858295491580273     
    12983778           1   1.0077558401951041     
    12983778           2   1.0486066374170868     
    12983778           3  0.94363752238780896     
    12984002           1  0.82626706385238569     
    12984002           2   1.0765516034637366     
    12984002           3   1.0971813326838782     
    12984005           1  0.95182774492792122     
    12984005           2   1.1745976624701819     
    12984005           3  0.87357459260189663     
    12984064           1   1.0434906712993322     
    12984064           2  0.95052056629300863     
    12984064           3   1.0059887624076591     
    12984165           1  0.76919472510613929     
    12984165           2  0.89633196821690264     
    12984165           3   1.3344733066769583     
    12984236           1  0.99063320091097629     
    12984236           2  0.93897673711283536     
    12984236           3   1.0703900619761881     
    12984254           1   1.1497855696521502     
    12984254           2   1.1753219506826986     
    12984254           3  0.67489247966515131     
    12984346           1  0.85958437257327258     
    12984346           2   1.1779887080229074     
    12984346           3  0.96242691940381975     
    12984379           1   1.0221442983462392     
    12984379           2  0.96090159868159852     
    12984379           3   1.0169541029721620     
    12984395           1   1.1976762864140198     
    12984395           2   1.1182626433398062     
    12984395           3  0.68406107024617424     
    12984581           1  0.61208271339494491     
    12984581           2   1.0295905212148502     
    12984581           3   1.3583267653902047     
    12984594           1   1.3072911579147564     
    12984594           2  0.72362803115892893     
    12984594           3  0.96908081092631460     
    12984664           1   1.2720082838634597     
    12984664           2   1.1601302448755084     
    12984664           3  0.56786147126103170     
    12984675           1  0.79466111541623807     
    12984675           2  0.67151723639242611     
    12984675           3   1.5338216481913352     
    12984741           1  0.89723950659801677     
    12984741           2  0.96272360553832970     
    12984741           3   1.1400368878636533     
    12984887           1  0.99867766110034628     
    12984887           2   1.1988936239928925     
    12984887           3  0.80242871490676182     
    12984911           1   1.0270541279775072     
    12984911           2  0.84111946460826725     
    12984911           3   1.1318264074142252     
    12985082           1  0.85588552450102107     
    12985082           2   1.1080982605235439     
    12985082           3   1.0360162149754353     
    12985155           1  0.82461567277807812     
    12985155           2  0.97589231305277258     
    12985155           3   1.1994920141691494     
    12985220           1   1.1626211884515689     
    12985220           2  0.97361933610055429     
    12985220           3  0.86375947544787712     
    12985252           1   1.0263339647609298     
    12985252           2  0.82778277635839681     
    12985252           3   1.1458832588806735     
    12985492           1  0.89009034277793331     
    12985492           2  0.77019035655710666     
    12985492           3   1.3397193006649601     
    12985499           1  0.93457774809080585     
    12985499           2   1.0460364829792896     
    12985499           3   1.0193857689299040     
    12985548           1   1.0664265034173090     
    12985548           2   1.3004340710295887     
    12985548           3  0.63313942555310232     
    12985647           1   1.1340190373579655     
    12985647           2   1.1940684268761530     
    12985647           3  0.67191253576588117     
    12985648           1   1.1792905601979200     
    12985648           2  0.98047760428361375     
    12985648           3  0.84023183551846603     
    12985735           1  0.86768704384817585     
    12985735           2   1.1565833352476123     
    12985735           3  0.97572962090421222     
    12985754           1  0.80871240937333311     
    12985754           2   1.5172710313519191     
    12985754           3  0.67401655927474802     
    12985777           1   1.0377148552361513     
    12985777           2  0.86427756076799167     
    12985777           3   1.0980075839958572     
    12985987           1  0.79596098911469204     
    12985987           2   1.0815279276489087     
    12985987           3   1.1225110832363994     
    12986089           1   1.0433306935671516     
    12986089           2   1.3422892786688592     
    12986089           3  0.61438002776398926     
    12986102           1   1.0956375898598465     
    12986102           2  0.91672443563277162     
    12986102           3  0.98763797450738200     
    12986136           1   1.0843790253414276     
    12986136           2  0.91732783287968378     
    12986136           3  0.99829314177888862     
    12986236           1   1.0734623563108072     
    12986236           2   1.0956071372433780     
    12986236           3  0.83093050644581501     
    12986490           1  0.96464356453441225     
    12986490           2  0.98327921665359863     
    12986490           3   1.0520772188119893     
    12986640           1  0.84873990433093272     
    12986640           2   1.3256816735868087     
    12986640           3  0.82557842208225829     
    12986758           1   1.2093591213073305     
    12986758           2  0.95361160410347023     
    12986758           3  0.83702927458919996     
    12986799           1   1.0466466730275878     
    12986799           2   1.0282214219366737     
    12986799           3  0.92513190503573850     
    12986818           1   1.0059463255905199     
    12986818           2  0.81847922050248467     
    12986818           3   1.1755744539069952     
    12986848           1  0.89721718029557118     
    12986848           2  0.92947209372724371     
    12986848           3   1.1733107259771849     
    12986860           1  0.80322760260666004     
    12986860           2   1.0182224567185034     
    12986860           3   1.1785499406748365     
    12986874           1   1.2417450307703610     
    12986874           2  0.77804770744653684     
    12986874           3  0.98020726178310247     
    12986891           1   1.1538771364242970     
    12986891           2   1.1140160582127883     
    12986891           3  0.73210680536291484     
    12986895           1  0.81871672990533673     
    12986895           2  0.98916327378834323     
    12986895           3   1.1921199963063198     
    12986901           1   1.1781178328935040     
    12986901           2   1.0035669334576607     
    12986901           3  0.81831523364883496     
    12986911           1  0.96600656085066328     
    12986911           2  0.99207517027067549     
    12986911           3   1.0419182688786610     
    12986990           1   1.0993986089606052     
    12986990           2  0.92000931438564659     
    12986990           3  0.98059207665374859     
    12987054           1  0.89084169504942579     
    12987054           2  0.73444942016018988     
    12987054           3   1.3747088847903843     
    12987072           1  0.96231898376506231     
    12987072           2   1.1030890110751681     
    12987072           3  0.93459200515976992     
    12987088           1  0.88276064775738750     
    12987088           2   1.0602705088914797     
    12987088           3   1.0569688433511326     
    12987171           1   1.0415362214717354     
    12987171           2   1.1671419927760196     
    12987171           3  0.79132178575224477     
    12987175           1  0.87508996784372262     
    12987175           2   1.0036443824123245     
    12987175           3   1.1212656497439528     
    12987223           1   1.2680281163939919     
    12987223           2  0.72946662499390358     
    12987223           3   1.0025052586121046     
    12987304           1  0.87154814944406744     
    12987304           2  0.84639110627929715     
    12987304           3   1.2820607442766352     
    12987314           1   1.4176725938665549     
    12987314           2   1.0394313390650332     
    12987314           3  0.54289606706841165     
    12987347           1   1.2140944237472497     
    12987347           2  0.82747421787746800     
    12987347           3  0.95843135837528226     
    12987426           1  0.98193800205581516     
    12987426           2  0.94919204857981698     
    12987426           3   1.0688699493643679     
    12987447           1   1.0116693765443738     
    12987447           2  0.85380592568494917     
    12987447           3   1.1345246977706775     
    12987450           1  0.81865302978405630     
    12987450           2   1.0566601383308056     
    12987450           3   1.1246868318851380     
    12987472           1  0.75669918904208522     
    12987472           2   1.1473415101539339     
    12987472           3   1.0959593008039805     
    12987490           1   1.1111207025777305     
    12987490           2   1.0970569053159496     
    12987490           3  0.79182239210631977     
    12987541           1   1.0665562440020075     
    12987541           2  0.94615156837390524     
    12987541           3  0.98729218762408788     
    12987590           1  0.90155348134051361     
    12987590           2   1.1179343738138769     
    12987590           3  0.98051214484560945     
    12987631           1   1.1530984992112250     
    12987631           2  0.85875203899146912     
    12987631           3  0.98814946179730601     
    12987637           1  0.85800559339606131     
    12987637           2   1.0206001001878655     
    12987637           3   1.1213943064160732     
    12987675           1   1.0117786298978027     
    12987675           2  0.92123805127198921     
    12987675           3   1.0669833188302085     
    12987685           1  0.72529823185972564     
    12987685           2   1.1628525443698008     
    12987685           3   1.1118492237704736     
    12987688           1   1.1724849403264235     
    12987688           2   1.1338927663043175     
    12987688           3  0.69362229336925940     
    12987692           1   1.0822141221666621     
    12987692           2   1.0995615833312606     
    12987692           3  0.81822429450207690     
    12987745           1  0.90237655968229991     
    12987745           2  0.87858931467890011     
    12987745           3   1.2190341256388000     
    12987791           1   1.0221892787581983     
    12987791           2  0.93025992863998896     
    12987791           3   1.0475507926018126     
    12987881           1  0.97997658843044988     
    12987881           2   1.2171412135513737     
    12987881           3  0.80288219801817629     
    12987882           1  0.88842240917865101     
    12987882           2   1.2121296947538263     
    12987882           3  0.89944789606752218     
    12987889           1  0.97060678995355698     
    12987889           2  0.98983142012738790     
    12987889           3   1.0395617899190550     
    12988086           1   1.3831474272971838     
    12988086           2   1.0032449853148562     
    12988086           3  0.61360758738795995     
    12988145           1  0.88031656435721750     
    12988145           2   1.1924824083777159     
    12988145           3  0.92720102726506626     
    12988157           1   1.0862817664337132     
    12988157           2   1.1711063033992444     
    12988157           3  0.74261193016704208     
    12988164           1  0.99030341420159607     
    12988164           2   1.1654883608184392     
    12988164           3  0.84420822497996484     
    12988186           1  0.76706077583943766     
    12988186           2   1.0543827161244450     
    12988186           3   1.1785565080361173     
    12988235           1  0.86174327618368618     
    12988235           2   1.2319783782685574     
    12988235           3  0.90627834554775633     
    12988272           1   1.0303502022236930     
    12988272           2   1.0901351460657416     
    12988272           3  0.87951465171056542     
    12988310           1   1.0812421279405868     
    12988310           2  0.89053734070892177     
    12988310           3   1.0282205313504917     
    12988394           1   1.1258151110869388     
    12988394           2  0.75494734241912997     
    12988394           3   1.1192375464939313     
    12988408           1  0.97113999627749170     
    12988408           2  0.97845660746452856     
    12988408           3   1.0504033962579793     
    12988435           1  0.97853518585659716     
    12988435           2  0.94658928375548346     
    12988435           3   1.0748755303879194     
    12988442           1  0.88545873768444683     
    12988442           2  0.97998995523381482     
    12988442           3   1.1345513070817379     
    12988443           1   1.2363801694824030     
    12988443           2   1.1692981927745638     
    12988443           3  0.59432163774303359     
    12988464           1  0.83302634426234246     
    12988464           2   1.2264545321464557     
    12988464           3  0.94051912359120171     
    12988557           1  0.97092012405811556     
    12988557           2  0.99501257345465277     
    12988557           3   1.0340673024872320     
    12988565           1   1.0317482427156697     
    12988565           2  0.81349388049899918     
    12988565           3   1.1547578767853313     
    12988612           1   1.0067638077195069     
    12988612           2  0.83045744035340674     
    12988612           3   1.1627787519270862     
    12988635           1  0.79119426867910603     
    12988635           2   1.0840797185948758     
    12988635           3   1.1247260127260181     
    12988674           1  0.83160901886899918     
    12988674           2   1.0641161872882832     
    12988674           3   1.1042747938427178     
    12988689           1  0.92325216961168377     
    12988689           2   1.0998787953763967     
    12988689           3  0.97686903501191968     
    12988697           1   1.1746548980951865     
    12988697           2  0.67241898335028238     
    12988697           3   1.1529261185545310     
    12988739           1  0.94243157569566949     
    12988739           2   1.2015618106605308     
    12988739           3  0.85600661364379949     
    12988751           1  0.84325046449076535     
    12988751           2  0.95966833768512205     
    12988751           3   1.1970811978241129     
    12988758           1   1.1531604359610166     
    12988758           2   1.2089678634437520     
    12988758           3  0.63787170059523179     
    12988768           1  0.93905664752892348     
    12988768           2  0.79914181110041904     
    12988768           3   1.2618015413706576     
    12988827           1  0.76891525251569237     
    12988827           2   1.2525456829687980     
    12988827           3  0.97853906451550954     
    12988854           1   1.1593535814242484     
    12988854           2  0.86271640199618682     
    12988854           3  0.97793001657956480     
    12988868           1   1.0932089632925241     
    12988868           2  0.93399295869313936     
    12988868           3  0.97279807801433626     
    12988879           1   1.3460892079212650     
    12988879           2  0.93842571263817220     
    12988879           3  0.71548507944056272     
    12988891           1   1.0666389891842671     
    12988891           2   1.3126996926186649     
    12988891           3  0.62066131819706793     
    12988894           1  0.83792525591717704     
    12988894           2   1.0980537629195981     
    12988894           3   1.0640209811632251     
    12988907           1   1.0736823651480263     
    12988907           2  0.90351199078779310     
    12988907           3   1.0228056440641802     
    12988923           1  0.70285563540047868     
    12988923           2   1.1743254463389394     
    12988923           3   1.1228189182605817     
    12988950           1  0.77406972551501463     
    12988950           2   1.0765106750982627     
    12988950           3   1.1494195993867224     
    12988959           1   1.2595527874690500     
    12988959           2  0.80756240057687700     
    12988959           3  0.93288481195407302     
    12989005           1  0.60619004794118470     
    12989005           2   1.4557036258476341     
    12989005           3  0.93810632621118106     
    12989020           1  0.75809127427563305     
    12989020           2   1.1876267857681795     
    12989020           3   1.0542819399561876     
    12989021           1  0.79285363040450585     
    12989021           2  0.98212988146362967     
    12989021           3   1.2250164881318644     
    12989046           1  0.88772032518144739     
    12989046           2   1.0568326431082224     
    12989046           3   1.0554470317103302     
    12989058           1  0.72493897279311104     
    12989058           2   1.1711453674826908     
    12989058           3   1.1039156597241984     
    12989062           1  0.59579018832556185     
    12989062           2   1.0104169526193114     
    12989062           3   1.3937928590551265     
    12989109           1   1.0144360721683925     
    12989109           2  0.85478929379625868     
    12989109           3   1.1307746340353491     
    12989153           1   1.0215539296804397     
    12989153           2  0.91905286360926153     
    12989153           3   1.0593932067102994     
    12989159           1   1.2700768421528053     
    12989159           2  0.83953313433922494     
    12989159           3  0.89039002350797003     
    12989179           1   1.1712799877584101     
    12989179           2  0.98807016398765402     
    12989179           3  0.84064984825393574     
    12989180           1   1.0894524691274305     
    12989180           2  0.93565593522952384     
    12989180           3  0.97489159564304573     
    12989183           1  0.89749981707550652     
    12989183           2   1.1530500873059892     
    12989183           3  0.94945009561850435     
    12989217           1   1.0778360180668030     
    12989217           2  0.95766731478049139     
    12989217           3  0.96449666715270532     
    12989225           1  0.81234488974562613     
    12989225           2   1.1592441282179062     
    12989225           3   1.0284109820364680     
    12989232           1  0.94271450993330819     
    12989232           2   1.2013965850617807     
    12989232           3  0.85588890500491099     
    12989247           1   1.1377771906928502     
    12989247           2   1.2083469947301668     
    12989247           3  0.65387581457698307     
    12989268           1  0.97716805635487636     
    12989268           2  0.97188956813966909     
    12989268           3   1.0509423755054543     
    12989275           1  0.84948295830263232     
    12989275           2   1.0279907587834896     
    12989275           3   1.1225262829138782     
    12989330           1  0.89997149550984834     
    12989330           2   1.0823210095572160     
    12989330           3   1.0177074949329359     
    12989333           1  0.82453475320147229     
    12989333           2   1.1527846878935466     
    12989333           3   1.0226805589049808     
    12989337           1   1.0723804444081839     
    12989337           2  0.94496954308876124     
    12989337           3  0.98265001250305462     
    12989344           1  0.99907019399276387     
    12989344           2   1.2905353697530735     
    12989344           3  0.71039443625416288     
    12989351           1  0.80037292918239500     
    12989351           2  0.91100055328494511     
    12989351           3   1.2886265175326599     
    12989354           1   1.2546963381622160     
    12989354           2  0.80552805801306171     
    12989354           3  0.93977560382472214     
    12989357           1   1.0505397195153916     
    12989357           2   1.0103461993369438     
    12989357           3  0.93911408114766470     
    12989359           1   1.0924705673102391     
    12989359           2  0.88450237165607914     
    12989359           3   1.0230270610336816     
    12989373           1   1.0046854921203887     
    12989373           2   1.0825223386020781     
    12989373           3  0.91279216927753293     
    12989384           1   1.0970138624273520     
    12989384           2   1.0757357306263504     
    12989384           3  0.82725040694629748     
    12989452           1   1.0579094159853792     
    12989452           2  0.99638847425634591     
    12989452           3  0.94570210975827473     
    12989458           1   1.1547047809956641     
    12989458           2  0.84799635677155594     
    12989458           3  0.99729886223278019     
    12989461           1  0.96871750402873535     
    12989461           2   1.0059787798999069     
    12989461           3   1.0253037160713578     
    12989462           1  0.85455372240387650     
    12989462           2   1.3049428703622639     
    12989462           3  0.84050340723385975     
    12989495           1  0.78539058336306289     
    12989495           2   1.1070053423780843     
    12989495           3   1.1076040742588529     
    12989502           1   1.0545001302438928     
    12989502           2  0.90210888459498761     
    12989502           3   1.0433909851611194     
    12989512           1   1.0546294347057075     
    12989512           2  0.99532317270639226     
    12989512           3  0.95004739258790005     
    12989515           1  0.83547532867671204     
    12989515           2   1.0197155896880397     
    12989515           3   1.1448090816352483     
    12989526           1   1.0796958837384358     
    12989526           2  0.95780786012073438     
    12989526           3  0.96249625614082956     
    12989530           1  0.85442942585006132     
    12989530           2   1.3016667655017315     
    12989530           3  0.84390380864820724     
    12989533           1  0.86338194937064616     
    12989533           2   1.2862748436512039     
    12989533           3  0.85034320697814958     
    12989534           1   1.1125172657935747     
    12989534           2   1.1321307076666070     
    12989534           3  0.75535202653981826     
    12989536           1   1.0775191480431643     
    12989536           2   1.0638806560156018     
    12989536           3  0.85860019594123393     
    12989539           1  0.88448359205049376     
    12989539           2  0.77573947987646963     
    12989539           3   1.3397769280730369     
    12989547           1   1.1443327534118684     
    12989547           2  0.70669831410301576     
    12989547           3   1.1489689324851158     
    12989553           1  0.88314340103341538     
    12989553           2  0.85799407999975674     
    12989553           3   1.2588625189668274     
    12989558           1   1.3599614853115920     
    12989558           2   1.0176316897179434     
    12989558           3  0.62240682497046484     
    12989562           1   1.2417627227261621     
    12989562           2  0.77805879280247559     
    12989562           3  0.98017848447136291     
    12989569           1  0.98289551359815941     
    12989569           2  0.95263035177507283     
    12989569           3   1.0644741346267677     
    12989571           1   1.0588535727386070     
    12989571           2   1.0786441780954239     
    12989571           3  0.86250224916596885     
    12989578           1  0.90999249903609003     
    12989578           2   1.1349415120314734     
    12989578           3  0.95506598893243599     
    12989580           1   1.1312866328460849     
    12989580           2  0.94655213515208836     
    12989580           3  0.92216123200182687     
    12989583           1   1.1695695896545233     
    12989583           2  0.98899430400016486     
    12989583           3  0.84143610634531185     
    12989584           1   1.0605512237579189     
    12989584           2  0.94082446129069841     
    12989584           3  0.99862431495138260     
    12989585           1  0.98710374623820429     
    12989585           2   1.1334832668632078     
    12989585           3  0.87941298689858782     
    12989586           1   1.0140653679456963     
    12989586           2  0.90297564319395296     
    12989586           3   1.0829589888603508     
    12989588           1  0.92011428370772752     
    12989588           2   1.2145944784704179     
    12989588           3  0.86529123782185435     
    12989589           1  0.85105190509496609     
    12989589           2   1.0299081582263214     
    12989589           3   1.1190399366787127     
    12989593           1   1.0599141586045058     
    12989593           2   1.3108128072351131     
    12989593           3  0.62927303416038138     
    12989595           1   1.1954084338352442     
    12989595           2  0.98139950951624344     
    12989595           3  0.82319205664851247     
    12989601           1  0.86778804285493738     
    12989601           2   1.1255618302791413     
    12989601           3   1.0066501268659207     
    12989608           1  0.79623518041590624     
    12989608           2   1.5054502089484247     
    12989608           3  0.69831461063566902     
    12989609           1  0.91985854260236988     
    12989609           2   1.1147207428323338     
    12989609           3  0.96542071456529621     
    12989610           1  0.95189976188627312     
    12989610           2   1.0158850980968872     
    12989610           3   1.0322151400168393     
    12989612           1   1.0461626459397375     
    12989612           2  0.85153332328435394     
    12989612           3   1.1023040307759087     
    12989614           1  0.91901223662148768     
    12989614           2   1.0895522960538648     
    12989614           3  0.99143546732464749     
    12989615           1   1.1145439884695982     
    12989615           2   1.1180032515797398     
    12989615           3  0.76745275995066142     
    12989618           1  0.90675674161944730     
    12989618           2   1.0959689617131916     
    12989618           3  0.99727429666736145     
    12989620           1   1.0053654027826640     
    12989620           2  0.82439811505957028     
    12989620           3   1.1702364821577655     
    12989622           1   1.2081761748217230     
    12989622           2   1.1239883692561958     
    12989622           3  0.66783545592208160     
    12989628           1  0.81416873073860874     
    12989628           2  0.87342677041455263     
    12989628           3   1.3124044988468389     
    12989629           1   1.1959681560894462     
    12989629           2   1.1449675078987407     
    12989629           3  0.65906433601181336     
    12989649           1   1.2372637411918170     
    12989649           2   1.2036030309852042     
    12989649           3  0.55913322782297892     
    12989651           1  0.86335665050303656     
    12989651           2  0.74402024041715764     
    12989651           3   1.3926231090798060     
    12989655           1  0.95658197691201241     
    12989655           2  0.99337646528129842     
    12989655           3   1.0500415578066893     
    12989659           1   1.0098028703235129     
    12989659           2  0.95203426948566339     
    12989659           3   1.0381628601908237     
    12989666           1   1.0719628960824010     
    12989666           2   1.2016330823381780     
    12989666           3  0.72640402157942152     
    12989667           1   1.0118692988545896     
    12989667           2   1.0863948093331555     
    12989667           3  0.90173589181225466     
    12989670           1  0.87558866933039503     
    12989670           2   1.0211556150191747     
    12989670           3   1.1032557156504301     
    12989676           1  0.77328728795749546     
    12989676           2   1.0385894309288928     
    12989676           3   1.1881232811136118     
    12989678           1  0.88530863466630350     
    12989678           2   1.1822323968845474     
    12989678           3  0.93245896844914899     
    12989683           1   1.1399094392690436     
    12989683           2  0.75375130703769655     
    12989683           3   1.1063392536932599     
    12989686           1  0.84389937012495408     
    12989686           2  0.95809824342838235     
    12989686           3   1.1980023864466636     
    12989687           1  0.72535288079953331     
    12989687           2   1.0728748056916109     
    12989687           3   1.2017723135088556     
    12989688           1   1.0882701200105818     
    12989688           2   1.1176156179086334     
    12989688           3  0.79411426208078506     
    12989690           1  0.85062712903760651     
    12989690           2   1.0308914682220749     
    12989690           3   1.1184814027403187     
    12989691           1  0.96783751650981420     
    12989691           2  0.85972883943328904     
    12989691           3   1.1724336440568968     
    12989692           1  0.80480413909364401     
    12989692           2   1.4997573617344833     
    12989692           3  0.69543849917187284     
    12989693           1  0.83830024124683922     
    12989693           2  0.86856554503593464     
    12989693           3   1.2931342137172264     
    12989696           1  0.75837437443209232     
    12989696           2   1.0522171236952835     
    12989696           3   1.1894085018726241     
    12989697           1   1.1353868108482954     
    12989697           2  0.72488474457825525     
    12989697           3   1.1397284445734497     
    12989698           1   1.2099875541559733     
    12989698           2  0.82832130840753726     
    12989698           3  0.96169113743648904     
    12989703           1   1.1656543594789697     
    12989703           2  0.99295005843410267     
    12989703           3  0.84139558208692766     
    12989704           1  0.99109169008405718     
    12989704           2  0.96098498323399473     
    12989704           3   1.0479233266819481     
    12989706           1   1.0388276003255690     
    12989706           2  0.84214395552670485     
    12989706           3   1.1190284441477261     
    12989707           1  0.87876088168457112     
    12989707           2   1.2984954191310862     
    12989707           3  0.82274369918434320     
    12989708           1  0.89253811633176194     
    12989708           2   1.0625682321342929     
    12989708           3   1.0448936515339455     
    12989709           1   1.1029522401614178     
    12989709           2  0.91264474711674715     
    12989709           3  0.98440301272183495     
    12989710           1   1.2848722723239090     
    12989710           2   1.1977385144657320     
    12989710           3  0.51738921321035891     
    12989711           1  0.65176002094609309     
    12989711           2   1.4071075726547142     
    12989711           3  0.94113240639919260     
    12989712           1  0.99496636645239389     
    12989712           2  0.94828712110071622     
    12989712           3   1.0567465124468900     
    12989713           1  0.97831214774150399     
    12989713           2   1.2187018735687591     
    12989713           3  0.80298597868973698     
    12989714           1  0.90806166111184528     
    12989714           2   1.1513624707217094     
    12989714           3  0.94057586816644556     
    12989715           1  0.88288905847021870     
    12989715           2   1.2861426643816043     
    12989715           3  0.83096827714817711     
    12989716           1  0.92300066220677679     
    12989716           2  0.80124220341732433     
    12989716           3   1.2757571343758984     
    12989717           1  0.76965988407881702     
    12989717           2   1.4663499987100601     
    12989717           3  0.76399011721112275     
    12989718           1   1.0067163532184054     
    12989718           2  0.86431345863849907     
    12989718           3   1.1289701881430956     
    12989719           1  0.85168595713232109     
    12989719           2   1.0184652006793096     
    12989719           3   1.1298488421883692     
    12989720           1   1.4304456744390788     
    12989720           2  0.99709280593900795     
    12989720           3  0.57246151962191349     
    12989721           1  0.89592375539145042     
    12989721           2  0.73293139756413672     
    12989721           3   1.3711448470444125     
