    11286351           1  0.29610426599766942     
    11286351           2  0.96207367263878285     
    11286351           3   1.7418220613635473     
    11609449           1  0.75020110067742141     
    11609449           2  0.91017357631136286     
    11609449           3   1.3396253230112158     
    11700940           1  0.81320693482325079     
    11700940           2   1.1076765518033274     
    11700940           3   1.0791165133734220     
    11832090           1  0.16559799374834974     
    11832090           2   1.5002118659761490     
    11832090           3   1.3341901402755010     
    11890196           1  0.52549325819844162     
    11890196           2   1.0227721222374071     
    11890196           3   1.4517346195641514     
    11954854           1  0.98591716002364949     
    11954854           2  0.83002458086714048     
    11954854           3   1.1840582591092104     
    11956215           1   1.2366023296665809     
    11956215           2   1.3515885872433375     
    11956215           3  0.41180908309008174     
    12020115           1  0.92822040812972673     
    12020115           2  0.94095216329661135     
    12020115           3   1.1308274285736619     
    12047592           1  0.84726530220453511     
    12047592           2   1.0624072886076097     
    12047592           3   1.0903274091878552     
    12056221           1  0.65876778101485489     
    12056221           2   1.2066683946389347     
    12056221           3   1.1345638243462102     
    12058447           1   1.2027990196380536     
    12058447           2  0.92156923505107735     
    12058447           3  0.87563174531086907     
    12098741           1   1.1989164135897754     
    12098741           2  0.89755630827244626     
    12098741           3  0.90352727813777867     
    12104042           1  0.73209025657954052     
    12104042           2  0.77046528714914897     
    12104042           3   1.4974444562713103     
    12131205           1   1.0830249433260575     
    12131205           2   1.6358600801837915     
    12131205           3  0.28111497649015077     
    12141355           1  0.96766798358185191     
    12141355           2   1.1590237276211190     
    12141355           3  0.87330828879702915     
    12162576           1   1.1007414045178012     
    12162576           2  0.51523207570028695     
    12162576           3   1.3840265197819119     
    12170079           1  0.48382685215327570     
    12170079           2   1.5814163455180346     
    12170079           3  0.93475680232869007     
    12186728           1  0.51154555989718120     
    12186728           2   1.1944159343408958     
    12186728           3   1.2940385057619233     
    12207598           1  0.99123215534499054     
    12207598           2  0.86650904768695003     
    12207598           3   1.1422587969680593     
    12220209           1  0.72332204223510688     
    12220209           2   1.2305285720278956     
    12220209           3   1.0461493857369977     
    12239813           1  0.91326029417859977     
    12239813           2   1.0369500853615436     
    12239813           3   1.0497896204598560     
    12279672           1   1.0357360690831805     
    12279672           2  0.84615928486562797     
    12279672           3   1.1181046460511916     
    12311296           1  0.63288353057742064     
    12311296           2   1.0813049006249558     
    12311296           3   1.2858115687976237     
    12316579           1  0.98232011835072219     
    12316579           2  0.98347126080878311     
    12316579           3   1.0342086208404944     
    12320533           1  0.58957778801935368     
    12320533           2   1.4358473841347128     
    12320533           3  0.97457482784593341     
    12324037           1  0.65642505454486522     
    12324037           2   1.1686050355431197     
    12324037           3   1.1749699099120150     
    12332681           1  0.78739069485523139     
    12332681           2   1.1642184218390372     
    12332681           3   1.0483908833057316     
    12333459           1   1.6158317177699963     
    12333459           2  0.58190305330105352     
    12333459           3  0.80226522892895069     
    12346720           1  0.32419099932297518     
    12346720           2   1.4308675797450350     
    12346720           3   1.2449414209319900     
    12348160           1  0.27568021832834394     
    12348160           2   1.4050778788892742     
    12348160           3   1.3192419027823816     
    12366731           1  0.42895284350195090     
    12366731           2   1.0196399875308062     
    12366731           3   1.5514071689672433     
    12367557           1   1.4333871111595922     
    12367557           2  0.77048235363993112     
    12367557           3  0.79613053520047672     
    12372879           1  0.60813821046166916     
    12372879           2   1.4495990341076295     
    12372879           3  0.94226275543070159     
    12374569           1  0.62022844705698044     
    12374569           2   1.0617605312502945     
    12374569           3   1.3180110216927248     
    12384259           1  0.97087786407622279     
    12384259           2  0.97798739518326150     
    12384259           3   1.0511347407405158     
    12387628           1   1.0764883121117146     
    12387628           2   1.2242231228165552     
    12387628           3  0.69928856507173054     
    12391413           1  0.77506200723863083     
    12391413           2   1.1723997128320480     
    12391413           3   1.0525382799293213     
    12410582           1  0.80712832142065793     
    12410582           2   1.4168285263253526     
    12410582           3  0.77604315225398990     
    12414380           1   1.6892095044958144     
    12414380           2   1.2123229817164181     
    12414380           3   9.8467513787767899E-002
    12420290           1  0.43249850047544003     
    12420290           2   1.4718894231424582     
    12420290           3   1.0956120763821016     
    12425542           1  0.95693396089710603     
    12425542           2   1.1514385029396605     
    12425542           3  0.89162753616323354     
    12431635           1  0.82771209521588918     
    12431635           2  0.95641618946526674     
    12431635           3   1.2158717153188441     
    12432358           1   1.4087744153342916     
    12432358           2   1.0616687959398483     
    12432358           3  0.52955678872586032     
    12441538           1   1.5404434327376617     
    12441538           2   1.2300741363272638     
    12441538           3  0.22948243093507445     
    12443791           1   1.0465681190798519     
    12443791           2   1.0644230863527269     
    12443791           3  0.88900879456742132     
    12448227           1  0.54324693293023318     
    12448227           2   1.0702343798660725     
    12448227           3   1.3865186872036943     
    12449083           1  0.69681133178523769     
    12449083           2   1.2544544955560892     
    12449083           3   1.0487341726586730     
    12449334           1   1.0314022918035293     
    12449334           2   1.4346191579208318     
    12449334           3  0.53397855027563867     
    12450929           1   1.0759765506475272     
    12450929           2   1.0271346762582905     
    12450929           3  0.89688877309418236     
    12465726           1  0.93970218917365000     
    12465726           2   1.0491810958922585     
    12465726           3   1.0111167149340914     
    12484867           1  0.77462768933549397     
    12484867           2   1.1493283915951893     
    12484867           3   1.0760439190693167     
    12485515           1  0.80089588731191230     
    12485515           2  0.97410119190091149     
    12485515           3   1.2250029207871764     
    12485971           1  0.96810047742359739     
    12485971           2   1.1090990955952640     
    12485971           3  0.92280042698113873     
    12486823           1  0.85104058654582404     
    12486823           2   1.1217064173643736     
    12486823           3   1.0272529960898025     
    12487186           1   1.0315719734968116     
    12487186           2  0.98086547724128681     
    12487186           3  0.98756254926190101     
    12503128           1  0.93219949288382664     
    12503128           2  0.79167212379874941     
    12503128           3   1.2761283833174240     
    12505975           1   1.9226830212284309     
    12505975           2  0.22861464101865997     
    12505975           3  0.84870233775290893     
    12508299           1  0.96260066005596312     
    12508299           2  0.86426633616369453     
    12508299           3   1.1731330037803425     
    12522337           1   1.0053705152741645     
    12522337           2   1.1278415127771153     
    12522337           3  0.86678797194872037     
    12527173           1  0.66598579313167217     
    12527173           2   1.2984748068861751     
    12527173           3   1.0355393999821529     
    12533357           1  0.13527682513091896     
    12533357           2   1.6035205647634283     
    12533357           3   1.2612026101056530     
    12533790           1  0.48776937772291762     
    12533790           2   1.6212738072720700     
    12533790           3  0.89095681500501278     
    12535484           1  0.66432634070861518     
    12535484           2   1.2008482997796248     
    12535484           3   1.1348253595117599     
    12537800           1  0.96061305123540330     
    12537800           2  0.57374580410917442     
    12537800           3   1.4656411446554223     
    12563919           1   1.4885779049179302     
    12563919           2  0.40884958588501935     
    12563919           3   1.1025725091970504     
    12564448           1  0.97712513610160689     
    12564448           2  0.75877947532959211     
    12564448           3   1.2640953885688007     
    12565763           1   1.0290214877803330     
    12565763           2  0.68943762014284837     
    12565763           3   1.2815408920768185     
    12574513           1  0.80926922860613359     
    12574513           2   1.0833987794773818     
    12574513           3   1.1073319919164848     
    12577623           1   1.2844519457097447     
    12577623           2  0.89443637554807909     
    12577623           3  0.82111167874217650     
    12587937           1   1.6487035558136924     
    12587937           2  0.28251152286130626     
    12587937           3   1.0687849213250014     
    12588861           1  0.80788021125655929     
    12588861           2  0.78829588038575682     
    12588861           3   1.4038239083576840     
    12597654           1  0.71567700008861623     
    12597654           2   1.1840473704505201     
    12597654           3   1.1002756294608635     
    12597968           1   1.2662247006579699     
    12597968           2  0.57056753426483908     
    12597968           3   1.1632077650771913     
    12598151           1  0.52605155593534014     
    12598151           2   1.3304293686109974     
    12598151           3   1.1435190754536628     
    12602535           1   1.0131956113196861     
    12602535           2  0.93368585276754501     
    12602535           3   1.0531185359127693     
    12609454           1  0.46738408823282046     
    12609454           2   1.2074039661409091     
    12609454           3   1.3252119456262701     
    12612889           1  0.98016175058984401     
    12612889           2  0.95865217677235304     
    12612889           3   1.0611860726378033     
    12614319           1  0.67537811749486687     
    12614319           2  0.99646739686355190     
    12614319           3   1.3281544856415810     
    12617807           1   1.0408706551980191     
    12617807           2  0.89466286901306014     
    12617807           3   1.0644664757889206     
    12621670           1  0.83558401416624717     
    12621670           2  0.88852378151532729     
    12621670           3   1.2758922043184258     
    12625551           1  0.91992416605091809     
    12625551           2  0.94472011571873171     
    12625551           3   1.1353557182303500     
    12626607           1   1.0945593510580591     
    12626607           2  0.78096337293975993     
    12626607           3   1.1244772760021813     
    12627273           1   1.5036984658823671     
    12627273           2  0.54941342265206483     
    12627273           3  0.94688811146556862     
    12628381           1  0.79060311312851639     
    12628381           2  0.78414843790007371     
    12628381           3   1.4252484489714097     
    12631793           1  0.98669512244382196     
    12631793           2  0.92885218060525643     
    12631793           3   1.0844526969509216     
    12641248           1  0.89384801607037223     
    12641248           2  0.98900590858583171     
    12641248           3   1.1171460753437961     
    12643741           1  0.92923188293779257     
    12643741           2  0.81181385524412752     
    12643741           3   1.2589542618180800     
    12649783           1  0.87968894288734645     
    12649783           2   1.0808196090281619     
    12649783           3   1.0394914480844915     
    12656152           1   1.1533666937627711     
    12656152           2  0.96823305545131388     
    12656152           3  0.87840025078591455     
    12659975           1   1.4087197595020604     
    12659975           2  0.45903727487966295     
    12659975           3   1.1322429656182769     
    12660334           1  0.81053984821262626     
    12660334           2   1.1626821437355650     
    12660334           3   1.0267780080518092     
    12661202           1  0.97490935721739247     
    12661202           2  0.87335352873585281     
    12661202           3   1.1517371140467549     
    12670210           1  0.41053211881772250     
    12670210           2   1.3155238035684316     
    12670210           3   1.2739440776138455     
    12671456           1   1.3302828866655598     
    12671456           2  0.33823856570934679     
    12671456           3   1.3314785476250939     
    12671644           1  0.81961924546210707     
    12671644           2   1.3718167003696264     
    12671644           3  0.80856405416826660     
    12672040           1  0.98836736783102364     
    12672040           2  0.92534201083912071     
    12672040           3   1.0862906213298555     
    12672501           1  0.93841427075770267     
    12672501           2  0.71987193863128218     
    12672501           3   1.3417137906110150     
    12676798           1  0.73466676170043466     
    12676798           2   1.0526717724537060     
    12676798           3   1.2126614658458590     
    12676896           1  0.73311814207668280     
    12676896           2  0.92755757773033165     
    12676896           3   1.3393242801929854     
    12682378           1  0.25209828261644313     
    12682378           2   1.2767256805146787     
    12682378           3   1.4711760368688784     
    12684151           1  0.98458493264397717     
    12684151           2  0.67900542169961053     
    12684151           3   1.3364096456564125     
    12686047           1   1.3998954035166085     
    12686047           2  0.46233554662426091     
    12686047           3   1.1377690498591302     
    12687127           1   1.0100220585317310     
    12687127           2   1.0724536629370636     
    12687127           3  0.91752427853120577     
    12688720           1  0.62559755072478751     
    12688720           2   1.1566047970660254     
    12688720           3   1.2177976522091871     
    12692015           1  0.97382705280606741     
    12692015           2  0.88735905805597814     
    12692015           3   1.1388138891379544     
    12693840           1  0.72472283118550285     
    12693840           2  0.95309084186286475     
    12693840           3   1.3221863269516321     
    12699727           1   1.5437592690269204     
    12699727           2   1.0127323918367690     
    12699727           3  0.44350833913631021     
    12702589           1  0.95874180904468043     
    12702589           2  0.76715740461855908     
    12702589           3   1.2741007863367604     
    12703684           1   1.2338506863794871     
    12703684           2  0.84383535002641530     
    12703684           3  0.92231396359409756     
    12703885           1  0.49169921883860818     
    12703885           2   1.4200101904689222     
    12703885           3   1.0882905906924696     
    12704390           1   1.5303334337635210     
    12704390           2  0.85764306319945216     
    12704390           3  0.61202350303702702     
    12706945           1  0.62428658812836024     
    12706945           2   1.1327551766440094     
    12706945           3   1.2429582352276303     
    12708033           1  0.75811246381990560     
    12708033           2  0.94037687237701284     
    12708033           3   1.3015106638030813     
    12711041           1  0.92599791259625652     
    12711041           2  0.74915685878503524     
    12711041           3   1.3248452286187078     
    12714238           1  0.78823673072436684     
    12714238           2   1.1890340246013951     
    12714238           3   1.0227292446742382     
    12714880           1   1.2168883967762716     
    12714880           2  0.31912027456403691     
    12714880           3   1.4639913286596913     
    12716040           1   1.2590887186592841     
    12716040           2  0.47795961578692220     
    12716040           3   1.2629516655537945     
    12718666           1  0.59592022950489520     
    12718666           2   1.8610640958493474     
    12718666           3  0.54301567464575728     
    12730315           1  0.31902164132274002     
    12730315           2   1.0714895477354622     
    12730315           3   1.6094888109417971     
    12736059           1   1.4815637817628533     
    12736059           2  0.64417707941136360     
    12736059           3  0.87425913882578310     
    12736612           1  0.56806670885195854     
    12736612           2   1.3435228332233657     
    12736612           3   1.0884104579246761     
    12737542           1  0.34143297133558703     
    12737542           2   1.1913642482561702     
    12737542           3   1.4672027804082430     
    12740549           1   1.0522563873361275     
    12740549           2   1.1016721588646832     
    12740549           3  0.84607145379918935     
    12741556           1  0.62745519636962843     
    12741556           2   1.1855618766638738     
    12741556           3   1.1869829269664975     
    12746505           1  0.95340797771144647     
    12746505           2  0.93165663011173883     
    12746505           3   1.1149353921768148     
    12746731           1  0.89868868325273543     
    12746731           2  0.82483069773933726     
    12746731           3   1.2764806190079272     
    12746992           1  0.55148463952684601     
    12746992           2   1.1783200225180626     
    12746992           3   1.2701953379550917     
    12749158           1  0.64981297760306811     
    12749158           2   1.2832551227442950     
    12749158           3   1.0669318996526367     
    12749801           1  0.63069272065474857     
    12749801           2   1.1529512111697791     
    12749801           3   1.2163560681754719     
    12751963           1  0.89456405527486915     
    12751963           2  0.87293862353590190     
    12751963           3   1.2324973211892289     
    12753638           1  0.72512433829355250     
    12753638           2   1.0697498098662905     
    12753638           3   1.2051258518401571     
    12756308           1  0.92772943397090535     
    12756308           2  0.92411905994963828     
    12756308           3   1.1481515060794565     
    12758787           1  0.71875179925179133     
    12758787           2   1.3107809032154003     
    12758787           3  0.97046729753280858     
    12761029           1   1.3334442264974871     
    12761029           2   1.0420394434042599     
    12761029           3  0.62451633009825325     
    12761262           1   7.0539925378262591E-002
    12761262           2   1.4365124685954513     
    12761262           3   1.4929476060262863     
    12761584           1   1.2452780037665230     
    12761584           2  0.78444304114137320     
    12761584           3  0.97027895509210349     
    12766504           1   1.0586691885943682     
    12766504           2   1.2235641739113179     
    12766504           3  0.71776663749431413     
    12773967           1  0.46304168135502566     
    12773967           2   1.1072014422513725     
    12773967           3   1.4297568763936017     
    12775118           1  0.46603994626228590     
    12775118           2   1.2861647639175251     
    12775118           3   1.2477952898201889     
    12776533           1  0.73340670013561149     
    12776533           2   1.5059400472217601     
    12776533           3  0.76065325264262817     
    12778522           1   1.2460135040341020     
    12778522           2  0.52285952808516567     
    12778522           3   1.2311269678807322     
    12780867           1  0.75390858606857325     
    12780867           2   1.1350238895009750     
    12780867           3   1.1110675244304518     
    12781660           1  0.75564002459778046     
    12781660           2   1.1376306035378858     
    12781660           3   1.1067293718643338     
    12782795           1  0.59032159852492849     
    12782795           2  0.97459987821011129     
    12782795           3   1.4350785232649599     
    12783346           1   1.0430737021079619     
    12783346           2  0.22271126518478557     
    12783346           3   1.7342150327072530     
    12784647           1  0.94551900552090640     
    12784647           2   1.4278884205515587     
    12784647           3  0.62659257392753487     
    12788397           1   1.1169635083157379     
    12788397           2  0.52282527440956761     
    12788397           3   1.3602112172746943     
    12788734           1  0.70351719794370848     
    12788734           2   2.0242750501970685     
    12788734           3  0.27220775185922291     
    12788812           1  0.89822088636304576     
    12788812           2  0.87105536263557126     
    12788812           3   1.2307237510013833     
    12789918           1   1.8043163906572846     
    12789918           2  0.41188349509042077     
    12789918           3  0.78380011425229534     
    12790547           1  0.77062267363158576     
    12790547           2   1.5281080337721453     
    12790547           3  0.70126929259626913     
    12794030           1  0.82347278911679211     
    12794030           2  0.98757238800087110     
    12794030           3   1.1889548228823368     
    12794490           1  0.63473460006223792     
    12794490           2   1.1074644195506103     
    12794490           3   1.2578009803871519     
    12795825           1   1.0749137683706689     
    12795825           2  0.99745361362507012     
    12795825           3  0.92763261800426089     
    12796104           1   1.3379542760825116     
    12796104           2   1.0179978732265715     
    12796104           3  0.64404785069091675     
    12799722           1  0.84063086162953005     
    12799722           2  0.80593966812199169     
    12799722           3   1.3534294702484782     
    12799989           1  0.81506888961757773     
    12799989           2   1.0651280320475391     
    12799989           3   1.1198030783348829     
    12803166           1  0.83242079982067796     
    12803166           2   1.2016495504313995     
    12803166           3  0.96592964974792261     
    12804239           1   1.0333317595638019     
    12804239           2   1.2180085127118976     
    12804239           3  0.74865972772430112     
    12807260           1   1.5410965978730158     
    12807260           2  0.44221512605648811     
    12807260           3   1.0166882760704963     
    12810611           1  0.65331477477780919     
    12810611           2  0.96262390458396430     
    12810611           3   1.3840613206382264     
    12810785           1  0.53302842709552811     
    12810785           2   1.4166937069902479     
    12810785           3   1.0502778659142240     
    12811794           1  0.95064187113086029     
    12811794           2  0.89974485006104532     
    12811794           3   1.1496132788080946     
    12812935           1  0.75773533962156536     
    12812935           2  0.87370216177957960     
    12812935           3   1.3685624985988549     
    12813218           1   1.0408955758726268     
    12813218           2  0.54797658723941167     
    12813218           3   1.4111278368879621     
    12813576           1  0.65950967446897824     
    12813576           2   1.1030565614189831     
    12813576           3   1.2374337641120390     
    12813837           1   1.5727497459163062     
    12813837           2   1.1142828589935752     
    12813837           3  0.31296739509011873     
    12815272           1   1.7130380328539756     
    12815272           2   1.0351945471791692E-002
    12815272           3   1.2766100216742327     
    12816007           1   1.0209479166467974     
    12816007           2  0.99346873108275358     
    12816007           3  0.98558335227044902     
    12818241           1   1.2670731639341957     
    12818241           2  0.67396119875049343     
    12818241           3   1.0589656373153111     
    12818660           1   1.5694818195792459     
    12818660           2  0.76449446847854152     
    12818660           3  0.66602371194221210     
    12819115           1  0.84452637365319294     
    12819115           2   1.2312577857954605     
    12819115           3  0.92421584055134653     
    12820022           1  0.96646359472423438     
    12820022           2   1.1613150624045476     
    12820022           3  0.87222134287121800     
    12821263           1  0.28016586442101643     
    12821263           2   1.6231070082388619     
    12821263           3   1.0967271273401218     
    12827273           1  0.32830684800835980     
    12827273           2   1.2461155815266822     
    12827273           3   1.4255775704649580     
    12827889           1  0.68553117788456619     
    12827889           2   1.2251493721314664     
    12827889           3   1.0893194499839680     
    12832731           1  0.52807180261029429     
    12832731           2   1.2358722087862661     
    12832731           3   1.2360559886034395     
    12834387           1  0.81963502219387485     
    12834387           2  0.88546810604168769     
    12834387           3   1.2948968717644374     
    12834809           1   1.0903659223316524     
    12834809           2  0.76534832824647070     
    12834809           3   1.1442857494218768     
    12835053           1  0.73588438474794771     
    12835053           2   1.1558431163147631     
    12835053           3   1.1082724989372890     
    12835545           1  0.95951441497565881     
    12835545           2  0.89718154196783029     
    12835545           3   1.1433040430565113     
    12837377           1   1.2102604625884192     
    12837377           2  0.82713733415681390     
    12837377           3  0.96260220325476720     
    12839777           1   1.5898921885621657     
    12839777           2   1.0937291771252731     
    12839777           3  0.31637863431256136     
    12841079           1  0.96748346212238201     
    12841079           2   1.0183739255767930     
    12841079           3   1.0141426123008248     
    12841762           1  0.65543601282832520     
    12841762           2   1.0797110877772262     
    12841762           3   1.2648528993944490     
    12842712           1   1.0196281153045781     
    12842712           2   1.5022651770550188     
    12842712           3  0.47810670764040281     
    12844558           1  0.94928801939877216     
    12844558           2  0.97406198252809628     
    12844558           3   1.0766499980731317     
    12845691           1  0.91573143823255898     
    12845691           2   1.1076222965153177     
    12845691           3  0.97664626525212317     
    12847696           1  0.88665176855649763     
    12847696           2   1.2560328969944790     
    12847696           3  0.85731533444902364     
    12850933           1  0.51254063000601058     
    12850933           2  0.93818246596533494     
    12850933           3   1.5492769040286545     
    12852681           1   1.0354973342366498     
    12852681           2   1.0006792890376166     
    12852681           3  0.96382337672573370     
    12856385           1  0.89571864093049391     
    12856385           2  0.85622162494551524     
    12856385           3   1.2480597341239910     
    12856510           1  0.84680976007638353     
    12856510           2   1.2393981135108365     
    12856510           3  0.91379212641278029     
    12857260           1  0.98506658117258417     
    12857260           2  0.82542865123310094     
    12857260           3   1.1895047675943151     
    12858042           1  0.49389316298199848     
    12858042           2   1.1154543767594329     
    12858042           3   1.3906524602585686     
    12858542           1  0.75289258046052832     
    12858542           2  0.95455813571661907     
    12858542           3   1.2925492838228523     
    12858591           1  0.71563683843928250     
    12858591           2   1.2435356132356385     
    12858591           3   1.0408275483250793     
    12859937           1   1.1745417672099050     
    12859937           2  0.85486830935943536     
    12859937           3  0.97058992343065931     
    12861948           1  0.54794861396277972     
    12861948           2   1.0476812474769557     
    12861948           3   1.4043701385602647     
    12863466           1  0.60275441308464806     
    12863466           2   1.3793479992637898     
    12863466           3   1.0178975876515621     
    12863476           1  0.55598750450791479     
    12863476           2   1.1634460289570532     
    12863476           3   1.2805664665350316     
    12864824           1   1.2134418301659169     
    12864824           2  0.47474767770656445     
    12864824           3   1.3118104921275184     
    12864928           1   1.3978604979196609     
    12864928           2   1.2270858563609146     
    12864928           3  0.37505364571942462     
    12867294           1  0.95408564075536084     
    12867294           2  0.65070885357651820     
    12867294           3   1.3952055056681207     
    12868253           1   1.2047670597750164     
    12868253           2  0.99715129682244674     
    12868253           3  0.79808164340253618     
    12869146           1  0.82857556582570047     
    12869146           2  0.71671487370793852     
    12869146           3   1.4547095604663607     
    12870034           1   1.1242968622146994     
    12870034           2   1.0013390095812809     
    12870034           3  0.87436412820402021     
    12870670           1  0.66022618144108658     
    12870670           2   1.0628714977872809     
    12870670           3   1.2769023207716328     
    12875789           1   1.0942581125581448     
    12875789           2  0.51699086725278587     
    12875789           3   1.3887510201890700     
    12877079           1  0.65217937163198669     
    12877079           2   1.3136203191127518     
    12877079           3   1.0342003092552612     
    12878552           1  0.73128307060169795     
    12878552           2   1.1140035989364834     
    12878552           3   1.1547133304618187     
    12881895           1  0.71281766758895815     
    12881895           2  0.99004296202968756     
    12881895           3   1.2971393703813543     
    12882837           1  0.79878399048724225     
    12882837           2   1.1400713220570693     
    12882837           3   1.0611446874556887     
    12885990           1  0.75127925206020452     
    12885990           2  0.50491292461742943     
    12885990           3   1.7438078233223655     
    12890107           1   1.0256505028760772     
    12890107           2   1.0640310658650900     
    12890107           3  0.91031843125883272     
    12891571           1   1.2197732472045453     
    12891571           2  0.91789130382573769     
    12891571           3  0.86233544896971714     
    12892399           1  0.89075539361661638     
    12892399           2   1.0566763986252203     
    12892399           3   1.0525682077581635     
    12894582           1  0.36446273920090699     
    12894582           2   1.2017766785779012     
    12894582           3   1.4337605822211923     
    12894826           1   1.5282478733982623     
    12894826           2  0.85460311105987163     
    12894826           3  0.61714901554186641     
    12895235           1   1.2270862190614533     
    12895235           2  0.78916278744341728     
    12895235           3  0.98375099349512940     
    12899457           1   1.0111462599731973     
    12899457           2  0.93179732271649751     
    12899457           3   1.0570564173103056     
    12901240           1  0.17037813257388759     
    12901240           2   1.5838727087930320     
    12901240           3   1.2457491586330804     
    12903703           1  0.63033915928291295     
    12903703           2   1.0948163657751899     
    12903703           3   1.2748444749418966     
    12905023           1  0.95559303202080015     
    12905023           2  0.90577542688481516     
    12905023           3   1.1386315410943846     
    12906558           1  0.69567118740073053     
    12906558           2   1.2524019180742281     
    12906558           3   1.0519268945250420     
    12906840           1   1.0789772997705633     
    12906840           2   1.0384506516763377     
    12906840           3  0.88257204855309912     
    12908205           1  0.77377580587552031     
    12908205           2   1.1754325824071563     
    12908205           3   1.0507916117173233     
    12908957           1   1.0348333679215693     
    12908957           2  0.95787489528305292     
    12908957           3   1.0072917367953778     
    12909504           1  0.64626893979245503     
    12909504           2   1.0938172910959696     
    12909504           3   1.2599137691115754     
    12911156           1  0.79623948719743121     
    12911156           2   1.3712812874720655     
    12911156           3  0.83247922533050345     
    12911393           1  0.63163791270326486     
    12911393           2   1.3579387342143894     
    12911393           3   1.0104233530823457     
    12911813           1  0.97298912737293008     
    12911813           2  0.97696981775135749     
    12911813           3   1.0500410548757124     
    12911922           1  0.62212042243183274     
    12911922           2   1.3196539615686533     
    12911922           3   1.0582256159995138     
    12912437           1  0.73046286000595040     
    12912437           2   1.2426766606821764     
    12912437           3   1.0268604793118734     
    12913149           1  0.96777388408678433     
    12913149           2  0.92511693300729003     
    12913149           3   1.1071091829059254     
    12916511           1  0.72439279276805124     
    12916511           2  0.92061452724057202     
    12916511           3   1.3549926799913763     
    12917028           1  0.34125240919233712     
    12917028           2   1.1923207204633379     
    12917028           3   1.4664268703443251     
    12917611           1   1.5466999839170223     
    12917611           2   1.2248012870516962     
    12917611           3  0.22849872903128160     
    12918622           1   1.0099980667046606     
    12918622           2  0.77175523965977855     
    12918622           3   1.2182466936355605     
    12919049           1  0.51295010472512625     
    12919049           2   1.3112303263808851     
    12919049           3   1.1758195688939885     
    12919461           1  0.92430924784275281     
    12919461           2   1.0898960779174316     
    12919461           3  0.98579467423981593     
    12920385           1   1.9295702278094746     
    12920385           2  0.99813278980276932     
    12920385           3   7.2296982387756448E-002
    12920558           1  0.67881855029800020     
    12920558           2   1.4826767691717346     
    12920558           3  0.83850468053026506     
    12920579           1  0.58057230813720140     
    12920579           2   1.2385856791677627     
    12920579           3   1.1808420126950359     
    12921658           1  0.76959294768467790     
    12921658           2   1.1032418786128670     
    12921658           3   1.1271651737024553     
    12925849           1  0.73871133615489182     
    12925849           2  0.89623374063663097     
    12925849           3   1.3650549232084774     
    12927279           1  0.68334989125874879     
    12927279           2   1.2263040223538080     
    12927279           3   1.0903460863874432     
    12927462           1  0.54423587688827524     
    12927462           2  0.87371086756662386     
    12927462           3   1.5820532555451010     
    12927961           1  0.60153969386945372     
    12927961           2  0.91375804051502263     
    12927961           3   1.4847022656155238     
    12928971           1  0.65900473657723579     
    12928971           2   1.0300297300377974     
    12928971           3   1.3109655333849664     
    12929081           1  0.47813369258985017     
    12929081           2   1.1316006252131616     
    12929081           3   1.3902656821969883     
    12929150           1  0.55795828781387768     
    12929150           2   1.0091038825310081     
    12929150           3   1.4329378296551138     
    12929621           1  0.62551024954590573     
    12929621           2   1.1564433946401891     
    12929621           3   1.2180463558139052     
    12932460           1  0.56639241542182162     
    12932460           2   1.0534361616554022     
    12932460           3   1.3801714229227762     
    12933202           1   1.5174581674601775     
    12933202           2  0.64573262315411373     
    12933202           3  0.83680920938570857     
    12933766           1  0.75224986492096924     
    12933766           2  0.91265921793050331     
    12933766           3   1.3350909171485275     
    12934127           1  0.97143155687389260     
    12934127           2  0.95011356648236300     
    12934127           3   1.0784548766437445     
    12934241           1   2.1151791867050456     
    12934241           2   2.9963077351696260E-002
    12934241           3  0.85485773594325842     
    12935458           1  0.99709676920940282     
    12935458           2  0.95061450718764173     
    12935458           3   1.0522887236029557     
    12935485           1  0.65906982852436702     
    12935485           2   1.0856971352649509     
    12935485           3   1.2552330362106818     
    12935617           1  0.88721128914770953     
    12935617           2  0.98166264438187867     
    12935617           3   1.1311260664704121     
    12935949           1   1.1607289278648132     
    12935949           2  0.86420474640193068     
    12935949           3  0.97506632573325636     
    12936108           1   1.2635387457891876     
    12936108           2  0.57145145425562993     
    12936108           3   1.1650097999551827     
    12937200           1   1.0069284083936809     
    12937200           2  0.97982656300784066     
    12937200           3   1.0132450285984782     
    12937977           1  0.71392625008512534     
    12937977           2   1.3221219667275763     
    12937977           3  0.96395178318729879     
    12938596           1   1.3803573367728152     
    12938596           2  0.95518335260187615     
    12938596           3  0.66445931062530872     
    12939849           1   1.0004039540875795     
    12939849           2  0.95536705455909510     
    12939849           3   1.0442289913533251     
    12940775           1  0.66879045213560773     
    12940775           2   1.2250269738223938     
    12940775           3   1.1061825740419984     
    12940811           1  0.89591907524485670     
    12940811           2  0.85614006921932917     
    12940811           3   1.2479408555358140     
    12940885           1  0.86835112255982994     
    12940885           2   1.1126707235242017     
    12940885           3   1.0189781539159686     
    12941717           1  0.26866767377076600     
    12941717           2   1.4237617343158606     
    12941717           3   1.3075705919133733     
    12942258           1  0.93030418236225820     
    12942258           2  0.71365056579241248     
    12942258           3   1.3560452518453292     
    12943529           1  0.62520162627515719     
    12943529           2   1.0908315949327851     
    12943529           3   1.2839667787920577     
    12945613           1  0.80474214531377330     
    12945613           2  0.79688684879490446     
    12945613           3   1.3983710058913219     
    12946220           1  0.68370445253194156     
    12946220           2  0.97176703527455921     
    12946220           3   1.3445285121934991     
    12946632           1  0.57224508034741894     
    12946632           2   1.0647922128712459     
    12946632           3   1.3629627067813355     
    12947329           1   1.9346306990940665     
    12947329           2  0.27121000301296594     
    12947329           3  0.79415929789296780     
    12947632           1  0.41520829315960817     
    12947632           2   1.1741472432406648     
    12947632           3   1.4106444635997273     
    12949564           1  0.93728270730434715     
    12949564           2  0.96765647666865340     
    12949564           3   1.0950608160269997     
    12950558           1   1.2012727849559337     
    12950558           2  0.92420656104324883     
    12950558           3  0.87452065400081735     
    12950590           1  0.85376613920507549     
    12950590           2   1.1839044849947882     
    12950590           3  0.96232937580013644     
    12951530           1  0.62585351352140461     
    12951530           2   1.1020438897750435     
    12951530           3   1.2721025967035520     
    12952179           1  0.97651624034322237     
    12952179           2  0.87805365167346749     
    12952179           3   1.1454301079833107     
    12952870           1  0.89657323338162465     
    12952870           2   1.1323618879906123     
    12952870           3  0.97106487862776325     
    12952903           1  0.63910618033654831     
    12952903           2   1.1206331663961406     
    12952903           3   1.2402606532673106     
    12953107           1  0.60321359051332779     
    12953107           2   1.4186114275959270     
    12953107           3  0.97817498189074559     
    12953298           1  0.79480489056123516     
    12953298           2   1.1493364577544767     
    12953298           3   1.0558586516842881     
    12953469           1   1.1526687195478649     
    12953469           2  0.83257988693057317     
    12953469           3   1.0147513935215624     
    12955343           1  0.79503750567130826     
    12955343           2   1.6825335137502808     
    12955343           3  0.52242898057841092     
    12956607           1  0.83937449266292441     
    12956607           2  0.68695653898951359     
    12956607           3   1.4736689683475617     
    12957526           1  0.97052957431478826     
    12957526           2   1.0963994332896501     
    12957526           3  0.93307099239556190     
    12957913           1  0.70482274377756893     
    12957913           2   1.1269963610255525     
    12957913           3   1.1681808951968786     
    12958905           1  0.95762976022668544     
    12958905           2   1.1035611254630842     
    12958905           3  0.93880911431023029     
    12958928           1  0.94805848519620350     
    12958928           2  0.76475712494491421     
    12958928           3   1.2871843898588824     
    12958936           1   1.0026802672176056     
    12958936           2  0.95754089099926654     
    12958936           3   1.0397788417831280     
    12959538           1  0.82815569995395288     
    12959538           2  0.96202635841194606     
    12959538           3   1.2098179416341008     
    12959634           1  0.87508885008582149     
    12959634           2   1.2487100697606228     
    12959634           3  0.87620108015355558     
    12959787           1  0.54867148852202108     
    12959787           2   1.5906022287478847     
    12959787           3  0.86072628273009411     
    12960173           1   1.1603301721099268     
    12960173           2  0.84452466504163559     
    12960173           3  0.99514516284843735     
    12960897           1  0.53412926627508095     
    12960897           2   1.3047925126794155     
    12960897           3   1.1610782210455035     
    12961454           1  0.96775056889886701     
    12961454           2   1.1644536737177535     
    12961454           3  0.86779575738337966     
    12961825           1  0.90141323188477629     
    12961825           2   1.0624153057076493     
    12961825           3   1.0361714624075746     
    12962076           1   1.6835882104370241     
    12962076           2   1.2082886544430278     
    12962076           3  0.10812313511994778     
    12963315           1  0.86116921539988345     
    12963315           2   1.2392190700925303     
    12963315           3  0.89961171450758637     
    12964338           1  0.95612401576793926     
    12964338           2  0.89733798357196393     
    12964338           3   1.1465380006600969     
    12964369           1  0.99851795318989811     
    12964369           2  0.94358823485396925     
    12964369           3   1.0578938119561323     
    12965020           1   1.0237670450842780     
    12965020           2   1.2345029634273650     
    12965020           3  0.74172999148835717     
    12965655           1  0.93252114973959777     
    12965655           2   1.4339699381990596     
    12965655           3  0.63350891206134274     
    12965685           1  0.93959286674642239     
    12965685           2  0.78884151805719160     
    12965685           3   1.2715656151963861     
    12967319           1  0.76987635963445566     
    12967319           2  0.90221379785508915     
    12967319           3   1.3279098425104552     
    12968110           1   1.2168664257028825     
    12968110           2  0.58080545494597102     
    12968110           3   1.2023281193511466     
    12968296           1  0.74696041185678208     
    12968296           2   1.5404589878735178     
    12968296           3  0.71258060026970005     
    12968461           1  0.60926399547936394     
    12968461           2   1.4241206462443570     
    12968461           3  0.96661535827627920     
    12969411           1  0.63029293855481339     
    12969411           2   1.0949560667178349     
    12969411           3   1.2747509947273521     
    12971980           1   1.5320081226127835     
    12971980           2  0.85858160720750876     
    12971980           3  0.60941027017970806     
    12972020           1  0.99004829257198634     
    12972020           2   1.1563739083856928     
    12972020           3  0.85357779904232078     
    12972913           1  0.55593384972056115     
    12972913           2   1.0442694177707150     
    12972913           3   1.3997967325087237     
    12973071           1   1.0562525439169750     
    12973071           2   1.0944628747146830     
    12973071           3  0.84928458136834206     
    12973195           1  0.47803579450555628     
    12973195           2   1.6487866991094420     
    12973195           3  0.87317750638500169     
    12973924           1  0.54522320406632041     
    12973924           2  0.87529591280515928     
    12973924           3   1.5794808831285201     
    12975015           1  0.73387468765098596     
    12975015           2   1.0585576096845082     
    12975015           3   1.2075677026645055     
    12975208           1  0.72467576712565318     
    12975208           2   1.1310439914705286     
    12975208           3   1.1442802414038180     
    12975294           1  0.72631725446303774     
    12975294           2   1.1164419538402799     
    12975294           3   1.1572407916966827     
    12975295           1   1.3175717947108196     
    12975295           2  0.33500663545265708     
    12975295           3   1.3474215698365235     
    12975546           1   1.0367110622966376     
    12975546           2  0.98575195624394873     
    12975546           3  0.97753698145941337     
    12975908           1  0.64621332118287489     
    12975908           2   1.3200472251456259     
    12975908           3   1.0337394536714994     
    12976945           1  0.56090978789114987     
    12976945           2   1.1827074940686577     
    12976945           3   1.2563827180401921     
    12977063           1  0.59024275248174940     
    12977063           2   1.2592164838211521     
    12977063           3   1.1505407636970988     
    12978104           1   3.7344708992539562E-002
    12978104           2   1.4527903290274533     
    12978104           3   1.5098649619800071     
    12978410           1  0.72859210853638401     
    12978410           2  0.78111867643115973     
    12978410           3   1.4902892150324565     
    12979217           1   1.8478974125266583     
    12979217           2  0.40984321793188494     
    12979217           3  0.74225936954145666     
    12979435           1   1.5251126664141172     
    12979435           2   1.0367359979158917     
    12979435           3  0.43815133566999132     
    12979570           1   1.0463270525269786     
    12979570           2  0.54645736141149370     
    12979570           3   1.4072155860615276     
    12979783           1   1.3028139889393031     
    12979783           2  0.33125430645014942     
    12979783           3   1.3659317046105470     
    12980024           1  0.59834756685124812     
    12980024           2   1.8564249151027161     
    12980024           3  0.54522751804603553     
    12980274           1  0.80299841441503961     
    12980274           2  0.97665842086113797     
    12980274           3   1.2203431647238223     
    12980535           1  0.80218136781243821     
    12980535           2   1.1816290040588011     
    12980535           3   1.0161896281287608     
    12980856           1   1.4137175244690301     
    12980856           2   1.0548675773936800     
    12980856           3  0.53141489813728970     
    12980956           1  0.80211288313652862     
    12980956           2  0.78266836168371834     
    12980956           3   1.4152187551797530     
    12981016           1   1.0665301530364035     
    12981016           2   1.0535457939314001     
    12981016           3  0.87992405303219634     
    12981336           1   1.0634893196243729     
    12981336           2   1.0666073491055326     
    12981336           3  0.86990333127009445     
    12981543           1  0.79983772130273023     
    12981543           2   1.1473304347658366     
    12981543           3   1.0528318439314333     
    12982435           1   1.3920347478344370     
    12982435           2   1.2219718299305873     
    12982435           3  0.38599342223497551     
    12982504           1  0.95410511659160591     
    12982504           2  0.76344725772107536     
    12982504           3   1.2824476256873185     
    12982538           1  0.65578588990202269     
    12982538           2   1.1418996328599722     
    12982538           3   1.2023144772380048     
    12982723           1   7.0588773259073201E-002
    12982723           2   1.4354297760327159     
    12982723           3   1.4939814507082105     
    12983239           1  0.54497709955539997     
    12983239           2  0.87081496568152228     
    12983239           3   1.5842079347630778     
    12983570           1  0.62716341089711336     
    12983570           2   1.0942544533486096     
    12983570           3   1.2785821357542770     
    12984361           1  0.89113514510117375     
    12984361           2  0.99027981732472625     
    12984361           3   1.1185850375740998     
    12985342           1   1.0449334108291448     
    12985342           2   1.0653138372504158     
    12985342           3  0.88975275192043934     
    12985414           1  0.94760557816541890     
    12985414           2  0.97486112061220997     
    12985414           3   1.0775333012223707     
    12985428           1  0.55499231248220626     
    12985428           2   1.3816476497605832     
    12985428           3   1.0633600377572106     
    12986127           1  0.46622333470714922     
    12986127           2   1.2866708745155211     
    12986127           3   1.2471057907773297     
    12986342           1  0.48477673074810795     
    12986342           2   1.1056416757939220     
    12986342           3   1.4095815934579696     
    12986571           1  0.33169228406008666     
    12986571           2   1.4268563273970334     
    12986571           3   1.2414513885428797     
    12986618           1  0.41448607652404573     
    12986618           2   1.3281940070495886     
    12986618           3   1.2573199164263660     
    12986831           1  0.44581077297144067     
    12986831           2  0.99789302419369696     
    12986831           3   1.5562962028348621     
    12987145           1  0.76366361408635797     
    12987145           2  0.85706670013519981     
    12987145           3   1.3792696857784423     
    12987237           1  0.62870642769718643     
    12987237           2   1.1493201261799575     
    12987237           3   1.2219734461228564     
    12987697           1  0.70077842803558310     
    12987697           2   1.2170783370970966     
    12987697           3   1.0821432348673203     
    12987709           1  0.57037135712385900     
    12987709           2   1.2168230982421291     
    12987709           3   1.2128055446340120     
    12987954           1   1.1973198084320109     
    12987954           2  0.89636102642049365     
    12987954           3  0.90631916514749533     
    12988269           1   1.5312926564543436     
    12988269           2  0.43940190124222778     
    12988269           3   1.0293054423034285     
    12988384           1  0.80566994708734274     
    12988384           2  0.78613919661645437     
    12988384           3   1.4081908562962029     
    12988704           1  0.99286223813470542     
    12988704           2  0.86300051856526594     
    12988704           3   1.1441372433000290     
    12988988           1  0.93402113740392345     
    12988988           2  0.92131330516195920     
    12988988           3   1.1446655574341174     
    12989085           1  0.96045975034465836     
    12989085           2   1.1446275432644732     
    12989085           3  0.89491270639086795     
    12989888           1  0.57654409807431184     
    12989888           2   1.8760636906899506     
    12989888           3  0.54739221123573756     
    12989909           1  0.96568817872859780     
    12989909           2   1.1138108149781616     
    12989909           3  0.92050100629324083     
    12990090           1   1.0443735490054169     
    12990090           2   1.0092570458221890     
    12990090           3  0.94636940517239443     
    12990311           1  0.47388562715518728     
    12990311           2   1.1215467144005333     
    12990311           3   1.4045676584442792     
    12990437           1  0.67132744321555926     
    12990437           2   1.1611740777766670     
    12990437           3   1.1674984790077738     
    12990765           1  0.67706606851915863     
    12990765           2   1.0552217686300143     
    12990765           3   1.2677121628508272     
    12990773           1   1.0416505775297638     
    12990773           2   1.0671026498456433     
    12990773           3  0.89124677262459318     
    12990787           1  0.81080389149857190     
    12990787           2   1.1132684067612670     
    12990787           3   1.0759277017401612     
    12990866           1   1.0776767957353259     
    12990866           2  0.55461595829075228     
    12990866           3   1.3677072459739217     
    12990963           1  0.84132689148992679     
    12990963           2   1.2145060300541566     
    12990963           3  0.94416707845591652     
    12991223           1  0.99033855429058371     
    12991223           2  0.86843240111558362     
    12991223           3   1.1412290445938329     
    12991334           1  0.17060294246569285     
    12991334           2   1.5820041625288535     
    12991334           3   1.2473928950054540     
    12991377           1   1.3678497603013846     
    12991377           2  0.99152013650111481     
    12991377           3  0.64063010319750024     
    12991846           1  0.54955359739527021     
    12991846           2   1.1846986966181854     
    12991846           3   1.2657477059865443     
    12992038           1   1.2099179908875357     
    12992038           2  0.57748899493125827     
    12992038           3   1.2125930141812056     
    12992145           1   1.2221019849316461     
    12992145           2  0.91491394520435454     
    12992145           3  0.86298406986399923     
    12992223           1   1.2190324515118220     
    12992223           2  0.79274769592414640     
    12992223           3  0.98821985256403122     
    12992373           1  0.76705848414772126     
    12992373           2   1.5349156479871433     
    12992373           3  0.69802586786513587     
    12992401           1  0.81025657244403504     
    12992401           2   1.4106925035254245     
    12992401           3  0.77905092403053999     
    12992468           1   1.4164611357673522     
    12992468           2  0.93389115738607942     
    12992468           3  0.64964770684656836     
    12992746           1  0.95609351929850639     
    12992746           2  0.90467858678617286     
    12992746           3   1.1392278939153211     
    12993041           1  0.92940668378846869     
    12993041           2  0.92578978254175548     
    12993041           3   1.1448035336697762     
    12993312           1  0.94958998346941281     
    12993312           2  0.91893137441546369     
    12993312           3   1.1314786421151235     
    12993371           1   1.0866528752824036     
    12993371           2  0.79699243460752955     
    12993371           3   1.1163546901100667     
    12993741           1  0.95028894342918702     
    12993741           2  0.77239288897595226     
    12993741           3   1.2773181675948611     
    12993939           1   1.2089485471481189     
    12993939           2  0.32054125516264470     
    12993939           3   1.4705101976892363     
    12994151           1  0.66109320829173657     
    12994151           2   1.3109748578639158     
    12994151           3   1.0279319338443476     
    12994423           1  0.49041487849585880     
    12994423           2   1.6300670634832544     
    12994423           3  0.87951805802088745     
    12994889           1  0.71958603994449499     
    12994889           2  0.96581130644285673     
    12994889           3   1.3146026536126483     
    12994914           1  0.94049144382588779     
    12994914           2  0.79871407829759689     
    12994914           3   1.2607944778765152     
    12995177           1   1.3819200759372177     
    12995177           2   1.2348911709112944     
    12995177           3  0.38318875315148798     
    12995227           1  0.50619673417980837     
    12995227           2  0.95944480764085349     
    12995227           3   1.5343584581793384     
    12995268           1   1.6263277044771913     
    12995268           2  0.28319365081673897     
    12995268           3   1.0904786447060697     
    12995404           1  0.94432187464454975     
    12995404           2  0.76304569064829819     
    12995404           3   1.2926324347071523     
    12995616           1  0.64470503490589337     
    12995616           2  0.94993791961481289     
    12995616           3   1.4053570454792941     
    12995725           1  0.66108690811764426     
    12995725           2   1.2025138009097349     
    12995725           3   1.1363992909726208     
    12995803           1   1.0554820808455476     
    12995803           2  0.93406532714894996     
    12995803           3   1.0104525920055025     
    12995928           1  0.93262859752386695     
    12995928           2  0.92899915780071540     
    12995928           3   1.1383722446754179     
    12995935           1   1.0409270645701989     
    12995935           2   1.2533352724631612     
    12995935           3  0.70573766296663998     
    12996127           1  0.71024816032116000     
    12996127           2   1.1868613347854691     
    12996127           3   1.1028905048933713     
    12996293           1   1.5328820429992438     
    12996293           2   1.2364466676566692     
    12996293           3  0.23067128934408729     
    12996373           1  0.66360983436172050     
    12996373           2   1.0557635192062909     
    12996373           3   1.2806266464319889     
    12996530           1  0.55188262739431559     
    12996530           2   1.1770053775080540     
    12996530           3   1.2711119950976302     
    12996541           1  0.63056977647547041     
    12996541           2   1.0947098174150611     
    12996541           3   1.2747204061094690     
    12996714           1  0.72875204929532689     
    12996714           2   1.1152464013362653     
    12996714           3   1.1560015493684079     
    12996894           1  0.83411223466242690     
    12996894           2   1.1305426200511834     
    12996894           3   1.0353451452863900     
    12997032           1  0.66535393764515927     
    12997032           2   1.0862467448013209     
    12997032           3   1.2483993175535197     
    12997038           1  0.63839094924748163     
    12997038           2   1.1503729528785998     
    12997038           3   1.2112360978739189     
    12997123           1  0.18704480771890422     
    12997123           2   1.5745435852757179     
    12997123           3   1.2384116070053779     
    12997396           1  0.49976540995173363     
    12997396           2   1.0930476739442225     
    12997396           3   1.4071869161040440     
    12997402           1   1.0048953364206952     
    12997402           2  0.93472594120336938     
    12997402           3   1.0603787223759358     
    12997481           1  0.55251745538956976     
    12997481           2   1.3754865185005098     
    12997481           3   1.0719960261099206     
    12997492           1  0.89328116701583793     
    12997492           2  0.87598902786414889     
    12997492           3   1.2307298051200133     
    12997513           1  0.94137114200643057     
    12997513           2  0.79329743385295226     
    12997513           3   1.2653314241406173     
    12997520           1   1.1648350624575354     
    12997520           2  0.85664926763058347     
    12997520           3  0.97851566991188110     
    12997639           1  0.95574133444215759     
    12997639           2  0.65183807562408658     
    12997639           3   1.3924205899337556     
    12997682           1   1.0419072852454221     
    12997682           2   1.0730430721938780     
    12997682           3  0.88504964256070007     
    12997737           1   2.1094662903999133     
    12997737           2   3.7984862488460718E-002
    12997737           3  0.85254884711162626     
    12997742           1   1.2206400179561394     
    12997742           2  0.31844885367326653     
    12997742           3   1.4609111283705944     
    12997773           1  0.67673607086254661     
    12997773           2  0.99847095046160605     
    12997773           3   1.3247929786758472     
    12997859           1  0.61929842567435389     
    12997859           2   1.1449589742167998     
    12997859           3   1.2357426001088461     
    12997886           1   1.2139670409342163     
    12997886           2  0.47365467952620677     
    12997886           3   1.3123782795395771     
    12997994           1  0.53057078775060584     
    12997994           2   1.0470598152076729     
    12997994           3   1.4223693970417213     
    12998043           1  0.61979306037741033     
    12998043           2   1.1737083960961607     
    12998043           3   1.2064985435264288     
    12998060           1  0.45652716446633496     
    12998060           2   1.1338311576049855     
    12998060           3   1.4096416779286791     
    12998067           1  0.63483271286310483     
    12998067           2   1.2853180900952854     
    12998067           3   1.0798491970416098     
    12998070           1  0.71859567610296371     
    12998070           2  0.93725527836015798     
    12998070           3   1.3441490455368783     
    12998223           1  0.53529542051525481     
    12998223           2   1.4227189678361194     
    12998223           3   1.0419856116486259     
    12998264           1  0.63097255338986646     
    12998264           2   1.1665421023823115     
    12998264           3   1.2024853442278223     
    12998393           1  0.62957000250049799     
    12998393           2   1.0971411220471587     
    12998393           3   1.2732888754523435     
    12998495           1  0.65438408902751477     
    12998495           2   1.2059599453983252     
    12998495           3   1.1396559655741603     
    12998508           1  0.84406295351582139     
    12998508           2   1.0800680902760671     
    12998508           3   1.0758689562081116     
    12998556           1  0.66532148957963899     
    12998556           2   1.0710742288287705     
    12998556           3   1.2636042815915902     
    12998588           1  0.73408137429588249     
    12998588           2  0.92877628081889774     
    12998588           3   1.3371423448852204     
    12998600           1  0.97013145712244131     
    12998600           2  0.77482079520966152     
    12998600           3   1.2550477476678972     
    12998635           1  0.95739629370061141     
    12998635           2  0.95668721401950729     
    12998635           3   1.0859164922798812     
    12998803           1   1.0292506752884807     
    12998803           2   1.0620908342623023     
    12998803           3  0.90865849044921698     
    12998816           1  0.72787805537035477     
    12998816           2   1.2280660786750979     
    12998816           3   1.0440558659545474     
    12998833           1  0.85072373856781591     
    12998833           2  0.84259180610396245     
    12998833           3   1.3066844553282220     
    12998840           1  0.96263499423272347     
    12998840           2  0.65653971378700271     
    12998840           3   1.3808252919802741     
    12998885           1  0.89864601240624420     
    12998885           2   1.1349797845352736     
    12998885           3  0.96637420305848232     
    12998904           1  0.36714775547143885     
    12998904           2   1.1885290722885606     
    12998904           3   1.4443231722400007     
    12998912           1   1.0280262891812257     
    12998912           2   1.2396389457632777     
    12998912           3  0.73233476505549633     
    12999039           1   1.0694233529535517     
    12999039           2   1.2161885847116214     
    12999039           3  0.71438806233482655     
    12999073           1  0.16441343559388041     
    12999073           2   1.4894805270326696     
    12999073           3   1.3461060373734501     
    12999088           1  0.62562480554551470     
    12999088           2   1.1566551857805587     
    12999088           3   1.2177200086739262     
    12999101           1  0.59263430581512799     
    12999101           2   1.4277384281956500     
    12999101           3  0.97962726598922212     
    12999133           1  0.54297911617497829     
    12999133           2   1.0653873671285432     
    12999133           3   1.3916335166964786     
    12999217           1  0.61903365422234180     
    12999217           2   1.3131062486995340     
    12999217           3   1.0678600970781240     
    12999243           1  0.62415240601084498     
    12999243           2   1.4152518741224864     
    12999243           3  0.96059571986666814     
    12999257           1  0.85750807240039362     
    12999257           2   1.1362376948570330     
    12999257           3   1.0062542327425732     
    12999280           1  0.91638595979565252     
    12999280           2   1.0805533600046777     
    12999280           3   1.0030606801996695     
    12999282           1   1.3168960260736504     
    12999282           2   1.0663379652836629     
    12999282           3  0.61676600864268671     
    12999303           1   1.3930523995019100     
    12999303           2  0.91845747463132010     
    12999303           3  0.68849012586677005     
    12999320           1   1.0085426475428449     
    12999320           2  0.93712276218279722     
    12999320           3   1.0543345902743577     
    12999344           1   1.0240771934237505     
    12999344           2   1.0415484544340272     
    12999344           3  0.93437435214222242     
    12999352           1  0.79865897389460505     
    12999352           2  0.79161187774220343     
    12999352           3   1.4097291483631915     
    12999402           1  0.97166582808668633     
    12999402           2  0.75454008907477643     
    12999402           3   1.2737940828385372     
    12999404           1  0.88953568093787128     
    12999404           2   1.0572874427861645     
    12999404           3   1.0531768762759641     
    12999464           1  0.64547504349558993     
    12999464           2   1.1467199776054140     
    12999464           3   1.2078049788989964     
    12999556           1   1.2526661815110443     
    12999556           2  0.67956428997292950     
    12999556           3   1.0677695285160262     
    12999577           1  0.80924919591809286     
    12999577           2  0.78963167863153849     
    12999577           3   1.4011191254503683     
    12999643           1  0.42759379175012502     
    12999643           2   1.0164094610701997     
    12999643           3   1.5559967471796752     
    12999718           1  0.63197336090879430     
    12999718           2   1.1373947672949472     
    12999718           3   1.2306318717962585     
    12999762           1  0.72085120607363951     
    12999762           2  0.77281970720648852     
    12999762           3   1.5063290867198718     
    12999804           1  0.92087432362481403     
    12999804           2   1.0882676878570674     
    12999804           3  0.99085798851811846     
    12999866           1  0.96386158177276371     
    12999866           2  0.89394090276564819     
    12999866           3   1.1421975154615880     
    12999884           1  0.61808933481182771     
    12999884           2   1.3251208933942940     
    12999884           3   1.0567897717938786     
    12999928           1  0.69127141830187411     
    12999928           2   1.1899160573410761     
    12999928           3   1.1188125243570499     
    12999982           1   1.1028771194693450     
    12999982           2  0.73970724113362651     
    12999982           3   1.1574156393970285     
    13000002           1   1.0101862471804570     
    13000002           2   1.0723651771734426     
    13000002           3  0.91744857564610005     
    13000274           1  0.80115209384883757     
    13000274           2   1.4063378899806094     
    13000274           3  0.79251001617055294     
    13000317           1   1.5270671591346325     
    13000317           2  0.85581254854417110     
    13000317           3  0.61712029232119625     
    13000328           1  0.92299020660440123     
    13000328           2   1.0926219035527849     
    13000328           3  0.98438788984281411     
    13000346           1  0.84672027729005062     
    13000346           2   1.1312415785287271     
    13000346           3   1.0220381441812223     
    13000353           1  0.53982922024884838     
    13000353           2   1.2867021265803751     
    13000353           3   1.1734686531707763     
    13000438           1  0.54679391910116848     
    13000438           2  0.87781752311068284     
    13000438           3   1.5753885577881479     
    13000468           1  0.42528645753896904     
    13000468           2   1.3068500549604225     
    13000468           3   1.2678634875006087     
    13000492           1  0.82362737525565866     
    13000492           2  0.98719460573726914     
    13000492           3   1.1891780190070724     
    13000552           1   1.2680954280085794     
    13000552           2  0.88304640922190847     
    13000552           3  0.84885816276951220     
    13000580           1   1.9224615702832641     
    13000580           2  0.22858830962249452     
    13000580           3  0.84895012009424142     
    13000581           1  0.93184702088480498     
    13000581           2  0.79180707020923957     
    13000581           3   1.2763459089059555     
    13000598           1  0.97810805166852421     
    13000598           2   1.1432567758274570     
    13000598           3  0.87863517250401879     
    13000613           1  0.51520300484616488     
    13000613           2  0.94305582282063571     
    13000613           3   1.5417411723331993     
    13000639           1   1.0275304185536656     
    13000639           2  0.98053173822691919     
    13000639           3  0.99193784321941492     
    13000655           1   1.0483186379106220     
    13000655           2  0.54590029964986198     
    13000655           3   1.4057810624395157     
    13000694           1   1.0455498305942221     
    13000694           2   1.0663063614576012     
    13000694           3  0.88814380794817716     
    13000697           1  0.84469596243829537     
    13000697           2  0.88478319616175272     
    13000697           3   1.2705208413999520     
    13000719           1  0.76729790808186549     
    13000719           2  0.90672273349175736     
    13000719           3   1.3259793584263770     
    13000727           1  0.86469480652330843     
    13000727           2   1.1135316860891387     
    13000727           3   1.0217735073875533     
    13000733           1  0.80076703500176649     
    13000733           2  0.78135513909765242     
    13000733           3   1.4178778259005809     
    13000743           1  0.93265701854804062     
    13000743           2  0.93893716218973766     
    13000743           3   1.1284058192622215     
    13000782           1   1.6309393217195642     
    13000782           2  0.31179156006736608     
    13000782           3   1.0572691182130700     
    13000795           1  0.81370613433761096     
    13000795           2  0.79398057361161778     
    13000795           3   1.3923132920507713     
    13000798           1   1.0050360146664481     
    13000798           2  0.93016452197679844     
    13000798           3   1.0647994633567541     
    13000803           1   1.0507193013650569     
    13000803           2  0.95013166547990868     
    13000803           3  0.99914903315503434     
    13000804           1  0.80520209699765244     
    13000804           2   1.0779539593052474     
    13000804           3   1.1168439436970998     
    13000826           1   1.1466641331022340     
    13000826           2  0.85373299705615613     
    13000826           3  0.99960286984161018     
    13000835           1  0.42812491971766409     
    13000835           2   1.0176719758720076     
    13000835           3   1.5542031044103284     
    13000923           1  0.97827823788270651     
    13000923           2  0.69387240154318452     
    13000923           3   1.3278493605741093     
    13000954           1   1.8637211804268452     
    13000954           2  0.40421414980328851     
    13000954           3  0.73206466976986662     
    13000971           1   1.6764692615631545     
    13000971           2  0.23674648210081167     
    13000971           3   1.0867842563360341     
    13000974           1   1.4952541440588754     
    13000974           2  0.63628401851844474     
    13000974           3  0.86846183742267979     
    13000987           1  0.73174075327247201     
    13000987           2   1.0604275320754182     
    13000987           3   1.2078317146521098     
    13001022           1  0.77272852011846305     
    13001022           2   1.0857684605839173     
    13001022           3   1.1415030192976194     
    13001037           1   1.2544847238182395     
    13001037           2  0.52641427124348583     
    13001037           3   1.2191010049382749     
    13001069           1  0.54931680917665882     
    13001069           2   1.1854808622957611     
    13001069           3   1.2652023285275800     
    13001072           1  0.17377530916329603     
    13001072           2   1.5556364885185525     
    13001072           3   1.2705882023181512     
    13001075           1   1.0212271041246148     
    13001075           2  0.97279709053302399     
    13001075           3   1.0059758053423611     
    13001084           1  0.75452363965994707     
    13001084           2  0.95012691025869978     
    13001084           3   1.2953494500813534     
    13001086           1  0.93080569916444600     
    13001086           2  0.93977798666053669     
    13001086           3   1.1294163141750173     
    13001094           1  0.80243989693409734     
    13001094           2   1.6768849952772593     
    13001094           3  0.52067510778864312     
    13001096           1  0.92995755087849874     
    13001096           2  0.92554348254672725     
    13001096           3   1.1444989665747742     
    13001103           1  0.75322620492363457     
    13001103           2   1.1367119251024820     
    13001103           3   1.1100618699738833     
    13001141           1  0.85361313820046636     
    13001141           2   1.0592745350751518     
    13001141           3   1.0871123267243816     
    13001144           1  0.66905843274486754     
    13001144           2   1.2013646045654216     
    13001144           3   1.1295769626897108     
    13001162           1  0.89800956489909889     
    13001162           2   1.0584037072828574     
    13001162           3   1.0435867278180435     
    13001179           1   1.4037982107724181     
    13001179           2   1.0474661253868633     
    13001179           3  0.54873566384071848     
    13001182           1  0.97027644311290473     
    13001182           2   1.1658966299758446     
    13001182           3  0.86382692691125096     
    13001188           1  0.83312884898643980     
    13001188           2  0.70416750428804542     
    13001188           3   1.4627036467255148     
    13001197           1  0.63423943217311252     
    13001197           2   1.0771942521071862     
    13001197           3   1.2885663157197014     
    13001205           1  0.98658124438633688     
    13001205           2  0.88710379665729144     
    13001205           3   1.1263149589563719     
    13001248           1  0.63005759677786277     
    13001248           2   1.1544322459630323     
    13001248           3   1.2155101572591049     
    13001264           1   1.9104719926740563     
    13001264           2  0.23120591170726471     
    13001264           3  0.85832209561867889     
    13001265           1  0.54099293353722566     
    13001265           2   1.0782412185111925     
    13001265           3   1.3807658479515821     
    13001277           1   1.5363669678231575     
    13001277           2   1.2335096688523119     
    13001277           3  0.23012336332453073     
    13001280           1  0.80678404540281834     
    13001280           2  0.78722628737594724     
    13001280           3   1.4059896672212342     
    13001295           1  0.60357756184826716     
    13001295           2   1.4194673995156295     
    13001295           3  0.97695503863610356     
    13001307           1   1.1928984645111624     
    13001307           2  0.93867734540852998     
    13001307           3  0.86842419008030780     
    13001312           1   1.3885860077256935     
    13001312           2   1.2341892301477777     
    13001312           3  0.37722476212652889     
    13001319           1  0.71794990697381955     
    13001319           2   1.0888478413178424     
    13001319           3   1.1932022517083385     
    13001323           1  0.61447116838532456     
    13001323           2   1.1149452993596178     
    13001323           3   1.2705835322550576     
    13001332           1  0.71428343642883096     
    13001332           2   1.3212825030997613     
    13001332           3  0.96443406047140778     
    13001342           1   1.5644775725111799     
    13001342           2   1.1207411104498848     
    13001342           3  0.31478131703893497     
    13001352           1   1.0279089909834493     
    13001352           2  0.68869225461533701     
    13001352           3   1.2833987544012135     
    13001366           1  0.62822523198626234     
    13001366           2   1.1399017649318846     
    13001366           3   1.2318730030818532     
    13001372           1  0.70108575836824694     
    13001372           2   1.1848577577515274     
    13001372           3   1.1140564838802258     
    13001376           1  0.82435791502007172     
    13001376           2  0.96469750900307161     
    13001376           3   1.2109445759768567     
    13001382           1  0.54875488485017709     
    13001382           2   1.1724875398675196     
    13001382           3   1.2787575752823030     
    13001403           1  0.66231028899204936     
    13001403           2   1.2913086637384903     
    13001403           3   1.0463810472694604     
    13001412           1   1.2126050412988079     
    13001412           2  0.32855676922269961     
    13001412           3   1.4588381894784925     
    13001413           1  0.76901455254082629     
    13001413           2   1.1755863338408752     
    13001413           3   1.0553991136182990     
    13001417           1  0.61310544667920286     
    13001417           2   1.1124672254078734     
    13001417           3   1.2744273279129239     
    13001443           1  0.99766653386332882     
    13001443           2   1.1321976451392104     
    13001443           3  0.87013582099746045     
    13001450           1  0.94315086282920435     
    13001450           2  0.92163352425437328     
    13001450           3   1.1352156129164224     
    13001475           1  0.85838902719637344     
    13001475           2  0.82296498888603542     
    13001475           3   1.3186459839175912     
    13001479           1   1.5519611671760549     
    13001479           2  0.86786369200929270     
    13001479           3  0.58017514081465260     
    13001480           1  0.94671617323382240     
    13001480           2  0.97142301782718832     
    13001480           3   1.0818608089389889     
    13001484           1  0.84503032357657237     
    13001484           2   1.3923397984239847     
    13001484           3  0.76262987799944282     
    13001488           1   1.6688949639971484     
    13001488           2   1.1977435087475559     
    13001488           3  0.13336152725529571     
    13001491           1  0.84015149772930808     
    13001491           2   1.1073541514468199     
    13001491           3   1.0524943508238722     
    13001493           1   1.0585358042928528     
    13001493           2   1.0422894337162905     
    13001493           3  0.89917476199085700     
    13001497           1  0.83025427717162437     
    13001497           2   1.2611486930775542     
    13001497           3  0.90859702975082135     
    13001500           1  0.87770318575913708     
    13001500           2   1.1077891658546697     
    13001500           3   1.0145076483861932     
    13001504           1  0.80703427408442208     
    13001504           2   1.4170129989252500     
    13001504           3  0.77595272699032791     
    13001506           1   1.3026783397512394     
    13001506           2  0.88493366894361136     
    13001506           3  0.81238799130514938     
    13001507           1  0.81724327104913685     
    13001507           2  0.78492888306189001     
    13001507           3   1.3978278458889730     
    13001511           1  0.96659908990149712     
    13001511           2   1.1041087010488211     
    13001511           3  0.92929220904968179     
    13001516           1   1.0949504798283356     
    13001516           2  0.98707190192808447     
    13001516           3  0.91797761824358004     
    13001523           1   1.0433755963609115     
    13001523           2  0.96578185540384298     
    13001523           3  0.99084254823524520     
    13001524           1   1.4411040711821352     
    13001524           2  0.66134159240353563     
    13001524           3  0.89755433641432925     
    13001526           1   1.0303778091300584     
    13001526           2   1.0508331410237033     
    13001526           3  0.91878904984623810     
    13001534           1  0.27232256228999735     
    13001534           2   1.4431302364651437     
    13001534           3   1.2845472012448593     
    13001537           1   1.1615550902596219     
    13001537           2  0.86481985424128283     
    13001537           3  0.97362505549909528     
    13001542           1   1.0651645001962726     
    13001542           2   1.0542899368038376     
    13001542           3  0.88054556299988995     
    13001543           1  0.98835021020793734     
    13001543           2  0.86494053609398946     
    13001543           3   1.1467092536980732     
    13001544           1   1.5537771286239517     
    13001544           2  0.78686358614745966     
    13001544           3  0.65935928522858855     
    13001553           1  0.89567585039562869     
    13001553           2   1.0653198708184968     
    13001553           3   1.0390042787858742     
    13001561           1  0.73426745385837233     
    13001561           2  0.89799501831746731     
    13001561           3   1.3677375278241606     
    13001562           1   1.0410834747182647     
    13001562           2   1.0588448712585765     
    13001562           3  0.90007165402315881     
    13001568           1  0.56521703525795175     
    13001568           2   1.3518324545542446     
    13001568           3   1.0829505101878039     
    13001572           1  0.52699636883630541     
    13001572           2   1.2333553186453927     
    13001572           3   1.2396483125183020     
    13001579           1   1.0177183501400406     
    13001579           2   1.0806256786436930     
    13001579           3  0.90165597121626628     
    13001583           1   1.0329924079805375     
    13001583           2  0.68052132545225053     
    13001583           3   1.2864862665672123     
    13001585           1  0.99450997262207275     
    13001585           2  0.86509511708525633     
    13001585           3   1.1403949102926711     
    13001586           1   1.0446411127285844     
    13001586           2  0.54994841472266942     
    13001586           3   1.4054104725487466     
    13001598           1  0.93335915233835021     
    13001598           2  0.81122144956229647     
    13001598           3   1.2554193980993531     
    13001605           1  0.98894301258381079     
    13001605           2   1.0958229494895098     
    13001605           3  0.91523403792667990     
    13001607           1  0.65581968713040240     
    13001607           2   1.1136700482885944     
    13001607           3   1.2305102645810031     
    13001634           1  0.96835980845130254     
    13001634           2  0.73003231253868606     
    13001634           3   1.3016078790100110     
    13001635           1  0.95132484919685401     
    13001635           2  0.96106906423133043     
    13001635           3   1.0876060865718158     
    13001640           1   1.1009861865069559     
    13001640           2   1.6132367334330298     
    13001640           3  0.28577708006001473     
    13001642           1   1.2171997364712126     
    13001642           2  0.31906455465915118     
    13001642           3   1.4637357088696361     
    13001644           1  0.61535553219139094     
    13001644           2   1.1475828856809089     
    13001644           3   1.2370615821277000     
    13001645           1  0.82716317650456106     
    13001645           2  0.95578191730076767     
    13001645           3   1.2170549061946714     
    13001649           1  0.97086380396356442     
    13001649           2   1.0166802360414591     
    13001649           3   1.0124559599949763     
    13001651           1  0.49945498418460599     
    13001651           2   1.1129788407162116     
    13001651           3   1.3875661750991828     
    13001655           1   1.0054764534645211     
    13001655           2  0.78173076470558345     
    13001655           3   1.2127927818298960     
    13001658           1  0.69128946312164286     
    13001658           2  0.94467294172496852     
    13001658           3   1.3640375951533883     
    13001659           1  0.82983259575486557     
    13001659           2   1.1109277229777461     
    13001659           3   1.0592396812673881     
    13001663           1   1.0155453815121733     
    13001663           2  0.92279934160855426     
    13001663           3   1.0616552768792724     
    13001666           1   1.3964025185094155     
    13001666           2  0.46118197122495636     
    13001666           3   1.1424155102656284     
    13001668           1  0.96005953918221854     
    13001668           2  0.87893837558738075     
    13001668           3   1.1610020852304008     
    13001669           1   1.3148311451968908     
    13001669           2  0.33430979617884904     
    13001669           3   1.3508590586242601     
    13001670           1   1.0369213399222408     
    13001670           2   1.1103458850578567     
    13001670           3  0.85273277501990274     
    13001672           1  0.95557151504987770     
    13001672           2  0.65023626705090209     
    13001672           3   1.3941922178992205     
    13001673           1   1.5824189744861106     
    13001673           2  0.78472704567533214     
    13001673           3  0.63285397983855718     
    13001674           1   1.2218093343584311     
    13001674           2  0.91441577689563780     
    13001674           3  0.86377488874593089     
    13001675           1   1.0703042721407030     
    13001675           2   1.0205242239224679     
    13001675           3  0.90917150393682933     
    13001677           1   1.0170991233059079     
    13001677           2   1.1212096991362430     
    13001677           3  0.86169117755784963     
    13001679           1  0.88835694180721358     
    13001679           2   1.2584484492709505     
    13001679           3  0.85319460892183607     
    13001680           1  0.67213128034929071     
    13001680           2   1.1797106908001882     
    13001680           3   1.1481580288505211     
    13001681           1   1.2184014134981329     
    13001681           2  0.31578700598769976     
    13001681           3   1.4658115805141672     
    13001682           1  0.61654101818996920     
    13001682           2   1.1610163613220144     
    13001682           3   1.2224426204880163     
    13001683           1  0.50886754470955120     
    13001683           2  0.93145904928499701     
    13001683           3   1.5596734060054520     
    13001684           1  0.82276221918384240     
    13001684           2  0.73273456879526222     
    13001684           3   1.4445032120208952     
    13001686           1   1.0613444488992119     
    13001686           2   1.0370949819079467     
    13001686           3  0.90156056919284111     
    13001688           1  0.94898230036153208     
    13001688           2  0.82906860382287395     
    13001688           3   1.2219490958155939     
    13001689           1  0.75061456673109228     
    13001689           2  0.89368391954084969     
    13001689           3   1.3557015137280584     
    13001690           1   1.0696145544342102     
    13001690           2   1.0918541267086310     
    13001690           3  0.83853131885715848     
    13001692           1  0.48979524526822871     
    13001692           2   1.6155475014085134     
    13001692           3  0.89465725332325774     
    13001693           1   1.2877292581772846     
    13001693           2  0.68494825650992863     
    13001693           3   1.0273224853127869     
    13001695           1   1.2471005404346400     
    13001695           2  0.57686109776620631     
    13001695           3   1.1760383617991539     
    13001696           1  0.71878692434333902     
    13001696           2   1.3108449605148356     
    13001696           3  0.97036811514182530     
    13001697           1  0.96666199801979702     
    13001697           2   1.0175092517548399     
    13001697           3   1.0158287502253636     
    13001698           1  0.80739557177098720     
    13001698           2  0.78139743746026002     
    13001698           3   1.4112069907687521     
    13001699           1   1.2363091147502585     
    13001699           2  0.84266075581245692     
    13001699           3  0.92103012943728402     
    13001700           1  0.79994883549528428     
    13001700           2  0.75795484827024351     
    13001700           3   1.4420963162344722     
    13001701           1  0.96268336796705845     
    13001701           2   1.1481982314346222     
    13001701           3  0.88911840059831948     
    13001702           1  0.60721189333018133     
    13001702           2   1.1983723709925476     
    13001702           3   1.1944157356772711     
